9.187278896570205688e-02
1.784232407808303833e-01
3.004115223884582520e-01
4.878048896789550781e-01
5.454545617103576660e-01
5.810810923576354980e-01
6.042402982711791992e-01
6.416382193565368652e-01
7.020547986030578613e-01
6.767676472663879395e-01
7.026143670082092285e-01
6.843853592872619629e-01
6.766666769981384277e-01
7.142857313156127930e-01
7.062706351280212402e-01
7.449664473533630371e-01
7.220447063446044922e-01
7.641196250915527344e-01
7.702265381813049316e-01
7.443365454673767090e-01
7.748344540596008301e-01
7.467105388641357422e-01
7.689769268035888672e-01
7.570093274116516113e-01
7.656765580177307129e-01
7.903226017951965332e-01
8.025889992713928223e-01
7.717041969299316406e-01
8.208469152450561523e-01
8.104575276374816895e-01
8.178913593292236328e-01
8.158730268478393555e-01
8.242811560630798340e-01
8.456591367721557617e-01
7.928802371025085449e-01
8.296530246734619141e-01
8.306709527969360352e-01
8.322784900665283203e-01
8.284789919853210449e-01
8.482972383499145508e-01
8.627451062202453613e-01
8.539682626724243164e-01
8.169934749603271484e-01
8.248407840728759766e-01
8.333333134651184082e-01
8.401253819465637207e-01
8.504672646522521973e-01
8.291925191879272461e-01
8.503184914588928223e-01
8.761609792709350586e-01
8.687499761581420898e-01
8.522012829780578613e-01
8.702531456947326660e-01
8.847352266311645508e-01
8.846153616905212402e-01
8.746081590652465820e-01
8.730158805847167969e-01
8.864353299140930176e-01
8.923076987266540527e-01
8.990536332130432129e-01
8.888888955116271973e-01
8.812500238418579102e-01
8.558282256126403809e-01
8.927444815635681152e-01
8.860759735107421875e-01
8.773006200790405273e-01
9.038461446762084961e-01
9.122257232666015625e-01
8.854489326477050781e-01
9.065420627593994141e-01
8.993710875511169434e-01
8.953846096992492676e-01
8.818181753158569336e-01
8.750000000000000000e-01
9.090909361839294434e-01
9.245283007621765137e-01
8.929663896560668945e-01
9.161490797996520996e-01
8.944099545478820801e-01
8.926380276679992676e-01
9.018405079841613770e-01
9.250000119209289551e-01
9.076923131942749023e-01
9.197530746459960938e-01
9.021406769752502441e-01
9.189189076423645020e-01
9.230769276618957520e-01
9.113149642944335938e-01
9.320987462997436523e-01
9.171779155731201172e-01
9.202454090118408203e-01
9.196428656578063965e-01
9.333333373069763184e-01
9.274924397468566895e-01
9.024389982223510742e-01
9.261538386344909668e-01
9.436202049255371094e-01
9.272727370262145996e-01
9.207317233085632324e-01
9.281437397003173828e-01
9.134328365325927734e-01
9.491018056869506836e-01
9.325153231620788574e-01
9.101796150207519531e-01
9.548192620277404785e-01
9.607250690460205078e-01
9.184290170669555664e-01
9.459459185600280762e-01
9.456193447113037109e-01
9.186747074127197266e-01
9.395770430564880371e-01
9.489489197731018066e-01
9.486404657363891602e-01
9.432835578918457031e-01
9.404761791229248047e-01
9.582089781761169434e-01
9.439527988433837891e-01
9.520958065986633301e-01
9.615384340286254883e-01
9.467455744743347168e-01
9.369369149208068848e-01
9.610778689384460449e-01
9.437869787216186523e-01
9.410029649734497070e-01
9.492537379264831543e-01
9.614243507385253906e-01
9.497041702270507812e-01
9.762611389160156250e-01
9.583333134651184082e-01
9.553571343421936035e-01
9.556213021278381348e-01
9.791044592857360840e-01
9.472140669822692871e-01
9.850299358367919922e-01
9.467455744743347168e-01
9.705882072448730469e-01
9.404761791229248047e-01
9.526627063751220703e-01
9.321534037590026855e-01
9.558823704719543457e-01
9.556213021278381348e-01
9.648093581199645996e-01
9.762611389160156250e-01
9.764705896377563477e-01
9.940828680992126465e-01
9.735293984413146973e-01
9.732937812805175781e-01
9.794721603393554688e-01
9.549549818038940430e-01
9.617646932601928711e-01
