9.610389471054077148e-01
9.836601018905639648e-01
9.740820527076721191e-01
9.826652407646179199e-01
9.774678349494934082e-01
9.870129823684692383e-01
9.839055538177490234e-01
9.913978576660156250e-01
9.795037508010864258e-01
9.795479178428649902e-01
9.828141927719116211e-01
9.827957153320312500e-01
9.913886189460754395e-01
9.924973249435424805e-01
9.849462509155273438e-01
9.870828986167907715e-01
9.871657490730285645e-01
9.870550036430358887e-01
9.849785566329956055e-01
9.903329610824584961e-01
9.924650192260742188e-01
9.839572310447692871e-01
9.967845678329467773e-01
9.967880249023437500e-01
1.000000000000000000e+00
9.989281892776489258e-01
9.850267171859741211e-01
9.805825352668762207e-01
9.730603694915771484e-01
9.763185977935791016e-01
9.935759902000427246e-01
9.978540539741516113e-01
9.967776536941528320e-01
9.935691356658935547e-01
9.881592988967895508e-01
9.849462509155273438e-01
9.978517889976501465e-01
9.989293217658996582e-01
9.989281892776489258e-01
9.914346933364868164e-01
9.806659221649169922e-01
9.892703890800476074e-01
9.946351647377014160e-01
9.914346933364868164e-01
9.967776536941528320e-01
9.924812316894531250e-01
9.914438724517822266e-01
9.957035183906555176e-01
9.892818927764892578e-01
9.796137213706970215e-01
