8.979591727256774902e-01
9.416909813880920410e-01
9.571428298950195312e-01
9.478260874748229980e-01
9.431818127632141113e-01
9.342857003211975098e-01
9.715909361839294434e-01
9.691876769065856934e-01
9.546742439270019531e-01
9.803370833396911621e-01
9.689265489578247070e-01
9.661017060279846191e-01
9.719101190567016602e-01
9.859550595283508301e-01
9.529085755348205566e-01
9.747899174690246582e-01
9.608938694000244141e-01
9.654178619384765625e-01
9.916201233863830566e-01
9.887955188751220703e-01
9.831460714340209961e-01
9.582172632217407227e-01
9.719101190567016602e-01
9.551820755004882812e-01
9.693593382835388184e-01
9.887640476226806641e-01
9.887005686759948730e-01
9.888888597488403320e-01
9.860724210739135742e-01
9.665738344192504883e-01
9.888268113136291504e-01
1.000000000000000000e+00
1.000000000000000000e+00
1.000000000000000000e+00
1.000000000000000000e+00
9.972144961357116699e-01
8.888888955116271973e-01
9.687500000000000000e-01
9.716714024543762207e-01
9.860334992408752441e-01
1.000000000000000000e+00
1.000000000000000000e+00
1.000000000000000000e+00
1.000000000000000000e+00
1.000000000000000000e+00
1.000000000000000000e+00
1.000000000000000000e+00
1.000000000000000000e+00
1.000000000000000000e+00
1.000000000000000000e+00
