3.330965862529754878e-02
2.099977534497743034e-02
1.834241824647142236e-02
1.245214281852966877e-02
1.112089495052314206e-02
1.152391329491429632e-02
1.084629118633646631e-02
1.026041180704313077e-02
6.897351997039052364e-03
7.042216951346667690e-03
4.394747006350467958e-03
6.316410935363158188e-03
1.156419089329947282e-02
6.698301885580438229e-03
5.850147640857078328e-03
8.136939172003919071e-03
3.836013468727634927e-03
2.590024195907955889e-03
8.398724762222170570e-03
7.706156388167376310e-03
7.428106687297522139e-03
3.651110437086960321e-03
3.813726129435675641e-03
3.621460124084057656e-03
4.985142246618873459e-03
6.170819873563538477e-03
4.231350270600489974e-03
6.743351557199074933e-03
4.621108867890575018e-03
4.848236563288413868e-03
2.129821441374178149e-03
8.216406573396214941e-03
3.078514661802299671e-03
3.168199170869737211e-03
2.944930250732323909e-03
4.039926812393494597e-03
4.154892786533495759e-03
7.225927928557088036e-03
5.784824044081516257e-03
2.884228520029918398e-03
1.864705000152029352e-03
2.662949596453699757e-03
6.458501372047023570e-03
7.030718742940736746e-03
4.128604742513928075e-03
1.978639156510583058e-03
3.608946278727561785e-04
3.195919470801785876e-04
2.527416772845532140e-04
1.953231963780676294e-04
