1.590596362573813705e-02
9.372567864712416305e-03
1.930960585352161155e-02
9.053283910457584835e-03
9.930236002206903334e-03
2.779266599413902916e-02
7.958822554006119571e-03
6.636661929594570020e-03
5.079143119725976901e-03
3.321717383427296583e-02
9.802285291489262406e-03
6.260357007111544241e-03
3.564546362204990427e-03
1.631633814047415152e-03
2.523246367034986254e-02
2.432997497298865566e-02
4.767129490598833418e-03
3.965306642281040891e-03
1.022761833502264066e-02
2.043768959363349152e-02
7.498612614324415108e-03
1.349210180445154124e-02
8.012009117766331900e-03
4.463237143567481795e-03
1.687911041008386889e-02
1.181912826396605901e-02
7.812627743548843096e-03
1.615179783655615320e-02
8.143292641376630517e-03
3.970746535582847861e-03
1.606650907127267838e-02
1.779195528429397197e-02
3.424014593451797650e-03
9.905359868132746111e-04
1.081724134820091559e-03
2.471605603200692849e-02
1.053425876874429339e-02
1.780018667863047035e-02
7.882684915025545830e-03
6.372475879619049315e-03
1.389430686017324376e-02
1.441840931042470339e-02
5.770925250383499190e-03
9.778418075812193855e-03
1.035864892180743228e-02
1.023914660140824544e-02
4.126933390564842784e-03
3.079820066855611365e-03
9.720939186043315791e-03
1.124776600132392987e-02
