9.764903187751770020e-01
9.865940213203430176e-01
9.694305062294006348e-01
9.890893697738647461e-01
9.870129823684692383e-01
9.578815698623657227e-01
9.899749159812927246e-01
9.899749159812927246e-01
9.937343597412109375e-01
9.517819881439208984e-01
9.853678941726684570e-01
9.912317395210266113e-01
9.962437152862548828e-01
9.991652965545654297e-01
9.647207260131835938e-01
9.684741497039794922e-01
9.937474131584167480e-01
9.954109191894531250e-01
9.832776188850402832e-01
9.714045524597167969e-01
9.899623394012451172e-01
9.815745353698730469e-01
9.874686598777770996e-01
9.933110475540161133e-01
9.777870774269104004e-01
9.849874973297119141e-01
9.895222187042236328e-01
9.736180901527404785e-01
9.887170791625976562e-01
9.941642284393310547e-01
9.782699346542358398e-01
9.732105731964111328e-01
9.966596961021423340e-01
9.995830059051513672e-01
9.991663098335266113e-01
9.689466953277587891e-01
9.874371886253356934e-01
9.769198298454284668e-01
9.887170791625976562e-01
9.903765916824340820e-01
9.782790541648864746e-01
9.798826575279235840e-01
9.916422963142395020e-01
9.886792302131652832e-01
9.870129823684692383e-01
9.845768809318542480e-01
9.958246350288391113e-01
9.966638684272766113e-01
9.857859611511230469e-01
9.849561452865600586e-01
