9.695706367492675781e-01
9.816589951515197754e-01
9.649854302406311035e-01
9.824926853179931641e-01
9.820758700370788574e-01
9.574822783470153809e-01
9.879116415977478027e-01
9.879116415977478027e-01
9.916632175445556641e-01
9.462276101112365723e-01
9.824926853179931641e-01
9.895789623260498047e-01
9.949979186058044434e-01
9.979158043861389160e-01
9.574822783470153809e-01
9.604001641273498535e-01
9.937474131584167480e-01
9.945811033248901367e-01
9.804084897041320801e-01
9.629012346267700195e-01
9.866611361503601074e-01
9.770737886428833008e-01
9.854105710983276367e-01
9.904126524925231934e-01
9.724885225296020508e-01
9.845768809318542480e-01
9.841600656509399414e-01
9.691538214683532715e-01
9.862442612648010254e-01
9.941642284393310547e-01
9.758232831954956055e-01
9.691538214683532715e-01
9.949979186058044434e-01
9.991663098335266113e-01
9.991663098335266113e-01
9.624843597412109375e-01
9.829095602035522461e-01
9.704043269157409668e-01
9.862442612648010254e-01
9.866611361503601074e-01
9.762400984764099121e-01
9.745727181434631348e-01
9.891621470451354980e-01
9.829095602035522461e-01
9.820758700370788574e-01
9.845768809318542480e-01
9.941642284393310547e-01
9.962484240531921387e-01
9.829095602035522461e-01
9.824926853179931641e-01
