19
[0.08861839525983732, 0.90909094, 0.9160305]

21
[0.08311296242571724, 0.9375, 0.9160305]

23
[0.12866328400256524, 0.93043476, 0.8167939]

25
[0.1324271445450127, 0.8251748, 0.90076333]

27
[0.05439050286001163, 0.9461538, 0.9389313]

29
[0.05957410050853198, 0.96062994, 0.9312977]

31
[0.09208260402608939, 0.9430894, 0.8854962]

33
[0.06858493090540017, 0.9375, 0.9160305]

vote:
accuracy= 0.9750406945198047
precision= 0.7575757575757576
recall= 0.9541984732824428
f1= 0.8445945945945946

probability:
accuracy= 0.9913185024416712
precision= 0.96
recall= 0.916030534351145
f1= 0.9375

vote:
accuracy= 0.9750406945198047
precision= 0.7575757575757576
recall= 0.9541984732824428
f1= 0.8445945945945946

probability:
accuracy= 0.9913185024416712
precision= 0.96
recall= 0.916030534351145
f1= 0.9375

