19
[0.06701557229490818, 0.9586777, 0.8854962]

21
[0.10699528269368672, 0.85211265, 0.9236641]

23
[0.10640928399866842, 0.8561151, 0.90839696]

25
[0.10031203249276363, 0.9508197, 0.8854962]

27
[0.14733087347857796, 0.8731343, 0.89312977]

29
[0.08632894474820993, 0.9312977, 0.9312977]

31
[0.14750714319931446, 0.8712121, 0.8778626]

33
[0.09715308032311373, 0.9512195, 0.89312977]

vote:
accuracy= 0.9744981009224091
precision= 0.7592592592592593
recall= 0.9389312977099237
f1= 0.8395904436860069

probability:
accuracy= 0.989148128052089
precision= 0.9512195121951219
recall= 0.8931297709923665
f1= 0.9212598425196851

vote:
accuracy= 0.9744981009224091
precision= 0.7592592592592593
recall= 0.9389312977099237
f1= 0.8395904436860069

probability:
accuracy= 0.989148128052089
precision= 0.9512195121951219
recall= 0.8931297709923665
f1= 0.9212598425196851

