19
[0.11242815951032971, 0.88235295, 0.9160305]

21
[0.13819751162658034, 0.90839696, 0.90839696]

23
[0.1302213081882835, 0.88188976, 0.8549618]

25
[0.1604105116258392, 0.9607843, 0.7480916]

27
[0.07481999609559245, 0.96, 0.9160305]

29
[0.09158029345890514, 0.93798447, 0.9236641]

31
[0.06988799198293362, 0.9147287, 0.90076333]

33
[0.15492845791268475, 0.91803277, 0.8549618]

vote:
accuracy= 0.9728703201302225
precision= 0.7454545454545455
recall= 0.9389312977099237
f1= 0.8310810810810811

probability:
accuracy= 0.989148128052089
precision= 0.9743589743589743
recall= 0.8702290076335878
f1= 0.9193548387096775

vote:
accuracy= 0.9728703201302225
precision= 0.7454545454545455
recall= 0.9389312977099237
f1= 0.8310810810810811

probability:
accuracy= 0.989148128052089
precision= 0.9743589743589743
recall= 0.8702290076335878
f1= 0.9193548387096775

