19
[0.05846845474608578, 0.89285713, 0.9541985]

21
[0.08134862541246854, 0.96, 0.9160305]

23
[0.09117368385218472, 0.936, 0.89312977]

25
[0.10994763962019435, 0.8705036, 0.9236641]

27
[0.061919839731081554, 0.9402985, 0.96183205]

29
[0.05832255971671056, 0.9097744, 0.9236641]

31
[0.036989616431251406, 0.96899223, 0.9541985]

33
[0.08552898152044616, 0.86206895, 0.9541985]

vote:
accuracy= 0.9728703201302225
precision= 0.7288135593220338
recall= 0.9847328244274809
f1= 0.8376623376623377

probability:
accuracy= 0.9972870320130223
precision= 0.9921875
recall= 0.9694656488549618
f1= 0.9806949806949806

vote:
accuracy= 0.9728703201302225
precision= 0.7288135593220338
recall= 0.9847328244274809
f1= 0.8376623376623377

probability:
accuracy= 0.9972870320130223
precision= 0.9921875
recall= 0.9694656488549618
f1= 0.9806949806949806

