19
[0.05785550043601856, 0.9015151, 0.90839696]

21
[0.07263852278027345, 0.8913044, 0.9389313]

23
[0.08529520670899023, 0.8832117, 0.9236641]

25
[0.10558213131038378, 0.8939394, 0.90076333]

27
[0.04567363449411262, 0.9104478, 0.9312977]

29
[0.04847333216607647, 0.91366905, 0.9694657]

31
[0.08588049518337601, 0.9230769, 0.9160305]

33
[0.10067615722727012, 0.95614034, 0.83206105]

vote:
accuracy= 0.9766684753119913
precision= 0.7619047619047619
recall= 0.9770992366412213
f1= 0.8561872909698998

probability:
accuracy= 0.9913185024416712
precision= 0.9389312977099237
recall= 0.9389312977099237
f1= 0.9389312977099237

vote:
accuracy= 0.9766684753119913
precision= 0.7619047619047619
recall= 0.9770992366412213
f1= 0.8561872909698998

probability:
accuracy= 0.9913185024416712
precision= 0.9389312977099237
recall= 0.9389312977099237
f1= 0.9389312977099237

