1.528662443161010742e-01
3.738909959793090820e-01
5.364647507667541504e-01
6.179640889167785645e-01
6.828703880310058594e-01
7.146198749542236328e-01
7.305045723915100098e-01
7.911463975906372070e-01
7.972819805145263672e-01
7.756696343421936035e-01
7.968750000000000000e-01
8.042269349098205566e-01
8.287596106529235840e-01
8.110496997833251953e-01
8.439560532569885254e-01
8.316940069198608398e-01
8.665931820869445801e-01
8.674699068069458008e-01
8.788546323776245117e-01
8.707557320594787598e-01
8.709327578544616699e-01
8.740245103836059570e-01
8.794788122177124023e-01
8.833151459693908691e-01
8.834951519966125488e-01
8.959473967552185059e-01
8.967391252517700195e-01
9.022556543350219727e-01
8.890086412429809570e-01
9.033659100532531738e-01
8.937093019485473633e-01
9.135135412216186523e-01
9.005464315414428711e-01
9.148706793785095215e-01
9.063180685043334961e-01
9.302832484245300293e-01
9.189485311508178711e-01
9.078242182731628418e-01
9.245901703834533691e-01
9.140709042549133301e-01
9.220085740089416504e-01
9.101479649543762207e-01
9.325481653213500977e-01
9.136460423469543457e-01
9.217577576637268066e-01
9.299362897872924805e-01
9.288026094436645508e-01
9.334763884544372559e-01
9.167556166648864746e-01
9.299362897872924805e-01
9.339019060134887695e-01
9.352441430091857910e-01
9.269841313362121582e-01
9.451476931571960449e-01
9.437963962554931641e-01
9.417372941970825195e-01
9.529914259910583496e-01
9.466950893402099609e-01
9.552715420722961426e-01
9.520766735076904297e-01
9.573560953140258789e-01
9.337607026100158691e-01
9.396825432777404785e-01
9.493671059608459473e-01
9.556962251663208008e-01
9.471458792686462402e-01
9.714888930320739746e-01
9.664218425750732422e-01
9.664570093154907227e-01
9.628450274467468262e-01
9.610115885734558105e-01
9.624608755111694336e-01
9.586864113807678223e-01
9.554139971733093262e-01
9.528301954269409180e-01
9.610115885734558105e-01
9.810725450515747070e-01
9.673340320587158203e-01
9.549266099929809570e-01
9.779643416404724121e-01
9.594594836235046387e-01
9.643605947494506836e-01
9.790576100349426270e-01
9.729166626930236816e-01
9.739039540290832520e-01
9.779643416404724121e-01
9.727748632431030273e-01
9.791231751441955566e-01
9.761162996292114258e-01
9.652631282806396484e-01
9.600840210914611816e-01
9.758149385452270508e-01
9.833333492279052734e-01
9.874869585037231445e-01
9.761410951614379883e-01
9.667013287544250488e-01
9.832636117935180664e-01
9.875130057334899902e-01
9.833506941795349121e-01
9.885655045509338379e-01
9.584631323814392090e-01
9.823101162910461426e-01
9.875647425651550293e-01
9.779874086380004883e-01
9.885297417640686035e-01
9.801670312881469727e-01
9.635416865348815918e-01
9.791013598442077637e-01
9.832810759544372559e-01
9.885535836219787598e-01
9.947643876075744629e-01
9.927158951759338379e-01
9.719334840774536133e-01
9.789915680885314941e-01
9.927158951759338379e-01
1.000000000000000000e+00
9.958202838897705078e-01
9.697285890579223633e-01
9.675392508506774902e-01
9.842602014541625977e-01
9.906542301177978516e-01
9.979188442230224609e-01
9.865145087242126465e-01
9.874869585037231445e-01
9.748691320419311523e-01
9.854014515876770020e-01
9.937499761581420898e-01
9.958376884460449219e-01
9.927158951759338379e-01
9.780793190002441406e-01
9.906054139137268066e-01
9.885892271995544434e-01
9.854318499565124512e-01
9.896050095558166504e-01
9.833159446716308594e-01
9.752066135406494141e-01
9.875389337539672852e-01
9.968814849853515625e-01
9.958463311195373535e-01
9.875000119209289551e-01
9.782157540321350098e-01
9.895833134651184082e-01
1.000000000000000000e+00
1.000000000000000000e+00
1.000000000000000000e+00
9.958463311195373535e-01
9.749216437339782715e-01
9.800629615783691406e-01
9.865005016326904297e-01
9.896265268325805664e-01
