1.503268033266067505e-01
3.790849745273590088e-01
4.771241843700408936e-01
5.163398981094360352e-01
5.555555820465087891e-01
5.686274766921997070e-01
6.732026338577270508e-01
6.209150552749633789e-01
6.405228972434997559e-01
6.078431606292724609e-01
6.535947918891906738e-01
6.601307392120361328e-01
6.405228972434997559e-01
7.385621070861816406e-01
7.189542651176452637e-01
6.993464231491088867e-01
7.450980544090270996e-01
7.320261597633361816e-01
8.235294222831726074e-01
7.385621070861816406e-01
8.039215803146362305e-01
8.039215803146362305e-01
7.973856329917907715e-01
7.450980544090270996e-01
8.366013169288635254e-01
8.104575276374816895e-01
7.777777910232543945e-01
8.431372642517089844e-01
8.954248428344726562e-01
8.169934749603271484e-01
8.431372642517089844e-01
8.823529481887817383e-01
8.627451062202453613e-01
8.692810535430908203e-01
8.692810535430908203e-01
8.300653696060180664e-01
8.627451062202453613e-01
9.019607901573181152e-01
9.019607901573181152e-01
9.084967374801635742e-01
9.084967374801635742e-01
8.954248428344726562e-01
8.431372642517089844e-01
8.823529481887817383e-01
9.150326848030090332e-01
9.084967374801635742e-01
9.411764740943908691e-01
8.758170008659362793e-01
9.738562107086181641e-01
9.673202633857727051e-01
9.869281053543090820e-01
9.150326848030090332e-01
9.673202633857727051e-01
8.888888955116271973e-01
9.411764740943908691e-01
9.673202633857727051e-01
9.346405267715454102e-01
9.607843160629272461e-01
9.738562107086181641e-01
9.542483687400817871e-01
9.084967374801635742e-01
9.673202633857727051e-01
9.346405267715454102e-01
9.411764740943908691e-01
9.346405267715454102e-01
9.738562107086181641e-01
1.000000000000000000e+00
1.000000000000000000e+00
1.000000000000000000e+00
1.000000000000000000e+00
1.000000000000000000e+00
1.000000000000000000e+00
1.000000000000000000e+00
1.000000000000000000e+00
1.000000000000000000e+00
9.281045794486999512e-01
8.954248428344726562e-01
9.281045794486999512e-01
9.346405267715454102e-01
9.346405267715454102e-01
9.542483687400817871e-01
9.607843160629272461e-01
9.673202633857727051e-01
9.803921580314636230e-01
9.803921580314636230e-01
9.281045794486999512e-01
9.477124214172363281e-01
9.673202633857727051e-01
9.803921580314636230e-01
9.934640526771545410e-01
9.673202633857727051e-01
9.803921580314636230e-01
9.411764740943908691e-01
9.673202633857727051e-01
9.738562107086181641e-01
9.738562107086181641e-01
1.000000000000000000e+00
1.000000000000000000e+00
1.000000000000000000e+00
1.000000000000000000e+00
1.000000000000000000e+00
1.000000000000000000e+00
9.738562107086181641e-01
9.738562107086181641e-01
8.823529481887817383e-01
9.673202633857727051e-01
9.934640526771545410e-01
1.000000000000000000e+00
9.542483687400817871e-01
9.738562107086181641e-01
9.934640526771545410e-01
1.000000000000000000e+00
1.000000000000000000e+00
1.000000000000000000e+00
1.000000000000000000e+00
1.000000000000000000e+00
1.000000000000000000e+00
1.000000000000000000e+00
1.000000000000000000e+00
1.000000000000000000e+00
1.000000000000000000e+00
1.000000000000000000e+00
1.000000000000000000e+00
1.000000000000000000e+00
1.000000000000000000e+00
1.000000000000000000e+00
1.000000000000000000e+00
1.000000000000000000e+00
1.000000000000000000e+00
1.000000000000000000e+00
8.300653696060180664e-01
9.411764740943908691e-01
9.411764740943908691e-01
1.000000000000000000e+00
1.000000000000000000e+00
1.000000000000000000e+00
1.000000000000000000e+00
9.869281053543090820e-01
9.673202633857727051e-01
9.803921580314636230e-01
9.934640526771545410e-01
9.934640526771545410e-01
1.000000000000000000e+00
1.000000000000000000e+00
9.542483687400817871e-01
9.673202633857727051e-01
9.673202633857727051e-01
9.673202633857727051e-01
9.869281053543090820e-01
1.000000000000000000e+00
