4.258920946950075365e-02
2.683492015737968736e-02
2.078379212055092573e-02
1.246671541237658054e-02
1.544002795285137099e-02
1.088285472682304009e-02
9.153769516814016030e-03
1.380041363788435220e-02
6.938050470463762859e-03
5.458942119057068505e-03
9.300850773731487997e-03
6.913666769992412447e-03
7.677803039921133645e-03
8.154966811915593389e-03
7.389647726765021483e-03
1.437070190247788544e-02
4.345106619955740879e-03
3.450913817212449084e-03
2.279972763963063285e-03
5.360801862040236176e-03
1.130484058614714994e-02
1.727707062809648308e-02
4.685116154617390526e-03
7.376836334494540036e-03
4.189352462037659354e-03
4.179677580751104890e-03
5.052411603336593067e-03
7.024210067223680097e-03
8.182603372468044353e-03
6.427215639042993880e-03
8.435194340149762549e-03
4.737166410827741737e-03
3.688727873610946756e-03
5.833628702944911905e-03
2.271233187725818937e-03
4.837014260756247047e-03
4.804518846833577897e-03
5.032396170914824572e-03
1.230900406750053133e-02
1.283194044048666625e-02
1.510050929531657135e-03
1.204723043462399903e-03
1.130420725569381739e-03
1.080565527529071986e-03
1.068175765866525347e-03
1.059287054765417581e-03
1.041931043697757716e-03
1.028677738453143880e-03
1.013469182527415189e-03
9.955012338247208516e-04
