9.511930346488952637e-01
9.598698616027832031e-01
9.761129021644592285e-01
9.836956262588500977e-01
9.772973060607910156e-01
9.774919748306274414e-01
9.881337881088256836e-01
9.815818071365356445e-01
9.902912378311157227e-01
9.914070963859558105e-01
9.870129823684692383e-01
9.945945739746093750e-01
9.860664606094360352e-01
9.902808070182800293e-01
9.881592988967895508e-01
9.805194735527038574e-01
9.967707395553588867e-01
9.957035183906555176e-01
9.978563785552978516e-01
9.914346933364868164e-01
9.773706793785095215e-01
9.711538553237915039e-01
9.924892783164978027e-01
9.849785566329956055e-01
9.903537034988403320e-01
9.903537034988403320e-01
9.924812316894531250e-01
9.903121590614318848e-01
9.881592988967895508e-01
9.881592988967895508e-01
9.850106835365295410e-01
9.903743267059326172e-01
9.957081675529479980e-01
9.956663250923156738e-01
9.989258646965026855e-01
9.893048405647277832e-01
9.903433322906494141e-01
9.903225898742675781e-01
9.796574115753173828e-01
9.806867241859436035e-01
1.000000000000000000e+00
1.000000000000000000e+00
1.000000000000000000e+00
1.000000000000000000e+00
1.000000000000000000e+00
1.000000000000000000e+00
1.000000000000000000e+00
1.000000000000000000e+00
1.000000000000000000e+00
1.000000000000000000e+00
