2.555473663441532040e-01
7.932730294581810671e-02
6.261818602858348903e-02
5.421051230409081045e-02
4.541469317891873303e-02
4.725649385865740570e-02
4.184839500824517888e-02
3.854529798529287427e-02
3.915740031916835340e-02
3.953694091361247692e-02
3.440885151461291203e-02
3.314633156322029095e-02
3.100340120668673705e-02
2.947481864052576075e-02
3.322393332528093129e-02
3.024039393411884560e-02
2.836799583245106296e-02
3.238400737565026721e-02
2.887269532157083624e-02
2.796310013014612766e-02
2.800917327321189934e-02
2.859331746525793985e-02
2.339267238257172060e-02
2.781047120874737683e-02
2.538904637588530744e-02
2.301787354011506151e-02
2.380766962336704901e-02
2.373062528494535722e-02
2.450488335341780705e-02
2.444854160399019191e-02
2.385647799672950889e-02
2.242778538908726110e-02
1.896612504958149897e-02
1.818259458193715455e-02
1.957661739642546639e-02
2.007337054273737251e-02
1.818100059931133938e-02
1.800127773889976385e-02
1.947343791330813714e-02
1.927570300446844812e-02
1.920831819205909979e-02
1.930083887686586189e-02
1.496128812560476584e-02
1.593413548005639599e-02
1.432267190916975200e-02
1.293117127967213266e-02
1.850434429887795953e-02
1.437342043860984075e-02
1.443658205970461961e-02
1.353663449208608593e-02
1.511419209270260453e-02
1.592652305537670468e-02
1.210866624322006445e-02
1.247979363335675711e-02
1.363934594599424885e-02
1.021951897631540561e-02
1.107364100779439919e-02
1.310942317450563242e-02
1.340808859224402842e-02
1.053002287326961980e-02
1.059545407386778930e-02
1.177367215787675746e-02
9.221008138014262501e-03
1.115070924059594418e-02
1.365615615183368714e-02
9.199116741821652954e-03
8.971009761525323978e-03
1.058108626050748013e-02
6.718819396927223735e-03
8.586346254887420107e-03
1.033172452245563130e-02
1.008497076408151026e-02
1.031146538475600713e-02
1.053459654233327922e-02
7.439045957442062297e-03
8.261987791736480347e-03
6.125017257318353218e-03
8.726607792512337813e-03
7.482640193640694229e-03
7.704504465123196075e-03
7.271156900423961927e-03
5.174995430795086178e-03
7.266121929686962348e-03
8.219502129941810842e-03
7.749819297301670934e-03
6.656226301153405495e-03
4.295103275253129953e-03
6.847009512217083239e-03
4.848471758453090294e-03
6.116374429180872208e-03
4.422297096263123721e-03
4.747986557147919860e-03
6.038029204431716659e-03
7.391690138510593859e-03
4.241666189497227644e-03
4.139408165805926083e-03
4.186902238810478495e-03
4.894910770910565131e-03
3.318177785436306117e-03
6.662299815020148591e-03
5.369724233277600560e-03
3.752780890832555557e-03
5.139711664372994052e-03
5.388021268901819864e-03
4.412313264577736628e-03
5.360546701593943419e-03
3.211872052639568650e-03
3.442564155251073670e-03
1.758905567637395698e-03
3.231519860696968095e-03
4.472616790746882474e-03
4.659117946215425403e-03
4.528799570282794965e-03
3.381722347541389530e-03
4.073708674589331113e-03
3.151257315956633876e-03
4.492282731539205300e-03
3.386339489556014579e-03
2.449748318380769087e-03
3.181074369020284263e-03
3.782940072879420208e-03
5.698274001676740912e-03
3.324379101853055206e-03
2.437214855361940179e-03
2.489341281535456789e-03
5.193330121529615706e-03
4.818984006228080666e-03
2.117419138998302176e-03
2.271190255133362975e-03
1.996804073066230610e-03
1.282215842348400844e-03
2.635392723931955471e-03
3.142896166333257121e-03
2.029970162614645138e-03
4.436574883783636104e-03
3.197541338179926262e-03
1.495509055127284149e-03
2.053287790616210515e-03
1.479691932462247816e-03
2.654954078344352007e-03
5.608061680201717122e-03
4.312050544100553238e-03
2.638594412151117671e-03
3.278664926239551781e-03
1.350321524777711333e-03
1.342629623441416679e-03
2.923836525673401479e-03
1.728371844504081930e-03
4.812400486153634916e-04
1.731463091928434192e-03
