3.703610330190225397e-02
1.648506494144764967e-02
1.525294681932216553e-02
1.214493796804314019e-02
9.752424729213287832e-03
8.546130902714733565e-03
1.713288582224237883e-02
1.160343316629836551e-02
8.834850098702707460e-03
6.088621108008135212e-03
7.201737839113580425e-03
1.589475197652030422e-02
9.267935748978545565e-03
6.426923213405468828e-03
1.044680893305459553e-02
1.037232905180333724e-02
8.782478110299323307e-03
5.771730113442432621e-03
7.226941079517256242e-03
1.161809072405991725e-02
8.871268535649404902e-03
1.747806917070150040e-02
4.956038419529910227e-03
2.998464987845925016e-03
3.382701625853081710e-03
5.144367510560111066e-03
3.479657113370149355e-03
1.621601376712019163e-02
9.965340226493365344e-03
1.407714555158665407e-02
1.503653014544064498e-02
3.205556965378725340e-03
3.320415457517926494e-03
3.274629393220785181e-03
4.578560618007113982e-03
8.574070128946419123e-03
1.514423314956675135e-02
3.367465664708745553e-03
4.010757114507940667e-03
7.352242212012886566e-03
7.053516137154752091e-03
4.738011089010563982e-03
1.098128857596935258e-02
1.578766264699072580e-02
3.532168535534031643e-03
5.110891591094277042e-03
1.947526326449174104e-03
1.778898685690975898e-03
1.772439874602740276e-03
7.733615118912862303e-03
