3.030303120613098145e-02
2.317073196172714233e-01
4.673913121223449707e-01
3.199999928474426270e-01
5.142857432365417480e-01
5.145630836486816406e-01
5.673077106475830078e-01
6.391752362251281738e-01
5.752212405204772949e-01
6.388888955116271973e-01
5.925925970077514648e-01
6.990291476249694824e-01
7.029703259468078613e-01
6.470588445663452148e-01
6.727272868156433105e-01
6.822429895401000977e-01
6.851851940155029297e-01
7.333333492279052734e-01
6.818181872367858887e-01
7.500000000000000000e-01
7.678571343421936035e-01
7.889908552169799805e-01
7.699115276336669922e-01
7.068965435028076172e-01
8.425925970077514648e-01
7.719298005104064941e-01
7.894737124443054199e-01
8.070175647735595703e-01
7.586206793785095215e-01
8.017241358757019043e-01
8.448275923728942871e-01
7.711864113807678223e-01
8.119658231735229492e-01
8.347826004028320312e-01
8.508771657943725586e-01
8.632478713989257812e-01
8.521739244461059570e-01
7.321428656578063965e-01
8.672566413879394531e-01
8.376068472862243652e-01
8.434782624244689941e-01
8.608695864677429199e-01
7.863247990608215332e-01
8.461538553237915039e-01
8.655462265014648438e-01
9.298245906829833984e-01
8.583333492279052734e-01
9.316239356994628906e-01
9.224137663841247559e-01
9.043478369712829590e-01
9.391304254531860352e-01
8.389830589294433594e-01
8.898305296897888184e-01
8.991596698760986328e-01
8.823529481887817383e-01
9.152542352676391602e-01
8.999999761581420898e-01
8.965517282485961914e-01
8.833333253860473633e-01
8.916666507720947266e-01
9.008264541625976562e-01
8.595041036605834961e-01
9.411764740943908691e-01
9.032257795333862305e-01
8.916666507720947266e-01
9.083333611488342285e-01
8.888888955116271973e-01
9.333333373069763184e-01
8.934426307678222656e-01
9.406779408454895020e-01
9.035087823867797852e-01
8.823529481887817383e-01
9.256198406219482422e-01
9.166666865348815918e-01
9.159663915634155273e-01
9.411764740943908691e-01
8.999999761581420898e-01
9.256198406219482422e-01
9.750000238418579102e-01
9.173553586006164551e-01
9.512194991111755371e-01
9.268292784690856934e-01
9.750000238418579102e-01
9.834710955619812012e-01
9.075630307197570801e-01
9.917355179786682129e-01
9.918699264526367188e-01
1.000000000000000000e+00
9.918032884597778320e-01
8.235294222831726074e-01
9.268292784690856934e-01
9.333333373069763184e-01
9.669421315193176270e-01
9.834710955619812012e-01
9.338843226432800293e-01
9.750000238418579102e-01
9.672130942344665527e-01
8.709677457809448242e-01
8.823529481887817383e-01
9.750000238418579102e-01
9.435483813285827637e-01
9.745762944221496582e-01
9.435483813285827637e-01
9.105691313743591309e-01
9.834710955619812012e-01
9.672130942344665527e-01
9.672130942344665527e-01
9.512194991111755371e-01
9.754098653793334961e-01
9.583333134651184082e-01
9.274193644523620605e-01
9.756097793579101562e-01
9.674796462059020996e-01
1.000000000000000000e+00
9.504132270812988281e-01
9.579831957817077637e-01
9.661017060279846191e-01
9.672130942344665527e-01
8.951612710952758789e-01
9.499999880790710449e-01
9.166666865348815918e-01
9.421487450599670410e-01
9.917355179786682129e-01
9.834710955619812012e-01
9.918699264526367188e-01
9.836065769195556641e-01
9.754098653793334961e-01
1.000000000000000000e+00
1.000000000000000000e+00
1.000000000000000000e+00
1.000000000000000000e+00
1.000000000000000000e+00
1.000000000000000000e+00
1.000000000000000000e+00
9.098360538482666016e-01
9.224137663841247559e-01
9.159663915634155273e-01
9.349593520164489746e-01
9.508196711540222168e-01
9.836065769195556641e-01
9.669421315193176270e-01
9.917355179786682129e-01
9.833333492279052734e-01
9.512194991111755371e-01
9.243697524070739746e-01
9.586777091026306152e-01
9.918032884597778320e-01
1.000000000000000000e+00
1.000000000000000000e+00
1.000000000000000000e+00
