1.534254135438280729e-02
9.136694434029752135e-03
1.084614770446615251e-02
3.086369581990900616e-03
8.449584850987415519e-03
2.271910373286084150e-03
5.896815789796121428e-03
5.425971363282532448e-03
1.899780359926611303e-03
3.438821279610185157e-03
3.671961337947758381e-03
1.294594659108621107e-02
2.936061802534465758e-03
9.274391377937518405e-04
9.252381684260020884e-04
4.552495724190968630e-03
4.252340750569263278e-03
7.176107556419771515e-03
8.910702452290808484e-03
4.782746952163575462e-03
2.099986734986593155e-03
2.910735767442021622e-03
1.258651014490878503e-03
1.763284452636247222e-03
6.598238798134945481e-04
6.442786180788804759e-04
6.414111328638271879e-04
6.428726954019735882e-04
6.243872808469697142e-04
6.177255803951813094e-04
6.122872065385401644e-04
8.714782036819307713e-04
1.446827229728946812e-02
1.039532312185360158e-02
5.763021599955508133e-03
1.951054997149025052e-03
2.341910303921106596e-03
6.741823035483922094e-04
9.484845338740774141e-04
4.149846011345625398e-03
1.040167081686945447e-03
7.702233285296705700e-03
2.200266934039210760e-03
5.616148725427162411e-03
3.319555122840339972e-03
2.439226204643209130e-03
4.731467509050173159e-03
3.864521478590528854e-03
7.909347103063769490e-04
1.819585510587200207e-03
