9.411764740943908691e-01
9.504132270812988281e-01
9.090909361839294434e-01
9.831932783126831055e-01
9.262295365333557129e-01
9.756097793579101562e-01
9.499999880790710449e-01
9.669421315193176270e-01
9.758064746856689453e-01
9.754098653793334961e-01
9.669421315193176270e-01
9.180327653884887695e-01
9.916666746139526367e-01
9.918699264526367188e-01
1.000000000000000000e+00
9.590163826942443848e-01
9.590163826942443848e-01
9.516128897666931152e-01
9.572649598121643066e-01
9.430894255638122559e-01
9.674796462059020996e-01
9.834710955619812012e-01
9.837398529052734375e-01
9.917355179786682129e-01
1.000000000000000000e+00
1.000000000000000000e+00
1.000000000000000000e+00
1.000000000000000000e+00
1.000000000000000000e+00
1.000000000000000000e+00
1.000000000000000000e+00
1.000000000000000000e+00
9.105691313743591309e-01
9.250000119209289551e-01
9.435483813285827637e-01
9.834710955619812012e-01
9.754098653793334961e-01
1.000000000000000000e+00
1.000000000000000000e+00
9.754098653793334961e-01
9.918032884597778320e-01
9.508196711540222168e-01
9.756097793579101562e-01
9.590163826942443848e-01
9.674796462059020996e-01
9.834710955619812012e-01
9.590163826942443848e-01
9.674796462059020996e-01
1.000000000000000000e+00
9.836065769195556641e-01
