2.258382588624954224e-01
4.737638831138610840e-01
5.550458431243896484e-01
6.119480729103088379e-01
6.476991772651672363e-01
6.754697561264038086e-01
6.705524325370788574e-01
6.996448636054992676e-01
6.891139149665832520e-01
7.120285630226135254e-01
7.272727489471435547e-01
7.406073212623596191e-01
7.362858653068542480e-01
7.315950989723205566e-01
7.354282736778259277e-01
7.389060854911804199e-01
7.650972604751586914e-01
7.708867192268371582e-01
7.649422287940979004e-01
7.733739614486694336e-01
7.849898338317871094e-01
7.763691544532775879e-01
7.832238674163818359e-01
7.924811840057373047e-01
7.839599251747131348e-01
7.982854247093200684e-01
8.035982251167297363e-01
8.011987805366516113e-01
8.110716342926025391e-01
8.270487785339355469e-01
8.234117031097412109e-01
8.287568688392639160e-01
8.366633653640747070e-01
8.309081792831420898e-01
8.352586627006530762e-01
8.462316393852233887e-01
8.373943567276000977e-01
8.278243541717529297e-01
8.521996736526489258e-01
8.387725353240966797e-01
8.497512340545654297e-01
8.433734774589538574e-01
8.541973233222961426e-01
8.574247360229492188e-01
8.424926400184631348e-01
8.583984375000000000e-01
8.595641851425170898e-01
8.531842231750488281e-01
8.431938290596008301e-01
8.633540272712707520e-01
8.735026121139526367e-01
8.752408623695373535e-01
8.635271787643432617e-01
8.665071725845336914e-01
8.805899024009704590e-01
8.670766353607177734e-01
8.607176542282104492e-01
8.905353546142578125e-01
8.710900545120239258e-01
8.764204382896423340e-01
8.721203804016113281e-01
8.732860684394836426e-01
8.833643198013305664e-01
8.936269879341125488e-01
8.828490972518920898e-01
8.875932693481445312e-01
8.823529481887817383e-01
8.794227242469787598e-01
8.881118893623352051e-01
8.979779481887817383e-01
8.981009721755981445e-01
8.859770298004150391e-01
8.867403268814086914e-01
9.061922430992126465e-01
9.025827050209045410e-01
8.941823244094848633e-01
9.069767594337463379e-01
8.982664346694946289e-01
9.189066290855407715e-01
9.090497493743896484e-01
9.186992049217224121e-01
9.164785742759704590e-01
9.194934368133544922e-01
9.100314974784851074e-01
8.997772932052612305e-01
9.212880134582519531e-01
9.294587373733520508e-01
9.249665141105651855e-01
9.206420183181762695e-01
9.250221848487854004e-01
9.395824074745178223e-01
9.180616736412048340e-01
9.346001148223876953e-01
9.408438205718994141e-01
9.355263113975524902e-01
9.309138655662536621e-01
9.374727010726928711e-01
9.335680007934570312e-01
9.446623325347900391e-01
9.447084069252014160e-01
9.516128897666931152e-01
9.353727102279663086e-01
9.567099809646606445e-01
9.577221870422363281e-01
9.499352574348449707e-01
9.627089500427246094e-01
9.424645900726318359e-01
9.636752009391784668e-01
9.625967144966125488e-01
9.584937691688537598e-01
9.604255557060241699e-01
9.620144963264465332e-01
9.501915574073791504e-01
9.585469961166381836e-01
9.719507098197937012e-01
9.601526260375976562e-01
9.700295329093933105e-01
9.672200679779052734e-01
9.599325060844421387e-01
9.529860019683837891e-01
9.759086966514587402e-01
9.775993227958679199e-01
9.810844659805297852e-01
9.819175601005554199e-01
9.674693942070007324e-01
9.727577567100524902e-01
9.731092453002929688e-01
9.789473414421081543e-01
9.739714264869689941e-01
9.764210581779479980e-01
9.718132019042968750e-01
9.836956262588500977e-01
9.658947587013244629e-01
9.671302437782287598e-01
9.798826575279235840e-01
9.798149466514587402e-01
9.662873744964599609e-01
9.815745353698730469e-01
9.824341535568237305e-01
9.828164577484130859e-01
9.734401106834411621e-01
9.782153367996215820e-01
9.849624037742614746e-01
9.966555237770080566e-01
9.613282680511474609e-01
9.815358519554138184e-01
9.832285046577453613e-01
9.683811068534851074e-01
9.857262969017028809e-01
9.920634627342224121e-01
