2.141015185242573990e-02
1.537283850641306925e-02
1.155382763505785268e-02
7.587604511048778345e-03
1.230209440922258243e-02
6.092688547984852557e-03
6.896679854418208237e-03
8.720967030727617975e-03
5.560598583600580118e-03
3.071848975088896198e-03
2.945764757039115878e-03
3.147971785654870864e-03
5.464726402867293824e-03
4.053150132400856059e-03
4.516922209734770821e-03
6.462355276449617027e-03
9.154419956584097101e-03
4.929810300234106421e-03
4.601955650168535784e-03
5.647129785140531447e-03
3.305980280749539098e-03
3.707945128621230237e-03
5.412892966401265313e-03
3.179272478406984948e-03
3.030242317407362378e-03
1.637385337245325732e-03
8.569178622694446565e-03
3.366424506480941627e-03
2.703242268832695919e-03
1.816748517804658933e-03
3.633136695691918053e-03
4.726202322867153680e-03
1.716459997123339666e-03
3.996151706034486821e-03
8.059637078968118207e-03
6.814601805733505081e-03
4.933282898450526421e-03
1.572364666041412050e-03
4.002582489485295367e-03
3.010983820669904491e-03
3.214049120916025962e-03
3.798636329610365243e-03
2.185631144174569364e-03
2.889805448745588062e-03
3.346650911240108169e-03
1.230235615820007714e-03
6.504640373968407357e-03
2.280660633757773583e-03
7.085913917203345500e-03
2.671928901469480724e-03
