4.710683290524916300e-01
2.014112860077783285e-01
1.626998897725381588e-01
1.261211748846489678e-01
1.251842284596369481e-01
9.921217030374998580e-02
9.129913119067600835e-02
8.970328200821141296e-02
9.523963086070771911e-02
7.519305976639338585e-02
8.969881335474219619e-02
7.889903454460503451e-02
8.180772100959217419e-02
7.515803207680740727e-02
7.986086819620200061e-02
7.347238336821691751e-02
6.845608970642594326e-02
6.120996913622599872e-02
6.565263588414635421e-02
6.397373439519651872e-02
6.309454871739317294e-02
6.572375355733373059e-02
7.496686944883734771e-02
6.215162941614996855e-02
5.740687059470891279e-02
5.473046721918134461e-02
5.279712353941313357e-02
5.515122047942486172e-02
5.844259791044680019e-02
5.281958864052754138e-02
4.936135618366600114e-02
5.705845107101927688e-02
4.944546837005252271e-02
4.537969443057102842e-02
5.606134775584961649e-02
5.720582821908511140e-02
4.312541104742891040e-02
3.934796802746821226e-02
4.212366364344986153e-02
4.505467458511949047e-02
4.191963400510602400e-02
3.931834361990460547e-02
4.170236788453814125e-02
4.222046073289867363e-02
4.414935332559537240e-02
3.704502834239482151e-02
3.861828685874005296e-02
4.221921270669892756e-02
3.606191519025642167e-02
3.855544853000557326e-02
3.925552404168639042e-02
3.074779845348876370e-02
4.104652909219391049e-02
3.408479319566400101e-02
3.347793867949388352e-02
3.197269010682438767e-02
3.138006345240938744e-02
3.183473129045950867e-02
2.979048548616768100e-02
2.879365773300539971e-02
2.917149959319127392e-02
2.731148342123495415e-02
2.389934310811644633e-02
2.959700209519827707e-02
3.102079417105630191e-02
2.436758548271375502e-02
2.473848901720556229e-02
2.373705148696899497e-02
2.300348866061478759e-02
2.322998627799761906e-02
2.322908799499706634e-02
2.154075979172443214e-02
1.985859418173673008e-02
2.203776940290893063e-02
2.370751126647688625e-02
2.145133539711382986e-02
2.219508928591365851e-02
1.965627921749119045e-02
2.138590410863685370e-02
2.342982251049427131e-02
1.915614498334190438e-02
1.399899976765126529e-02
1.488299683669688268e-02
1.767175659285287123e-02
2.151490978144471669e-02
2.117374548879520993e-02
1.609373713863214081e-02
1.516720600359252116e-02
1.521897268752285884e-02
1.197297141086861409e-02
1.414322883581809603e-02
1.623032040783769364e-02
1.319657716667771777e-02
1.709128147688148899e-02
1.433060031089868763e-02
1.129070734624882874e-02
1.202303018334300103e-02
1.374477797418234212e-02
9.109941574264451836e-03
1.276696965072784441e-02
1.351167242115572202e-02
1.428482565422390868e-02
1.438708154334988019e-02
1.451298946605298311e-02
2.640075347427648864e-02
1.124299468395810117e-02
1.012707204054883597e-02
1.026994803607322003e-02
8.561355434338429465e-03
8.611277597572410472e-03
7.715724539001871975e-03
1.005224434690388594e-02
9.182365366334516166e-03
7.968538128918560559e-03
8.216378123521111618e-03
8.805636851132767062e-03
6.570484099238244925e-03
1.552059345353930253e-02
8.889455962256698901e-03
8.850293018073473669e-03
4.676457404554772677e-03
1.011298550596070878e-02
4.431996516131226846e-03
4.885963244190396314e-03
6.873507554264813788e-03
9.296397594597199249e-03
1.247763626114022258e-02
5.356296496633164254e-03
8.248256231179701067e-03
1.164431227492188255e-02
5.941326670032624248e-03
5.705991664430792171e-03
4.499177205746493664e-03
5.468164279852180676e-03
1.069151090226681637e-02
7.841869263006983823e-03
7.003683759663529261e-03
3.335713721333311791e-03
6.524399087978940276e-03
8.577226325854793096e-03
9.348500989614759102e-03
9.318444516143543216e-03
7.723367596655516740e-03
3.483017915042696273e-03
6.627330157204863563e-03
4.333318934951127001e-03
4.379703447328049150e-03
3.031128116919763488e-03
2.437124894287075096e-03
2.606926390538917473e-03
