5.217391252517700195e-02
1.594202965497970581e-01
2.782608568668365479e-01
4.144927561283111572e-01
4.608695507049560547e-01
5.391304492950439453e-01
5.971014499664306641e-01
5.971014499664306641e-01
5.681159496307373047e-01
6.579710245132446289e-01
5.797101259231567383e-01
6.608695387840270996e-01
6.289855241775512695e-01
6.579710245132446289e-01
6.463767886161804199e-01
6.724637746810913086e-01
6.724637746810913086e-01
7.188405990600585938e-01
6.724637746810913086e-01
7.159420251846313477e-01
7.101449370384216309e-01
6.840579509735107422e-01
6.405797004699707031e-01
6.753623485565185547e-01
7.333333492279052734e-01
7.130434513092041016e-01
7.188405990600585938e-01
7.043478488922119141e-01
6.956521868705749512e-01
7.391304373741149902e-01
7.478260993957519531e-01
7.159420251846313477e-01
7.565217614173889160e-01
7.536231875419616699e-01
7.101449370384216309e-01
7.275362610816955566e-01
7.478260993957519531e-01
7.797101736068725586e-01
7.594202756881713867e-01
7.391304373741149902e-01
7.768115997314453125e-01
7.797101736068725586e-01
7.681159377098083496e-01
7.710145115852355957e-01
7.710145115852355957e-01
7.913043498992919922e-01
7.681159377098083496e-01
7.623188495635986328e-01
8.000000119209289551e-01
7.855072617530822754e-01
7.565217614173889160e-01
8.202898502349853516e-01
7.652173638343811035e-01
8.028985261917114258e-01
8.289855122566223145e-01
8.144927620887756348e-01
8.144927620887756348e-01
8.260869383811950684e-01
8.260869383811950684e-01
8.115941882133483887e-01
8.318840861320495605e-01
8.289855122566223145e-01
8.521739244461059570e-01
8.144927620887756348e-01
8.202898502349853516e-01
8.376811742782592773e-01
8.579710125923156738e-01
8.463768362998962402e-01
8.637681007385253906e-01
8.463768362998962402e-01
8.724637627601623535e-01
8.608695864677429199e-01
8.521739244461059570e-01
8.579710125923156738e-01
8.666666746139526367e-01
8.753623366355895996e-01
8.724637627601623535e-01
8.869565129280090332e-01
8.637681007385253906e-01
8.695651888847351074e-01
8.898550868034362793e-01
9.014492630958557129e-01
9.159420132637023926e-01
8.985507488250732422e-01
8.840579986572265625e-01
8.869565129280090332e-01
9.101449251174926758e-01
9.159420132637023926e-01
9.101449251174926758e-01
9.275362491607666016e-01
8.956521749496459961e-01
9.130434989929199219e-01
9.159420132637023926e-01
8.985507488250732422e-01
9.159420132637023926e-01
9.362319111824035645e-01
9.333333373069763184e-01
9.130434989929199219e-01
9.391304254531860352e-01
9.246376752853393555e-01
9.275362491607666016e-01
9.130434989929199219e-01
9.217391014099121094e-01
9.246376752853393555e-01
8.724637627601623535e-01
9.304347634315490723e-01
9.362319111824035645e-01
9.391304254531860352e-01
9.536231756210327148e-01
9.594202637672424316e-01
9.594202637672424316e-01
9.449275135993957520e-01
9.507246613502502441e-01
9.565217494964599609e-01
9.507246613502502441e-01
9.478260874748229980e-01
9.652174115180969238e-01
9.159420132637023926e-01
9.391304254531860352e-01
9.507246613502502441e-01
9.797101616859436035e-01
9.478260874748229980e-01
9.739130139350891113e-01
9.710144996643066406e-01
9.565217494964599609e-01
9.333333373069763184e-01
9.304347634315490723e-01
9.652174115180969238e-01
9.420289993286132812e-01
9.478260874748229980e-01
9.652174115180969238e-01
9.710144996643066406e-01
9.739130139350891113e-01
9.681159257888793945e-01
9.536231756210327148e-01
9.478260874748229980e-01
9.565217494964599609e-01
9.855072498321533203e-01
9.623188376426696777e-01
9.565217494964599609e-01
9.565217494964599609e-01
9.507246613502502441e-01
9.623188376426696777e-01
9.855072498321533203e-01
9.623188376426696777e-01
9.710144996643066406e-01
9.826086759567260742e-01
9.884058237075805664e-01
9.913043379783630371e-01
9.855072498321533203e-01
