4.146749391225648118e-01
1.279485569407107781e-01
1.142158684686905984e-01
9.570224177052580328e-02
8.005092472095574896e-02
8.110838385354336710e-02
7.713866005841753248e-02
6.736584725259156525e-02
5.938261710093625800e-02
6.297523677129875097e-02
6.077610756742928000e-02
5.476627153052964631e-02
5.793772355604364516e-02
5.807785776420830437e-02
4.464321254686469398e-02
5.605921094175996683e-02
4.803248777788279161e-02
4.635752334850989226e-02
4.300044225710374091e-02
3.676333222723195820e-02
3.499789147645662735e-02
3.850680047494769304e-02
3.551597647511398059e-02
3.357457946170753355e-02
3.629376540428391057e-02
3.121345789583126681e-02
2.922333868267716628e-02
3.341518215178818779e-02
2.787022650928269729e-02
2.576702934494238748e-02
3.794261233750272078e-02
2.296600117971185628e-02
1.920268995534599871e-02
2.050871047307437425e-02
3.629439816587207851e-02
2.227462049944956002e-02
1.905449377232426231e-02
1.770191093610134353e-02
1.933815453849587612e-02
1.735996233546676856e-02
1.604753468835088542e-02
2.335407324416173200e-02
1.798002077687878286e-02
1.282862938067774045e-02
1.198942105088187000e-02
1.402731173945458674e-02
1.438015682397409539e-02
1.611258045288296858e-02
1.451788714711128511e-02
1.587931152536599042e-02
1.196987468114930377e-02
1.457194444997788989e-02
1.282541771563548878e-02
1.294184160963763978e-02
7.980189467196288980e-03
1.498869434050440104e-02
9.391713490467841138e-03
1.032639584894887684e-02
8.662667038462407501e-03
8.280133334087476718e-03
9.859425180844082551e-03
6.841172354926778471e-03
1.291217116221823891e-02
1.622646073692585525e-02
9.246305035925241750e-03
1.097678462161232743e-02
9.080540083976254562e-03
4.685842792416876866e-03
4.454951721533677821e-03
5.183767827564069938e-03
7.804204423820415744e-03
7.406282210404018136e-03
6.991631815616902897e-03
7.938341815014338804e-03
8.024734300199886164e-03
5.810189305771444948e-03
7.245093253268180059e-03
7.923641562518027315e-03
4.075661682413836764e-03
3.274304829534443323e-03
3.164154781064936004e-03
3.067454475766981641e-03
1.257037943215035848e-02
8.143315866518301485e-03
6.882998697239112347e-03
6.178050359170548372e-03
1.027241526836061500e-02
6.518752162754755039e-03
8.248778391556157302e-03
7.265590062178603134e-03
1.044088670647894644e-02
3.479632769744540541e-03
3.104768440150664551e-03
3.009467394186753162e-03
5.341462168257523312e-03
3.245658794559782342e-03
4.226160506725053917e-03
2.390774273809899257e-03
2.349883284037518425e-03
2.306357879156014680e-03
2.265614274948829759e-03
2.220469875122122860e-03
2.172759559578199117e-03
2.119985324648832568e-03
2.070015243848196112e-03
2.021705684053076713e-03
1.967079849001232648e-03
1.913858189914785122e-03
1.855711933909071076e-03
1.799756669706201531e-03
1.741262173513721118e-03
1.682511913244526475e-03
1.623034654104682723e-03
1.563204300271997266e-03
1.501287082425973186e-03
1.440709355499961153e-03
1.375506752298726217e-03
1.313456378830237100e-03
1.248387775273254339e-03
1.183106110654922032e-03
1.118065499737941034e-03
1.054951260633610549e-03
9.917430046181296716e-04
9.259814910500565027e-04
8.628115847634179212e-04
8.011685501329899413e-04
7.406038997431792096e-04
6.812121570338099423e-04
6.232991388898909179e-04
5.680318641063248882e-04
5.172530143172694456e-04
4.645092251200918327e-04
4.160962399878306828e-04
3.711652863585246896e-04
3.288500209524097264e-04
2.894722916951054438e-04
2.579410988177265464e-04
3.046150703398493864e-02
1.184660422973815748e-02
9.049102688495000435e-03
3.065840360107319629e-03
1.851689740985891681e-03
9.375889137735880091e-03
2.178043318177587308e-03
1.748018180921077002e-03
1.854923034669799225e-03
3.051404126996188596e-04
2.726261418491928074e-04
2.500236252923579731e-04
2.416450866156727992e-04
