6.293706595897674561e-02
1.888111829757690430e-01
2.517482638359069824e-01
3.846153914928436279e-01
4.475524425506591797e-01
4.265734255313873291e-01
5.104895234107971191e-01
4.965035021305084229e-01
5.594405531883239746e-01
5.034965276718139648e-01
5.944055914878845215e-01
5.804196000099182129e-01
5.874125957489013672e-01
5.524475574493408203e-01
6.713286638259887695e-01
5.944055914878845215e-01
6.503496766090393066e-01
6.853147149085998535e-01
6.853147149085998535e-01
7.412587404251098633e-01
7.622377872467041016e-01
7.552447319030761719e-01
7.692307829856872559e-01
7.622377872467041016e-01
7.342657446861267090e-01
7.762237787246704102e-01
8.251748085021972656e-01
7.692307829856872559e-01
8.111888170242309570e-01
8.461538553237915039e-01
7.202796936035156250e-01
8.461538553237915039e-01
8.741258978843688965e-01
8.741258978843688965e-01
7.342657446861267090e-01
8.461538553237915039e-01
8.671328425407409668e-01
8.741258978843688965e-01
8.811188936233520508e-01
8.951048851013183594e-01
9.160839319229125977e-01
8.461538553237915039e-01
8.811188936233520508e-01
9.230769276618957520e-01
9.440559148788452148e-01
9.020978808403015137e-01
8.881118893623352051e-01
9.160839319229125977e-01
9.020978808403015137e-01
9.020978808403015137e-01
9.370629191398620605e-01
9.090909361839294434e-01
9.300699234008789062e-01
9.230769276618957520e-01
9.790209531784057617e-01
9.160839319229125977e-01
9.580419659614562988e-01
9.370629191398620605e-01
9.510489702224731445e-01
9.650349617004394531e-01
9.300699234008789062e-01
9.790209531784057617e-01
9.300699234008789062e-01
8.951048851013183594e-01
9.510489702224731445e-01
9.370629191398620605e-01
9.580419659614562988e-01
9.930070042610168457e-01
9.930070042610168457e-01
9.790209531784057617e-01
9.650349617004394531e-01
9.370629191398620605e-01
9.650349617004394531e-01
9.580419659614562988e-01
9.370629191398620605e-01
9.720279574394226074e-01
9.650349617004394531e-01
9.580419659614562988e-01
9.860140085220336914e-01
1.000000000000000000e+00
1.000000000000000000e+00
1.000000000000000000e+00
9.300699234008789062e-01
9.440559148788452148e-01
9.720279574394226074e-01
9.650349617004394531e-01
9.300699234008789062e-01
9.720279574394226074e-01
9.510489702224731445e-01
9.440559148788452148e-01
9.300699234008789062e-01
9.930070042610168457e-01
9.930070042610168457e-01
9.930070042610168457e-01
9.650349617004394531e-01
9.930070042610168457e-01
1.000000000000000000e+00
1.000000000000000000e+00
1.000000000000000000e+00
1.000000000000000000e+00
1.000000000000000000e+00
1.000000000000000000e+00
1.000000000000000000e+00
1.000000000000000000e+00
1.000000000000000000e+00
1.000000000000000000e+00
1.000000000000000000e+00
1.000000000000000000e+00
1.000000000000000000e+00
1.000000000000000000e+00
1.000000000000000000e+00
1.000000000000000000e+00
1.000000000000000000e+00
1.000000000000000000e+00
1.000000000000000000e+00
1.000000000000000000e+00
1.000000000000000000e+00
1.000000000000000000e+00
1.000000000000000000e+00
1.000000000000000000e+00
1.000000000000000000e+00
1.000000000000000000e+00
1.000000000000000000e+00
1.000000000000000000e+00
1.000000000000000000e+00
1.000000000000000000e+00
1.000000000000000000e+00
1.000000000000000000e+00
1.000000000000000000e+00
1.000000000000000000e+00
1.000000000000000000e+00
1.000000000000000000e+00
1.000000000000000000e+00
1.000000000000000000e+00
1.000000000000000000e+00
1.000000000000000000e+00
1.000000000000000000e+00
8.111888170242309570e-01
8.811188936233520508e-01
9.230769276618957520e-01
9.580419659614562988e-01
9.720279574394226074e-01
9.300699234008789062e-01
9.650349617004394531e-01
9.860140085220336914e-01
9.790209531784057617e-01
1.000000000000000000e+00
1.000000000000000000e+00
1.000000000000000000e+00
1.000000000000000000e+00
