1.319726187127420909e-02
1.258318524050088677e-02
9.775705299002965601e-03
1.205505018900292560e-02
1.790748989271544189e-02
1.011100938046554862e-02
1.691143850136526613e-02
7.359700846951712158e-03
1.606399496091634113e-02
1.506864680026004204e-02
1.283677230230663782e-02
6.582583787747108353e-03
2.990023579614063415e-03
1.341519893304535423e-02
1.914449261979665404e-02
1.732471923178136378e-02
4.715304154384606684e-03
3.637946883779574238e-03
2.404746433429961680e-02
6.615570889749217316e-03
1.244445829081434161e-02
9.095298088468675018e-03
6.695395045454767373e-03
9.107543423458652754e-03
1.004532154516216656e-02
1.765032379344386865e-02
1.125382225344099228e-02
1.363313763694126192e-02
1.515797495420570344e-02
1.003392250972554717e-02
3.976305411728857896e-03
2.545898753151074490e-03
1.862072990972619621e-02
2.340345047642391693e-02
1.172421496630557565e-02
2.253030607251672174e-03
8.421686047560539984e-03
1.360073105149437432e-02
3.023896405780815942e-03
1.264269752142478317e-02
9.728695266381884310e-03
1.185277319386980957e-02
1.125070943227335189e-02
5.238962034326324554e-03
1.727218988581770767e-02
5.184204214593437186e-03
1.220557883244381518e-02
2.042873734171889860e-02
3.612669913824040954e-03
4.330195667259325275e-03
