9.815358519554138184e-01
9.807692170143127441e-01
9.861982464790344238e-01
9.795064926147460938e-01
9.715837836265563965e-01
9.828595519065856934e-01
9.777870774269104004e-01
9.883187413215637207e-01
9.744663238525390625e-01
9.789651036262512207e-01
9.807692170143127441e-01
9.916247725486755371e-01
9.962406158447265625e-01
9.808013439178466797e-01
9.739386439323425293e-01
9.743804931640625000e-01
9.933249950408935547e-01
9.937499761581420898e-01
9.671302437782287598e-01
9.899791479110717773e-01
9.820234179496765137e-01
9.882648587226867676e-01
9.932913780212402344e-01
9.878661036491394043e-01
9.829024076461791992e-01
9.728487730026245117e-01
9.832776188850402832e-01
9.770546555519104004e-01
9.778149724006652832e-01
9.874686598777770996e-01
9.929107427597045898e-01
9.958333373069763184e-01
9.785984158515930176e-01
9.740151166915893555e-01
9.853311181068420410e-01
9.979131817817687988e-01
9.912133812904357910e-01
9.803839921951293945e-01
9.974989295005798340e-01
9.812030196189880371e-01
9.841203689575195312e-01
9.811794161796569824e-01
9.837024807929992676e-01
9.920734167098999023e-01
9.782608747482299805e-01
9.912427067756652832e-01
9.824634790420532227e-01
9.711658954620361328e-01
9.958124160766601562e-01
9.929166436195373535e-01
