2.344182120728647081e-02
1.269715964250723271e-02
1.277174574801458184e-02
7.016277621258010765e-03
7.009744322002248694e-03
9.548813332143942303e-03
5.167590842048694344e-03
4.454368464973603239e-03
3.954475910597762822e-03
1.023407157112787152e-02
4.971551926349767996e-03
5.323630245146489248e-03
4.854557936583856273e-03
4.291294233589954855e-03
2.182848325223675934e-03
1.235267672004536615e-03
1.256198001312717983e-03
1.314036624120197908e-02
1.004238996593710860e-02
3.824442602451851372e-03
4.220436095756264182e-03
6.908379537087862982e-03
5.904712914587658540e-03
1.520897517134346850e-03
1.231085714892962788e-03
1.187956035777091570e-03
9.856680487568074932e-04
1.042795156371872272e-03
9.487318720798506829e-04
9.353012547003258619e-04
9.133368660843523999e-04
9.465441577546062626e-04
9.101708305125414105e-04
8.793495635129904746e-04
8.516714698782714083e-04
8.441052320029342757e-04
8.202347523103572201e-04
7.981112269964266495e-04
7.915797221610208073e-04
3.336944026447218048e-02
1.318988043291151671e-02
2.966558072577185363e-03
1.666441325651556562e-03
1.075401753974767304e-03
8.317993852372889373e-04
8.465306347247850615e-04
7.726327664894199875e-04
7.762520572901103260e-04
7.607538600296695225e-04
1.872162115868440842e-03
