9.352112412452697754e-01
9.572649598121643066e-01
9.521126747131347656e-01
9.769452214241027832e-01
9.801136255264282227e-01
9.657142758369445801e-01
9.800570011138916016e-01
9.885714054107666016e-01
9.914529919624328613e-01
9.631727933883666992e-01
9.829059839248657227e-01
9.829059839248657227e-01
9.801699519157409668e-01
9.859154820442199707e-01
9.943342804908752441e-01
1.000000000000000000e+00
1.000000000000000000e+00
9.546742439270019531e-01
9.742120504379272461e-01
9.914039969444274902e-01
9.774647951126098633e-01
9.719101190567016602e-01
9.828079938888549805e-01
9.971751570701599121e-01
1.000000000000000000e+00
1.000000000000000000e+00
1.000000000000000000e+00
1.000000000000000000e+00
1.000000000000000000e+00
1.000000000000000000e+00
1.000000000000000000e+00
1.000000000000000000e+00
1.000000000000000000e+00
1.000000000000000000e+00
1.000000000000000000e+00
1.000000000000000000e+00
1.000000000000000000e+00
1.000000000000000000e+00
1.000000000000000000e+00
8.945869207382202148e-01
9.403409361839294434e-01
9.914772510528564453e-01
1.000000000000000000e+00
9.971830844879150391e-01
1.000000000000000000e+00
1.000000000000000000e+00
1.000000000000000000e+00
1.000000000000000000e+00
1.000000000000000000e+00
9.971671104431152344e-01
