2.346811145544052124e-01
4.856190085411071777e-01
5.677365660667419434e-01
5.985827445983886719e-01
6.306794285774230957e-01
6.506878137588500977e-01
6.523551344871520996e-01
6.648603677749633789e-01
6.756982207298278809e-01
6.740308403968811035e-01
6.936223506927490234e-01
6.998749375343322754e-01
7.040433287620544434e-01
6.957065463066101074e-01
7.207169532775878906e-01
7.311379909515380859e-01
7.303043007850646973e-01
7.403084635734558105e-01
7.486452460289001465e-01
7.486452460289001465e-01
7.661525607109069824e-01
7.594830989837646484e-01
7.594830989837646484e-01
7.699041366577148438e-01
7.653188705444335938e-01
7.732388377189636230e-01
7.836598753929138184e-01
7.865777611732482910e-01
7.832430005073547363e-01
7.840766906738281250e-01
7.940808534622192383e-01
7.915798425674438477e-01
7.982492446899414062e-01
8.070029020309448242e-01
8.053355813026428223e-01
8.074197769165039062e-01
8.057523965835571289e-01
8.161734342575073242e-01
8.065860867500305176e-01
8.178407549858093262e-01
8.270112276077270508e-01
8.174239397048950195e-01
8.199249505996704102e-01
8.245102167129516602e-01
8.232597112655639648e-01
8.482701182365417480e-01
8.370154500007629395e-01
8.282617926597595215e-01
8.307628035545349121e-01
8.449354171752929688e-01
8.461859226226806641e-01
8.390996456146240234e-01
8.424343466758728027e-01
8.503543138504028320e-01
8.532721996307373047e-01
8.641100525856018066e-01
8.620258569717407227e-01
8.616089820861816406e-01
8.641100525856018066e-01
8.695289492607116699e-01
8.720300197601318359e-01
8.707795143127441406e-01
8.741142153739929199e-01
8.870362639427185059e-01
8.887036442756652832e-01
8.995414972305297852e-01
9.003751277923583984e-01
8.778657913208007812e-01
9.032930135726928711e-01
9.091287851333618164e-01
9.182993173599243164e-01
9.120466709136962891e-01
9.049603939056396484e-01
9.174656271934509277e-01
9.162150621414184570e-01
9.178824424743652344e-01
9.370570778846740723e-01
9.237182140350341797e-01
9.174656271934509277e-01
9.483118057250976562e-01
9.370570778846740723e-01
9.187161326408386230e-01
9.399749636650085449e-01
9.599833488464355469e-01
9.566485881805419922e-01
9.433097243309020996e-01
9.553980827331542969e-01
9.491454958915710449e-01
9.562317728996276855e-01
9.553980827331542969e-01
9.591496586799621582e-01
9.683201313018798828e-01
9.558148980140686035e-01
9.754064083099365234e-01
9.624843597412109375e-01
9.691538214683532715e-01
9.491454958915710449e-01
9.758232831954956055e-01
9.754064083099365234e-01
9.616506695747375488e-01
9.808253645896911621e-01
9.733222126960754395e-01
9.587327837944030762e-01
9.749895930290222168e-01
9.816589951515197754e-01
9.791579842567443848e-01
9.829095602035522461e-01
9.854105710983276367e-01
9.508128166198730469e-01
9.729053974151611328e-01
9.808253645896911621e-01
9.679033160209655762e-01
9.862442612648010254e-01
9.754064083099365234e-01
9.874947667121887207e-01
9.874947667121887207e-01
9.870779514312744141e-01
9.616506695747375488e-01
9.891621470451354980e-01
9.779074788093566895e-01
9.887453317642211914e-01
9.812421798706054688e-01
9.683201313018798828e-01
9.929137229919433594e-01
9.858274459838867188e-01
9.695706367492675781e-01
9.804084897041320801e-01
9.741559028625488281e-01
9.849937558174133301e-01
9.974989295005798340e-01
9.749895930290222168e-01
9.774906039237976074e-01
9.845768809318542480e-01
9.762400984764099121e-01
9.724885225296020508e-01
9.929137229919433594e-01
9.916632175445556641e-01
9.841600656509399414e-01
9.641517400741577148e-01
9.912463426589965820e-01
9.941642284393310547e-01
9.837432503700256348e-01
9.908295273780822754e-01
9.904126524925231934e-01
9.833263754844665527e-01
9.924968481063842773e-01
9.799916744232177734e-01
9.791579842567443848e-01
9.841600656509399414e-01
9.904126524925231934e-01
