2.198771508920933648e-01
8.553147028258900608e-02
9.960574973765082274e-02
8.084429141836882438e-02
6.802841366219714025e-02
6.209101107446925866e-02
6.089754762150602352e-02
6.707183753646178692e-02
4.890790434143875431e-02
5.016693281733888843e-02
4.650069493012596450e-02
4.152294559628264686e-02
5.050776362879480508e-02
4.550471771186483105e-02
4.380643803320767582e-02
4.295123302463049048e-02
3.633047028027856090e-02
3.801731813497603168e-02
3.584830482867479295e-02
3.922944646856174611e-02
3.336263379049886346e-02
3.428087995153669687e-02
2.950168750856829378e-02
2.845533525570542038e-02
2.780087047735035205e-02
2.866465669624033291e-02
2.913597809563898966e-02
2.638451147888920198e-02
2.441715130102233358e-02
2.754561680650976369e-02
1.848206856555527008e-02
1.729883021754173231e-02
2.300070164709428280e-02
2.396968961787540597e-02
1.876269447240113894e-02
1.863099715500143860e-02
1.653924914633183099e-02
1.889207579281815610e-02
1.530323862469795855e-02
1.270342747889439960e-02
1.825373021953572567e-02
1.449511637147372217e-02
1.298961297339345719e-02
1.314868893027004194e-02
9.759469163809937620e-03
1.196354244461981207e-02
9.956307436225496008e-03
8.696763186759043709e-03
1.384721438182259616e-02
1.478468003395414648e-02
6.483485874777804650e-03
7.364002885670292015e-03
1.183350155463647017e-02
5.301876769169244427e-03
1.044110153671922586e-02
8.435408126647779212e-03
5.573267915223441976e-03
9.594190117682810381e-03
5.300071716079787429e-03
7.149151687206492523e-03
7.551719754048544231e-03
1.986843913364723727e-02
6.542653687306518827e-03
8.357556306617625747e-03
4.314367898814202261e-03
7.569743107981040213e-03
6.115146582441301042e-03
9.083159296674385083e-03
4.569107899014160194e-03
7.285733115710331907e-03
8.333984902865004124e-03
5.827826058677712355e-03
5.121528685816336204e-03
3.432651612813111559e-03
5.549275953991940347e-03
9.726789745451823108e-03
6.168026828699282871e-03
5.763932550308863839e-03
3.295403956420207055e-03
3.481721722682901490e-03
3.203969830119624169e-03
4.884086907819001552e-03
2.844951914656947047e-03
1.995601366935472517e-03
1.900053157542365293e-03
2.242198165296499946e-03
8.509405304613732943e-03
1.528928532852897801e-02
5.670653434169560005e-03
4.997087005584399146e-03
1.752711309232406938e-03
2.377443196684938653e-03
1.746418889055015604e-03
1.714837076609975397e-03
1.700760622407094342e-03
1.597046582374218914e-03
1.546755623397441009e-03
2.741592537263033702e-03
7.056851903037944171e-03
1.070153897204485956e-02
7.023643623530911352e-03
9.245881458926630270e-03
2.783559619576840474e-03
2.021492592507096939e-03
1.991274499583752314e-03
4.776200269831535998e-03
3.733670760292742089e-03
3.247193442044471988e-03
1.366954639094356732e-03
1.306926728845870297e-03
1.293164562701469263e-03
1.276466283627311930e-03
1.244686017439396771e-03
1.220761070159134039e-03
1.205714836977997634e-03
1.172858998028725131e-03
1.148515465008605315e-03
1.125272755186049840e-03
1.098979402963056948e-03
1.071706539586476806e-03
1.044819627939194131e-03
1.014995100880921979e-03
9.859640511511830966e-04
9.577581658103079352e-04
9.265906167099798810e-04
5.202045376899297122e-03
2.083296023281657611e-02
5.365264461998824411e-03
2.521275138498207599e-03
6.230501372931623351e-03
2.988040262186552384e-03
3.193432823004719451e-03
4.918031826704047024e-03
4.495047318797767977e-03
3.239919581533070355e-03
3.588725141043740130e-03
2.886187057385036954e-03
2.388373354525908689e-03
2.122536639213005831e-03
1.207457071542020460e-03
2.052360656448585629e-03
5.287302406270977598e-03
1.652405316399909764e-03
8.560716363230775868e-04
8.137939623406320339e-04
1.000710347255965227e-03
8.623522833962803330e-04
7.266400394082321796e-04
7.485544826702152273e-04
7.081320892085032036e-04
