3.136839496477823730e-02
1.458251778711712465e-02
1.012609650907608794e-02
7.605164058331250615e-03
6.002724624768560752e-03
5.928519597202224455e-03
6.149610632097242402e-03
5.008993537822860678e-03
1.584749130599090450e-02
8.595053148377159585e-03
1.885909028164254849e-03
1.361846582261140668e-03
2.358056802861786469e-03
5.321666883180670160e-03
3.382087876177520928e-03
8.874224687436198244e-03
9.002514005408289791e-03
1.043619719520998829e-02
2.680952543467598082e-03
1.460799013104990655e-03
1.160778348525123588e-03
3.598860725415890284e-03
2.156211009778744112e-03
4.634017204254448248e-03
6.517717587317578380e-03
6.652055371106734352e-03
3.325370441980455075e-03
3.565878286252849739e-03
2.857009178868260679e-03
4.366201590470985584e-03
5.400523685015360363e-03
3.072343646488634710e-03
7.505876547814470737e-03
2.668914379075516298e-03
1.844712857464151203e-03
4.135388812822059050e-03
6.208183840089467539e-03
4.941892542671530789e-03
2.521326813446141124e-03
1.078073811160112959e-03
9.311133335456724331e-04
9.057363081943976043e-04
8.826484542977985816e-04
8.830027855011234831e-04
8.599087835710897887e-04
8.492993897744641977e-04
8.393467728336032486e-04
8.271867765830416249e-04
8.303528410150230526e-04
8.081929707785489138e-04
