9.485714435577392578e-01
9.572649598121643066e-01
9.658119678497314453e-01
9.770773649215698242e-01
9.857549667358398438e-01
9.718309640884399414e-01
9.689265489578247070e-01
9.802259802818298340e-01
9.633802771568298340e-01
9.630681872367858887e-01
9.943342804908752441e-01
1.000000000000000000e+00
9.915493130683898926e-01
9.773371219635009766e-01
9.830985665321350098e-01
9.683908224105834961e-01
9.747191071510314941e-01
9.546742439270019531e-01
9.943342804908752441e-01
9.971751570701599121e-01
9.971830844879150391e-01
9.915013909339904785e-01
9.887005686759948730e-01
9.858356714248657227e-01
9.745042324066162109e-01
9.689265489578247070e-01
9.857954382896423340e-01
9.943502545356750488e-01
9.887005686759948730e-01
9.830985665321350098e-01
9.803921580314636230e-01
9.915013909339904785e-01
9.715099930763244629e-01
9.887005686759948730e-01
9.943342804908752441e-01
9.830508232116699219e-01
9.801699519157409668e-01
9.801699519157409668e-01
9.887323975563049316e-01
1.000000000000000000e+00
1.000000000000000000e+00
1.000000000000000000e+00
1.000000000000000000e+00
1.000000000000000000e+00
1.000000000000000000e+00
1.000000000000000000e+00
1.000000000000000000e+00
1.000000000000000000e+00
1.000000000000000000e+00
1.000000000000000000e+00
