8.844221234321594238e-01
8.844221234321594238e-01
8.904761672019958496e-01
8.689320683479309082e-01
8.789237737655639648e-01
9.333333373069763184e-01
9.074074029922485352e-01
9.575471878051757812e-01
9.409090876579284668e-01
9.032257795333862305e-01
9.099099040031433105e-01
8.810572624206542969e-01
9.257642030715942383e-01
9.517543911933898926e-01
9.737991094589233398e-01
9.017857313156127930e-01
9.559471607208251953e-01
9.563318490982055664e-01
9.336283206939697266e-01
9.353448152542114258e-01
9.656652212142944336e-01
9.576271176338195801e-01
9.872881174087524414e-01
9.409282803535461426e-01
8.520179390907287598e-01
9.610389471054077148e-01
9.741379022598266602e-01
9.743589758872985840e-01
9.347826242446899414e-01
9.662446975708007812e-01
9.786324501037597656e-01
9.613733887672424316e-01
9.070796370506286621e-01
9.254385828971862793e-01
9.782608747482299805e-01
9.871794581413269043e-01
9.535865187644958496e-01
9.533898234367370605e-01
9.310345053672790527e-01
9.872881174087524414e-01
9.914893507957458496e-01
9.873417615890502930e-01
1.000000000000000000e+00
9.875518679618835449e-01
1.000000000000000000e+00
1.000000000000000000e+00
9.621848464012145996e-01
8.577777743339538574e-01
9.434782862663269043e-01
9.282700419425964355e-01
