9.090909361839294434e-01
8.936781883239746094e-01
9.396551847457885742e-01
9.654178619384765625e-01
9.142857193946838379e-01
9.430199265480041504e-01
9.544159770011901855e-01
9.541547298431396484e-01
9.439775943756103516e-01
9.682996869087219238e-01
9.776536226272583008e-01
9.549295902252197266e-01
9.553072452545166016e-01
9.687500000000000000e-01
9.463276863098144531e-01
9.373219609260559082e-01
9.579831957817077637e-01
9.631727933883666992e-01
9.745042324066162109e-01
9.583333134651184082e-01
9.327731132507324219e-01
9.576271176338195801e-01
9.572649598121643066e-01
9.747191071510314941e-01
9.859550595283508301e-01
9.915493130683898926e-01
9.860334992408752441e-01
9.860334992408752441e-01
9.887005686759948730e-01
9.830028414726257324e-01
9.775910377502441406e-01
9.659090638160705566e-01
9.526462554931640625e-01
9.833333492279052734e-01
9.605633616447448730e-01
9.469273686408996582e-01
9.747899174690246582e-01
9.803370833396911621e-01
9.915254116058349609e-01
9.972144961357116699e-01
9.972144961357116699e-01
9.774011373519897461e-01
9.450867176055908203e-01
9.521126747131347656e-01
9.776536226272583008e-01
9.775910377502441406e-01
9.375000000000000000e-01
9.751381278038024902e-01
9.832402467727661133e-01
9.943661689758300781e-01
