8.552631735801696777e-01
9.310345053672790527e-01
9.310345053672790527e-01
9.470198750495910645e-01
9.328858852386474609e-01
9.594594836235046387e-01
9.466666579246520996e-01
9.350649118423461914e-01
1.000000000000000000e+00
9.194630980491638184e-01
9.664429426193237305e-01
9.801324605941772461e-01
9.666666388511657715e-01
9.470198750495910645e-01
9.545454382896423340e-01
9.664429426193237305e-01
9.800000190734863281e-01
1.000000000000000000e+00
9.673202633857727051e-01
9.802631735801696777e-01
9.933775067329406738e-01
9.933775067329406738e-01
1.000000000000000000e+00
1.000000000000000000e+00
1.000000000000000000e+00
1.000000000000000000e+00
1.000000000000000000e+00
1.000000000000000000e+00
9.333333373069763184e-01
9.533333182334899902e-01
9.605262875556945801e-01
1.000000000000000000e+00
9.933775067329406738e-01
1.000000000000000000e+00
9.934640526771545410e-01
9.483870863914489746e-01
9.333333373069763184e-01
9.605262875556945801e-01
9.933333396911621094e-01
9.868420958518981934e-01
1.000000000000000000e+00
1.000000000000000000e+00
9.740259647369384766e-01
9.800000190734863281e-01
9.735099077224731445e-01
9.735099077224731445e-01
9.407894611358642578e-01
9.868420958518981934e-01
1.000000000000000000e+00
1.000000000000000000e+00
