8.583333492279052734e-01
8.508771657943725586e-01
8.823529481887817383e-01
9.075630307197570801e-01
8.750000000000000000e-01
9.035087823867797852e-01
9.237288236618041992e-01
9.385964870452880859e-01
9.230769276618957520e-01
9.568965435028076172e-01
9.098360538482666016e-01
9.152542352676391602e-01
8.869565129280090332e-01
9.145299196243286133e-01
9.508196711540222168e-01
9.406779408454895020e-01
9.473684430122375488e-01
9.316239356994628906e-01
9.316239356994628906e-01
9.406779408454895020e-01
9.416666626930236816e-01
9.316239356994628906e-01
9.396551847457885742e-01
9.083333611488342285e-01
9.396551847457885742e-01
9.583333134651184082e-01
9.583333134651184082e-01
9.831932783126831055e-01
9.831932783126831055e-01
9.831932783126831055e-01
9.426229596138000488e-01
9.745762944221496582e-01
9.508196711540222168e-01
9.663865566253662109e-01
9.421487450599670410e-01
9.416666626930236816e-01
9.583333134651184082e-01
9.322034120559692383e-01
9.743589758872985840e-01
9.747899174690246582e-01
9.098360538482666016e-01
9.217391014099121094e-01
9.661017060279846191e-01
9.752066135406494141e-01
9.661017060279846191e-01
9.752066135406494141e-01
9.833333492279052734e-01
9.747899174690246582e-01
9.499999880790710449e-01
9.747899174690246582e-01
