1.279389841369117133e-02
8.527766459707713728e-03
7.568281883429577375e-03
7.207252523618090656e-03
5.256311882171999135e-03
4.583424727233920658e-03
6.095773260228025403e-03
4.513283168674722505e-03
3.420718362848951082e-03
4.472755852748316538e-03
2.170722762884121689e-03
4.190889359625180922e-03
6.456233046601941514e-03
2.092418038418666654e-03
3.515447382765243649e-03
3.248658426389106936e-03
3.262416163425912747e-03
4.319806006303140988e-03
8.988203426101043503e-03
8.246639583418835864e-03
2.427743918931103955e-03
3.402308330515265485e-03
1.884890866122525006e-03
3.502821758770135411e-03
1.715395773895939287e-03
4.022844506512501458e-03
1.019423196446711966e-03
4.604273230448064150e-03
1.860314089920068201e-03
4.456841901753046814e-03
2.994460420486762600e-03
4.578525502219172455e-03
1.140829724131482530e-03
3.082162093030436489e-03
9.600107882119260317e-04
1.936349695841574218e-03
3.190752022294093045e-03
3.356958482008378254e-03
1.227153506382625426e-03
1.484645208695778472e-03
2.441783544895391282e-03
3.123018671646503579e-03
4.160167656564427163e-03
3.102280232984378980e-03
4.502469772961992418e-03
2.848397631459228564e-03
1.061014640841619668e-03
3.483652390936757960e-04
1.771430763787306024e-03
2.133746670177520417e-03
