1.172413825988769531e-01
2.658730149269104004e-01
3.496240675449371338e-01
4.758064448833465576e-01
5.061224699020385742e-01
5.078125000000000000e-01
5.720338821411132812e-01
5.483871102333068848e-01
5.755102038383483887e-01
5.958333611488342285e-01
5.936254858970642090e-01
6.626016497611999512e-01
6.224899888038635254e-01
6.816326379776000977e-01
6.127819418907165527e-01
6.947790980339050293e-01
6.126482486724853516e-01
7.301587462425231934e-01
6.959999799728393555e-01
6.857143044471740723e-01
7.137255072593688965e-01
7.209302186965942383e-01
6.979591846466064453e-01
7.181467413902282715e-01
7.078651785850524902e-01
7.443609237670898438e-01
7.413127422332763672e-01
7.252747416496276855e-01
7.335766553878784180e-01
7.443609237670898438e-01
7.816091775894165039e-01
7.667984366416931152e-01
8.062015771865844727e-01
7.491039633750915527e-01
7.671755552291870117e-01
8.097015023231506348e-01
8.210116624832153320e-01
8.241758346557617188e-01
8.314606547355651855e-01
8.211678862571716309e-01
8.377358317375183105e-01
8.339483141899108887e-01
8.422939181327819824e-01
8.509091138839721680e-01
8.438661694526672363e-01
8.613138794898986816e-01
8.525179624557495117e-01
8.243727684020996094e-01
8.602150678634643555e-01
8.546099066734313965e-01
8.703703880310058594e-01
8.466898798942565918e-01
8.703703880310058594e-01
8.992805480957031250e-01
8.827586174011230469e-01
9.041095972061157227e-01
8.931034207344055176e-01
9.016948938369750977e-01
8.866666555404663086e-01
8.858131766319274902e-01
9.139785170555114746e-01
8.922559022903442383e-01
8.417508602142333984e-01
8.841059803962707520e-01
9.233333468437194824e-01
9.191918969154357910e-01
9.351536035537719727e-01
8.959731459617614746e-01
9.078947305679321289e-01
8.637873530387878418e-01
8.980262875556945801e-01
9.136212468147277832e-01
9.261745214462280273e-01
9.269102811813354492e-01
9.285714030265808105e-01
8.990228176116943359e-01
9.496855139732360840e-01
9.276315569877624512e-01
8.646864891052246094e-01
9.409835934638977051e-01
9.448052048683166504e-01
9.206349253654479980e-01
9.426751732826232910e-01
9.612902998924255371e-01
9.316770434379577637e-01
9.318181872367858887e-01
9.254658222198486328e-01
9.687500000000000000e-01
9.555555582046508789e-01
9.312499761581420898e-01
9.588607549667358398e-01
9.624999761581420898e-01
9.444444179534912109e-01
9.455128312110900879e-01
9.688473343849182129e-01
9.655172228813171387e-01
9.223602414131164551e-01
9.404388666152954102e-01
9.689440727233886719e-01
9.158878326416015625e-01
9.562500119209289551e-01
9.755351543426513672e-01
9.633027315139770508e-01
9.783281683921813965e-01
9.876922965049743652e-01
9.573170542716979980e-01
9.378882050514221191e-01
9.166666865348815918e-01
9.878419637680053711e-01
9.633027315139770508e-01
9.575757384300231934e-01
9.408099651336669922e-01
9.817629456520080566e-01
9.786585569381713867e-01
9.316770434379577637e-01
9.569230675697326660e-01
9.692307710647583008e-01
9.666666388511657715e-01
9.516616463661193848e-01
9.693251252174377441e-01
9.907692074775695801e-01
9.817629456520080566e-01
9.849397540092468262e-01
9.444444179534912109e-01
9.399399161338806152e-01
9.878787994384765625e-01
1.000000000000000000e+00
9.693251252174377441e-01
9.481707215309143066e-01
9.879518151283264160e-01
9.938650131225585938e-01
9.969969987869262695e-01
1.000000000000000000e+00
1.000000000000000000e+00
1.000000000000000000e+00
8.987730145454406738e-01
9.376947283744812012e-01
9.754601120948791504e-01
9.878419637680053711e-01
9.846625924110412598e-01
9.640718698501586914e-01
9.548192620277404785e-01
9.308176040649414062e-01
9.339339137077331543e-01
9.725610017776489258e-01
9.879518151283264160e-01
9.969879388809204102e-01
1.000000000000000000e+00
1.000000000000000000e+00
1.000000000000000000e+00
