1.017964035272598267e-01
2.005988061428070068e-01
2.784431278705596924e-01
3.532934188842773438e-01
3.712574839591979980e-01
3.892215490341186523e-01
4.041916131973266602e-01
4.071856141090393066e-01
4.221556782722473145e-01
4.281437098979949951e-01
4.461077749729156494e-01
4.880239665508270264e-01
4.640718698501586914e-01
5.000000000000000000e-01
4.880239665508270264e-01
5.179640650749206543e-01
4.640718698501586914e-01
5.508981943130493164e-01
5.209580659866333008e-01
5.029940009117126465e-01
5.449101924896240234e-01
5.568862557411193848e-01
5.119760632514953613e-01
5.568862557411193848e-01
5.658682584762573242e-01
5.928143858909606934e-01
5.748503208160400391e-01
5.928143858909606934e-01
6.017963886260986328e-01
5.928143858909606934e-01
6.107784509658813477e-01
5.808383226394653320e-01
6.227545142173767090e-01
6.257485151290893555e-01
6.017963886260986328e-01
6.497005820274353027e-01
6.317365169525146484e-01
6.736527085304260254e-01
6.646706461906433105e-01
6.736527085304260254e-01
6.646706461906433105e-01
6.766467094421386719e-01
7.035928368568420410e-01
7.005987763404846191e-01
6.796407103538513184e-01
7.065868377685546875e-01
7.095808386802673340e-01
6.886227726936340332e-01
7.185629010200500488e-01
7.215569019317626953e-01
7.035928368568420410e-01
7.275449037551879883e-01
7.035928368568420410e-01
7.485029697418212891e-01
7.664670944213867188e-01
7.904191613197326660e-01
7.754490971565246582e-01
7.964071631431579590e-01
7.964071631431579590e-01
7.664670944213867188e-01
7.634730339050292969e-01
7.934131622314453125e-01
7.485029697418212891e-01
7.994012236595153809e-01
8.293412923812866211e-01
8.173652887344360352e-01
8.203592896461486816e-01
7.994012236595153809e-01
8.263472914695739746e-01
7.784430980682373047e-01
8.173652887344360352e-01
8.233532905578613281e-01
8.263472914695739746e-01
8.353293538093566895e-01
8.562874197959899902e-01
8.263472914695739746e-01
9.041916131973266602e-01
8.443113565444946289e-01
7.844311594963073730e-01
8.592814207077026367e-01
8.712574839591979980e-01
8.682634830474853516e-01
8.862275481224060059e-01
8.922155499458312988e-01
8.982036113739013672e-01
8.592814207077026367e-01
8.922155499458312988e-01
9.281437397003173828e-01
9.011976122856140137e-01
8.922155499458312988e-01
9.071856141090393066e-01
9.221556782722473145e-01
9.161676764488220215e-01
8.832335472106933594e-01
9.311377406120300293e-01
9.221556782722473145e-01
8.892215490341186523e-01
8.982036113739013672e-01
9.341317415237426758e-01
8.802395462989807129e-01
9.161676764488220215e-01
9.550898075103759766e-01
9.431137442588806152e-01
9.461078047752380371e-01
9.610778689384460449e-01
9.401197433471679688e-01
9.041916131973266602e-01
8.892215490341186523e-01
9.730538725852966309e-01
9.431137442588806152e-01
9.461078047752380371e-01
9.041916131973266602e-01
9.670658707618713379e-01
9.610778689384460449e-01
8.982036113739013672e-01
9.311377406120300293e-01
9.431137442588806152e-01
9.550898075103759766e-01
9.431137442588806152e-01
9.461078047752380371e-01
9.640718698501586914e-01
9.670658707618713379e-01
9.790419340133666992e-01
9.161676764488220215e-01
9.371257424354553223e-01
9.760479331016540527e-01
1.000000000000000000e+00
9.461078047752380371e-01
9.311377406120300293e-01
9.820359349250793457e-01
9.700598716735839844e-01
9.940119981765747070e-01
1.000000000000000000e+00
1.000000000000000000e+00
9.970059990882873535e-01
8.772454857826232910e-01
9.011976122856140137e-01
9.520958065986633301e-01
9.730538725852966309e-01
9.610778689384460449e-01
9.640718698501586914e-01
9.491018056869506836e-01
8.862275481224060059e-01
9.311377406120300293e-01
9.550898075103759766e-01
9.820359349250793457e-01
9.910179376602172852e-01
9.970059990882873535e-01
9.940119981765747070e-01
1.000000000000000000e+00
