7.684223015864152240e-01
2.729626526701552924e-01
2.447426536416913989e-01
1.877372162664712185e-01
1.765235368158348805e-01
1.737759104630935691e-01
1.583272900207082223e-01
1.520282270177261696e-01
1.592377639896554731e-01
1.371508228347473324e-01
1.367381668216272328e-01
1.238722794378952774e-01
1.351538024768687563e-01
1.309214868323526904e-01
1.223805494579114500e-01
1.205519522722055398e-01
1.191080748724674121e-01
1.062677820965088893e-01
1.101639927860766643e-01
1.117307506504786052e-01
1.022827670246967552e-01
1.101902849352455332e-01
1.017187035181375682e-01
1.067594279096639454e-01
1.051573913258477960e-01
1.110004065011484103e-01
1.075026316996540859e-01
1.029021955860404819e-01
8.956914011970538991e-02
9.151133231785694988e-02
8.749716556141370893e-02
8.364053850762180609e-02
9.585171394223737651e-02
8.542514444368282112e-02
7.470074200072872317e-02
7.392299053886376703e-02
8.579333707056133185e-02
7.049054813763482030e-02
6.964573496762078986e-02
7.773450413633412048e-02
7.108216148651100297e-02
6.507973572284239672e-02
6.726766777425757793e-02
7.027606201764723115e-02
5.777874184234253752e-02
6.355088468424643922e-02
5.776746385546218526e-02
5.953435762903997591e-02
6.082338951297828339e-02
5.605221669185975891e-02
5.593460331606611713e-02
4.932495400435263355e-02
5.375260912174551625e-02
4.806105536671247819e-02
4.893058374582300030e-02
4.938836144416426654e-02
5.533036358818159417e-02
5.235471656571043242e-02
4.406398590791814340e-02
4.501255523921512958e-02
4.016507570461063520e-02
3.795269364411375107e-02
4.171590773787159367e-02
4.422964103069773611e-02
3.464668618373487052e-02
3.509879917725279574e-02
5.115923875003024895e-02
3.820470629870869467e-02
3.141580563189335512e-02
3.116303688491750198e-02
2.966699136157314662e-02
2.952926891505006438e-02
2.876651754754782145e-02
3.361104739607665565e-02
2.634292271575582392e-02
2.835773647382698603e-02
3.741421898957091735e-02
2.656812175867537262e-02
2.651968588454000492e-02
2.722751812233162316e-02
2.492712112699800239e-02
2.247995927968459567e-02
2.366414362875668420e-02
1.821630470242572436e-02
1.726697444322892322e-02
2.388296205539581010e-02
1.656544356567463475e-02
1.687201041348899630e-02
2.601167530014769982e-02
2.112909181277133550e-02
1.836055715832911328e-02
1.118723611439708353e-02
1.971874512680263022e-02
1.517224782573165474e-02
9.452400781098492868e-03
1.302095438681348701e-02
1.543552497201381053e-02
1.054465160287247974e-02
3.697451695658336007e-02
1.645935785484991046e-02
1.671396637107742250e-02
1.468955710569601510e-02
6.934840045429864139e-03
6.682257951914537253e-03
1.217320015778657581e-02
1.641875163367386564e-02
1.727063425894653087e-02
1.245679273783064159e-02
7.516505471865538544e-03
5.573238403638510960e-03
2.038587918751651878e-02
8.515725208394733792e-03
3.960166890573966342e-03
1.007037594438429592e-02
5.944128283856837253e-03
2.076508953751137268e-02
1.814117078582794251e-02
1.008088912214431289e-02
3.941554586280327128e-03
6.961441481853342453e-03
9.156663152798767344e-03
1.706176895425308426e-02
4.540126473614649466e-03
3.058761045583924774e-03
4.309630471236280957e-03
9.602522651746509680e-03
1.034229888358001448e-02
9.688211106612004339e-03
1.934607566842944798e-02
1.316439462341053961e-02
1.516717300886594871e-02
5.325929910142264585e-03
5.460960445197134312e-03
3.231181342955617968e-03
1.364158041819019682e-03
1.663997878225928354e-03
1.450992890688559056e-03
8.049919393132468418e-03
8.160593965232613295e-03
1.319029691048172713e-02
6.344109980350116744e-03
1.112142018926183876e-02
6.971477491741522731e-03
4.688277792193011953e-03
1.979861676792216748e-03
1.285620168853944187e-03
1.690534192348140284e-03
1.449539951489600340e-02
2.000138643908866767e-02
7.507275548268237120e-03
