1.724137924611568451e-02
1.212121248245239258e-01
3.000000119209289551e-01
3.191489279270172119e-01
4.561403393745422363e-01
5.909090638160705566e-01
5.230769515037536621e-01
5.588235259056091309e-01
6.233766078948974609e-01
6.849315166473388672e-01
5.874999761581420898e-01
6.800000071525573730e-01
6.794871687889099121e-01
6.708860993385314941e-01
6.666666865348815918e-01
6.867470145225524902e-01
6.477272510528564453e-01
6.551724076271057129e-01
7.126436829566955566e-01
7.356321811676025391e-01
7.469879388809204102e-01
6.914893388748168945e-01
7.529411911964416504e-01
7.526881694793701172e-01
7.252747416496276855e-01
7.234042286872863770e-01
7.590361237525939941e-01
7.032967209815979004e-01
7.263157963752746582e-01
7.692307829856872559e-01
7.676767706871032715e-01
7.789473533630371094e-01
7.765957713127136230e-01
8.144329786300659180e-01
7.789473533630371094e-01
8.369565010070800781e-01
7.450980544090270996e-01
8.404255509376525879e-01
7.708333134651184082e-01
8.750000000000000000e-01
7.755101919174194336e-01
7.916666865348815918e-01
7.812500000000000000e-01
8.617021441459655762e-01
7.524752616882324219e-01
8.681318759918212891e-01
8.019801974296569824e-01
8.602150678634643555e-01
8.080807924270629883e-01
8.235294222831726074e-01
8.712871074676513672e-01
8.019801974296569824e-01
8.415841460227966309e-01
8.659793734550476074e-01
8.437500000000000000e-01
8.514851331710815430e-01
8.058252334594726562e-01
8.000000119209289551e-01
8.380952477455139160e-01
9.042553305625915527e-01
8.700000047683715820e-01
8.942307829856872559e-01
8.055555820465087891e-01
9.047619104385375977e-01
9.230769276618957520e-01
8.691588640213012695e-01
8.623853325843811035e-01
9.108911156654357910e-01
8.715596199035644531e-01
8.318583965301513672e-01
9.150943160057067871e-01
8.532109856605529785e-01
8.706896305084228516e-01
9.411764740943908691e-01
8.532109856605529785e-01
9.351851940155029297e-01
8.990825414657592773e-01
9.090909361839294434e-01
8.999999761581420898e-01
9.150943160057067871e-01
9.029126167297363281e-01
8.918918967247009277e-01
9.035087823867797852e-01
9.189189076423645020e-01
9.099099040031433105e-01
8.773584961891174316e-01
8.672566413879394531e-01
9.454545378684997559e-01
9.369369149208068848e-01
9.449541568756103516e-01
9.035087823867797852e-01
9.459459185600280762e-01
9.107142686843872070e-01
9.107142686843872070e-01
9.210526347160339355e-01
9.380530714988708496e-01
8.999999761581420898e-01
8.782608509063720703e-01
9.385964870452880859e-01
9.396551847457885742e-01
9.473684430122375488e-01
9.459459185600280762e-01
9.243697524070739746e-01
9.491525292396545410e-01
9.824561476707458496e-01
9.316239356994628906e-01
9.345794320106506348e-01
9.385964870452880859e-01
8.965517282485961914e-01
9.741379022598266602e-01
8.938053250312805176e-01
9.652174115180969238e-01
9.491525292396545410e-01
9.561403393745422363e-01
9.557521939277648926e-01
9.107142686843872070e-01
9.137930870056152344e-01
9.230769276618957520e-01
9.304347634315490723e-01
9.224137663841247559e-01
9.652174115180969238e-01
9.298245906829833984e-01
9.401709437370300293e-01
9.375000000000000000e-01
9.310345053672790527e-01
9.827586412429809570e-01
9.741379022598266602e-01
9.747899174690246582e-01
9.583333134651184082e-01
9.464285969734191895e-01
9.316239356994628906e-01
9.304347634315490723e-01
9.736841917037963867e-01
9.741379022598266602e-01
9.565217494964599609e-01
9.826086759567260742e-01
9.298245906829833984e-01
9.831932783126831055e-01
9.572649598121643066e-01
9.491525292396545410e-01
9.568965435028076172e-01
9.576271176338195801e-01
9.495798349380493164e-01
9.747899174690246582e-01
9.655172228813171387e-01
9.829059839248657227e-01
9.661017060279846191e-01
9.396551847457885742e-01
8.888888955116271973e-01
9.743589758872985840e-01
