1.554054021835327148e-01
3.180076479911804199e-01
3.902438879013061523e-01
4.684014916419982910e-01
5.323193669319152832e-01
5.422534942626953125e-01
5.614035129547119141e-01
6.264150738716125488e-01
6.177474260330200195e-01
5.931034684181213379e-01
6.216216087341308594e-01
6.302816867828369141e-01
6.389891505241394043e-01
6.855123639106750488e-01
6.666666865348815918e-01
6.643109321594238281e-01
6.737588644027709961e-01
7.075812220573425293e-01
6.619216799736022949e-01
7.123287916183471680e-01
7.602996230125427246e-01
7.096773982048034668e-01
7.375886440277099609e-01
7.162629961967468262e-01
7.081850767135620117e-01
7.340425252914428711e-01
7.241379022598266602e-01
7.838827967643737793e-01
7.398648858070373535e-01
6.770833134651184082e-01
7.323943376541137695e-01
7.534722089767456055e-01
7.576791644096374512e-01
7.643097639083862305e-01
7.746478915214538574e-01
7.658863067626953125e-01
7.500000000000000000e-01
8.191125988960266113e-01
7.915194630622863770e-01
8.225256204605102539e-01
7.770270109176635742e-01
7.866666913032531738e-01
8.395904302597045898e-01
8.389261960983276367e-01
8.191125988960266113e-01
8.085808753967285156e-01
8.101695179939270020e-01
8.716216087341308594e-01
8.421052694320678711e-01
8.394649028778076172e-01
8.349835276603698730e-01
8.528428077697753906e-01
8.754098415374755859e-01
8.642383813858032227e-01
8.709677457809448242e-01
8.717105388641357422e-01
8.930817842483520508e-01
8.566775321960449219e-01
8.774834275245666504e-01
9.134615659713745117e-01
9.099678397178649902e-01
9.225806593894958496e-01
8.874999880790710449e-01
9.031249880790710449e-01
9.242902398109436035e-01
8.971061110496520996e-01
9.082278609275817871e-01
9.169328808784484863e-01
8.923076987266540527e-01
9.041533470153808594e-01
9.247648715972900391e-01
8.840125203132629395e-01
9.252336621284484863e-01
8.742331266403198242e-01
9.148936271667480469e-01
9.281250238418579102e-01
9.283488988876342773e-01
9.003021121025085449e-01
9.335347414016723633e-01
9.357798099517822266e-01
9.417178034782409668e-01
9.598765373229980469e-01
9.610778689384460449e-01
9.577039480209350586e-01
9.552238583564758301e-01
9.303030371665954590e-01
9.066265225410461426e-01
9.367470145225524902e-01
9.014925360679626465e-01
9.203540086746215820e-01
9.636363387107849121e-01
9.392096996307373047e-01
9.349845051765441895e-01
9.335347414016723633e-01
9.331306815147399902e-01
9.179331064224243164e-01
9.609609842300415039e-01
9.673590660095214844e-01
9.240121841430664062e-01
9.376854896545410156e-01
9.760479331016540527e-01
9.765396118164062500e-01
9.549549818038940430e-01
9.432835578918457031e-01
9.151515364646911621e-01
9.436202049255371094e-01
9.665653705596923828e-01
9.792284965515136719e-01
9.699699878692626953e-01
9.613095521926879883e-01
9.410029649734497070e-01
9.375000000000000000e-01
9.759759902954101562e-01
9.384164214134216309e-01
9.941002726554870605e-01
9.850746393203735352e-01
9.462686777114868164e-01
9.525222778320312500e-01
9.701492786407470703e-01
9.640718698501586914e-01
9.880952239036560059e-01
9.768115878105163574e-01
9.763313531875610352e-01
9.792899489402770996e-01
9.112426042556762695e-01
9.472140669822692871e-01
9.643917083740234375e-01
9.223880767822265625e-01
9.853801131248474121e-01
9.941176176071166992e-01
9.882006049156188965e-01
9.970414042472839355e-01
9.970414042472839355e-01
9.764011502265930176e-01
9.583333134651184082e-01
9.641790986061096191e-01
9.672619104385375977e-01
9.881305694580078125e-01
9.763313531875610352e-01
9.941349029541015625e-01
9.735293984413146973e-01
9.699699878692626953e-01
9.706745147705078125e-01
9.819276928901672363e-01
9.289940595626831055e-01
9.703264236450195312e-01
9.593023061752319336e-01
9.852941036224365234e-01
9.941349029541015625e-01
9.883040785789489746e-01
