2.817814376100177265e-01
1.539922635239880377e-01
1.328180016316935219e-01
1.152900145679531252e-01
1.088200613140062195e-01
1.061970698109413191e-01
1.034577677968795822e-01
9.424299997127787154e-02
9.659165944058895059e-02
8.879499188039630120e-02
9.048426335296110012e-02
8.218527629817731772e-02
8.337845738385098182e-02
8.131000735091908904e-02
8.296048282967763421e-02
7.863295073936657498e-02
7.618712775443434171e-02
6.898652625895161650e-02
6.895328480486372091e-02
6.817547272020228755e-02
6.775166355347518599e-02
6.303241335170825521e-02
6.538859176040813515e-02
6.275264894000169569e-02
6.014301148873005265e-02
6.008292245238303075e-02
5.835744767059250493e-02
5.566296085957355561e-02
5.447100364394195232e-02
5.277879509492414828e-02
5.328496121707857608e-02
4.883486328202606835e-02
5.198495200915319303e-02
4.674302655346818797e-02
4.794600417640043633e-02
4.686727282653679882e-02
4.836819857392133520e-02
4.853347199639055504e-02
4.819259753834767568e-02
4.358620301912812661e-02
4.374814366157337570e-02
4.389546778186768222e-02
4.077474175721211569e-02
4.385824771093532054e-02
4.025424146468430803e-02
4.115293128942464074e-02
4.024876932049230999e-02
3.838178943714812968e-02
4.078257040851399756e-02
3.939308842226280777e-02
3.859403768415180930e-02
3.713720196205345242e-02
4.121012393300468868e-02
4.083414588855448224e-02
3.775316746787266142e-02
3.373024982345471101e-02
3.672009146983991335e-02
3.387336943979423615e-02
3.730969034572745313e-02
3.524234281368257560e-02
3.127080422294485629e-02
3.546362333557037672e-02
3.402940104858307585e-02
3.094517235681846015e-02
3.314066915162872107e-02
2.936093245016709041e-02
3.224121531531298074e-02
3.218517062249973831e-02
2.834131941603965782e-02
3.165891640826736658e-02
3.000929564791614962e-02
3.086955684201843006e-02
2.872731864679708980e-02
3.123885714378402470e-02
2.664406922447122225e-02
2.644701009291697616e-02
2.855512471935805346e-02
2.610647457795426188e-02
2.531360489935373034e-02
2.634176504139851618e-02
2.453935064250736819e-02
2.675232532156442480e-02
2.288655008255643594e-02
2.381722638612050399e-02
2.302541896978122296e-02
2.464310629283205864e-02
1.939538853093175988e-02
2.350646159124897272e-02
1.965775789048825051e-02
2.537638524117081032e-02
1.968270185338825626e-02
1.818091690450000450e-02
1.940525754656597865e-02
1.962879574083504358e-02
2.063503338061313530e-02
1.822964478399679428e-02
1.682810999329208829e-02
1.906406617626516323e-02
2.027071181241028863e-02
1.496126978523267329e-02
1.587034203428843229e-02
1.427940672623745008e-02
1.611966955477314029e-02
1.253182078984353166e-02
1.372646134923621170e-02
1.550112162871516291e-02
1.288643309977679542e-02
1.450232364616645467e-02
1.521229381591047806e-02
1.482952259188170460e-02
1.530861101648495551e-02
1.206685601258973735e-02
9.867288046425889275e-03
8.711691319138481840e-03
1.020445819402136280e-02
6.390058524712327950e-03
1.108357401094802429e-02
1.698424493278157671e-02
1.270187849444286317e-02
8.673668613972394456e-03
1.387737272521104293e-02
6.002307017988853591e-03
8.608020322115075146e-03
6.883270900716932823e-03
9.336516896470452992e-03
8.153284181659677110e-03
9.371692110780075261e-03
1.152787681039860873e-02
7.884939054902583011e-03
6.256743540544324085e-03
5.214241776911842687e-03
5.840747325617990336e-03
3.491251115788161948e-03
7.399707409473078867e-03
7.450493223206907691e-03
8.164479895478554683e-03
1.984046689434625782e-02
5.878737835200815824e-03
3.982238691388305905e-03
7.605059937825182047e-03
3.844107472982966848e-03
5.756509934615541141e-03
2.558784212979904257e-03
1.251270526876671271e-02
7.443910057072970245e-03
3.945159690652404356e-03
8.098800291926175690e-03
5.999576225473984489e-03
7.656171916627780433e-03
4.151494007000345113e-03
