2.185792289674282074e-02
8.333333767950534821e-03
2.970297075808048248e-02
2.409638464450836182e-02
2.816901355981826782e-02
0.000000000000000000e+00
1.960784383118152618e-02
6.976744532585144043e-02
6.122449040412902832e-02
1.041666641831398010e-01
4.651162773370742798e-02
1.562500000000000000e-01
1.555555611848831177e-01
1.707317084074020386e-01
1.428571492433547974e-01
2.368421107530593872e-01
1.636363565921783447e-01
4.074074029922485352e-01
3.275862038135528564e-01
3.703703582286834717e-01
3.802816867828369141e-01
3.833333253860473633e-01
4.062500000000000000e-01
4.545454680919647217e-01
3.492063581943511963e-01
4.179104566574096680e-01
4.166666567325592041e-01
4.925373196601867676e-01
5.428571701049804688e-01
4.545454680919647217e-01
4.725274741649627686e-01
5.670102834701538086e-01
5.529412031173706055e-01
5.365853905677795410e-01
4.731182754039764404e-01
6.162790656089782715e-01
5.434782505035400391e-01
5.393258333206176758e-01
5.400000214576721191e-01
6.333333253860473633e-01
6.304348111152648926e-01
6.122449040412902832e-01
6.565656661987304688e-01
5.614035129547119141e-01
6.464646458625793457e-01
5.625000000000000000e-01
6.194690465927124023e-01
6.666666865348815918e-01
6.250000000000000000e-01
6.893203854560852051e-01
6.785714030265808105e-01
6.638655662536621094e-01
6.033057570457458496e-01
6.355932354927062988e-01
7.142857313156127930e-01
7.045454382896423340e-01
7.500000000000000000e-01
7.054263353347778320e-01
6.800000071525573730e-01
7.164179086685180664e-01
8.174602985382080078e-01
6.811594367027282715e-01
7.196969985961914062e-01
7.357142567634582520e-01
7.537313699722290039e-01
7.883211970329284668e-01
7.368420958518981934e-01
7.410072088241577148e-01
7.902097702026367188e-01
7.659574747085571289e-01
7.342657446861267090e-01
7.769784331321716309e-01
7.500000000000000000e-01
7.225806713104248047e-01
7.770270109176635742e-01
7.516340017318725586e-01
7.210884094238281250e-01
7.960526347160339355e-01
8.410596251487731934e-01
7.973856329917907715e-01
8.169934749603271484e-01
7.716049551963806152e-01
8.441558480262756348e-01
8.562091588973999023e-01
7.951807379722595215e-01
7.749999761581420898e-01
8.639053106307983398e-01
8.192771077156066895e-01
8.192771077156066895e-01
7.558139562606811523e-01
8.414633870124816895e-01
8.596491217613220215e-01
8.305084705352783203e-01
8.295454382896423340e-01
8.493975996971130371e-01
8.596491217613220215e-01
8.636363744735717773e-01
8.054053783416748047e-01
8.314606547355651855e-01
8.959537744522094727e-01
8.624338507652282715e-01
8.586387634277343750e-01
8.404255509376525879e-01
8.842105269432067871e-01
8.913043737411499023e-01
8.395721912384033203e-01
8.877550959587097168e-01
8.505154848098754883e-01
8.333333134651184082e-01
8.494623899459838867e-01
8.556700944900512695e-01
8.848167657852172852e-01
8.989899158477783203e-01
9.292929172515869141e-01
8.762376308441162109e-01
9.389671087265014648e-01
8.832487463951110840e-01
8.298969268798828125e-01
8.793969750404357910e-01
9.130434989929199219e-01
8.391959667205810547e-01
9.439252614974975586e-01
9.252336621284484863e-01
9.420289993286132812e-01
9.029126167297363281e-01
9.029126167297363281e-01
8.834951519966125488e-01
8.612440228462219238e-01
9.116278886795043945e-01
9.428571462631225586e-01
9.400921463966369629e-01
9.431279897689819336e-01
9.669811129570007324e-01
8.976744413375854492e-01
9.074074029922485352e-01
9.162790775299072266e-01
8.300970792770385742e-01
9.471153616905212402e-01
9.669811129570007324e-01
9.248826503753662109e-01
9.369369149208068848e-01
9.392523169517517090e-01
9.728506803512573242e-01
8.672986030578613281e-01
9.302325844764709473e-01
9.457013607025146484e-01
8.976744413375854492e-01
9.488372206687927246e-01
8.944954276084899902e-01
9.672897458076477051e-01
