1.601932442190813141e-02
1.499539379041870540e-02
7.938860580556383190e-03
1.252722754111598551e-02
5.565801816033974329e-03
1.990154128045020995e-02
5.553248185530413293e-03
7.971437621655070790e-03
2.497040865480876920e-02
1.368227176164857513e-02
1.195661718077588830e-02
4.681388842456300770e-03
4.442799051565154804e-03
9.517926575799225478e-03
1.826878541316533447e-02
6.814033633488528717e-03
1.873774697547632428e-02
2.338105314480124625e-02
3.651203562228866762e-03
4.449302999475316343e-03
4.769651900228163467e-03
1.576224069738619768e-02
1.713487122125336576e-02
6.932587751128559996e-03
7.534723777839220232e-03
1.370128351785019141e-02
1.987195202841676375e-02
1.888847112600755898e-02
3.324488664737204960e-03
7.559459321380130985e-03
1.042841873455808109e-02
9.922362362526771298e-03
9.901823828148038562e-03
6.374408281589909187e-03
6.003143322202286400e-03
1.839186921758601987e-03
2.508596609705194408e-02
1.058632167022702415e-02
7.539510012226049301e-03
7.317479372284422905e-03
9.111011701967181020e-03
1.219765369587139624e-02
9.680683677568600876e-03
4.219609404819796641e-03
4.977183106487113873e-03
1.266381729202361445e-02
5.144063013528279125e-03
1.202637860898757294e-02
2.151318445918630473e-02
7.479449065704763672e-03
