9.708212018013000488e-01
9.733222126960754395e-01
9.858274459838867188e-01
9.779074788093566895e-01
9.899958372116088867e-01
9.687369465827941895e-01
9.908295273780822754e-01
9.845768809318542480e-01
9.591496586799621582e-01
9.774906039237976074e-01
9.808253645896911621e-01
9.937474131584167480e-01
9.899958372116088867e-01
9.804084897041320801e-01
9.699875116348266602e-01
9.845768809318542480e-01
9.699875116348266602e-01
9.633180499076843262e-01
9.920800328254699707e-01
9.929137229919433594e-01
9.929137229919433594e-01
9.729053974151611328e-01
9.754064083099365234e-01
9.891621470451354980e-01
9.887453317642211914e-01
9.774906039237976074e-01
9.766569137573242188e-01
9.729053974151611328e-01
9.949979186058044434e-01
9.883284568786621094e-01
9.804084897041320801e-01
9.829095602035522461e-01
9.858274459838867188e-01
9.866611361503601074e-01
9.908295273780822754e-01
9.974989295005798340e-01
9.595664739608764648e-01
9.816589951515197754e-01
9.874947667121887207e-01
9.874947667121887207e-01
9.870779514312744141e-01
9.799916744232177734e-01
9.837432503700256348e-01
9.933305382728576660e-01
9.924968481063842773e-01
9.770737886428833008e-01
9.920800328254699707e-01
9.824926853179931641e-01
9.712380170822143555e-01
9.862442612648010254e-01
