6.382978707551956177e-02
1.747967451810836792e-01
3.914893567562103271e-01
4.480000138282775879e-01
5.313653349876403809e-01
6.049821972846984863e-01
5.932203531265258789e-01
6.552901268005371094e-01
6.543624401092529297e-01
6.907216310501098633e-01
6.879194378852844238e-01
6.790540814399719238e-01
7.025316357612609863e-01
6.789297461509704590e-01
7.023411393165588379e-01
7.142857313156127930e-01
7.575757503509521484e-01
7.269841432571411133e-01
7.699680328369140625e-01
7.799353003501892090e-01
7.714285850524902344e-01
7.524116039276123047e-01
7.610062956809997559e-01
7.692307829856872559e-01
8.129032254219055176e-01
7.563291192054748535e-01
8.108974099159240723e-01
7.711598873138427734e-01
8.396226167678833008e-01
7.909967899322509766e-01
7.987616062164306641e-01
8.612903356552124023e-01
8.598726391792297363e-01
8.348909616470336914e-01
8.598726391792297363e-01
8.593271970748901367e-01
8.411214947700500488e-01
8.702531456947326660e-01
8.718749880790710449e-01
8.723404407501220703e-01
8.553845882415771484e-01
8.878504633903503418e-01
8.792569637298583984e-01
8.753993511199951172e-01
8.588588833808898926e-01
8.461538553237915039e-01
8.656250238418579102e-01
8.968750238418579102e-01
8.597015142440795898e-01
8.773006200790405273e-01
8.830769062042236328e-01
9.141104221343994141e-01
8.963414430618286133e-01
8.936170339584350586e-01
8.632218837738037109e-01
8.597561120986938477e-01
8.895522356033325195e-01
9.049080014228820801e-01
9.292307496070861816e-01
9.204893112182617188e-01
9.017857313156127930e-01
8.926380276679992676e-01
8.832335472106933594e-01
8.882175087928771973e-01
8.865671753883361816e-01
9.148936271667480469e-01
9.027355909347534180e-01
9.230769276618957520e-01
9.047619104385375977e-01
8.882352709770202637e-01
9.277108311653137207e-01
9.134328365325927734e-01
9.246987700462341309e-01
9.399399161338806152e-01
9.283581972122192383e-01
9.289940595626831055e-01
9.380530714988708496e-01
9.258159995079040527e-01
9.519519805908203125e-01
9.036144614219665527e-01
9.315476417541503906e-01
9.345238208770751953e-01
9.558823704719543457e-01
9.464285969734191895e-01
9.208211302757263184e-01
9.532163739204406738e-01
9.354838728904724121e-01
9.552238583564758301e-01
9.647058844566345215e-01
9.152047038078308105e-01
9.611940383911132812e-01
9.615384340286254883e-01
9.469026327133178711e-01
9.262536764144897461e-01
9.528023600578308105e-01
9.300291538238525391e-01
9.553571343421936035e-01
9.646017551422119141e-01
9.705882072448730469e-01
9.497041702270507812e-01
9.700598716735839844e-01
9.470587968826293945e-01
9.356725215911865234e-01
9.794721603393554688e-01
1.000000000000000000e+00
9.823529124259948730e-01
9.413489699363708496e-01
9.389534592628479004e-01
9.705014824867248535e-01
9.526627063751220703e-01
9.791666865348815918e-01
9.590643048286437988e-01
9.648093581199645996e-01
9.911764860153198242e-01
9.881656765937805176e-01
9.913043379783630371e-01
9.617646932601928711e-01
9.321534037590026855e-01
9.382352828979492188e-01
9.852507114410400391e-01
9.912536740303039551e-01
9.590643048286437988e-01
9.679300189018249512e-01
9.883381724357604980e-01
9.676470756530761719e-01
9.709302186965942383e-01
9.911504387855529785e-01
9.882698059082031250e-01
9.794117808341979980e-01
9.560117125511169434e-01
9.561403393745422363e-01
9.708454608917236328e-01
9.883381724357604980e-01
9.797101616859436035e-01
9.678362607955932617e-01
9.469026327133178711e-01
9.767441749572753906e-01
1.000000000000000000e+00
9.883040785789489746e-01
9.735293984413146973e-01
9.970760345458984375e-01
9.942029118537902832e-01
9.881656765937805176e-01
9.674556255340576172e-01
9.416909813880920410e-01
9.504373073577880859e-01
9.854227304458618164e-01
9.853372573852539062e-01
1.000000000000000000e+00
9.912790656089782715e-01
