4.550803858478541519e-01
1.267070724626704892e-01
9.848873057940719933e-02
1.047315571690518449e-01
7.945887970306664272e-02
7.381715106346398159e-02
6.966414753194935527e-02
7.609552095593036247e-02
9.292873652898242520e-02
5.510582434905193089e-02
5.951979188198095599e-02
6.145951389252263947e-02
5.830982356416515577e-02
5.573448337101696848e-02
5.663034643715698230e-02
5.452066537623753706e-02
5.695706334653651004e-02
4.627918490055265427e-02
4.606378619103171368e-02
4.973933109919967399e-02
4.843785691565537926e-02
4.728426669608320337e-02
3.921480355272898011e-02
3.793162791445932325e-02
3.619438216410007098e-02
3.270945096876809455e-02
3.694737234137727283e-02
3.154921136963579481e-02
4.110323880314366296e-02
3.723854267478496349e-02
2.977783342986169493e-02
3.157211780945690799e-02
3.055142623365893553e-02
2.844838428470231745e-02
2.984930433142765974e-02
2.670827978459883525e-02
2.960118197541387192e-02
2.199875138705770575e-02
2.606935970908735162e-02
2.333322757090119937e-02
2.413771014188093034e-02
2.064755964053294895e-02
2.399315486668572237e-02
1.816685909725155104e-02
1.555912873411676410e-02
2.045550599855594856e-02
2.144495678715529000e-02
1.621695803780878048e-02
2.000266544906925334e-02
1.374372276416291859e-02
1.770960268609899843e-02
1.092974504287378378e-02
1.510330629286522723e-02
1.695021885797980826e-02
1.142244881893416698e-02
1.223103607639566652e-02
2.300978039642716591e-02
1.041896928538267944e-02
1.993529181293595895e-02
1.767927750567664311e-02
8.435601943330255093e-03
1.232000535039975975e-02
1.207789043501186592e-02
1.647371632909173239e-02
1.532478782990104663e-02
1.358679938148087650e-02
9.502894258953498846e-03
1.096278666219712219e-02
7.019181722128289662e-03
6.131947275189206063e-03
9.098388738490854194e-03
9.092487257056093217e-03
6.743171103932511096e-03
4.067592670361684648e-03
9.708602633435287066e-03
2.199854839186933878e-02
1.500206547504764898e-02
1.647466027115926032e-02
9.974920234087586088e-03
4.375525718167343203e-03
5.523682992591335758e-03
3.385917937429153840e-03
1.127056617232879455e-02
1.323486220888211475e-02
4.648618416663342912e-03
5.429550126261219363e-03
1.623989390126484925e-02
7.137305382891268209e-03
8.963801836388219507e-03
3.651417494547673764e-03
5.980355033401777570e-03
3.638285605581902116e-03
3.245956717312554769e-03
4.491263861250786513e-03
2.130100555694175793e-03
1.791842941595248690e-03
1.665251661410406883e-03
1.585419678178955072e-03
1.552923579523102140e-03
1.495201578392587336e-03
1.466330628638996391e-03
1.424527276892212152e-03
1.385900800689703364e-03
1.452494341803013114e-03
1.950855051925044423e-02
1.989010074507223391e-02
1.377108487284728691e-02
1.098443277551859609e-02
2.328051535782893131e-03
7.696708267063409603e-03
3.930669053629104112e-03
1.799400413246092121e-03
4.318658431036842896e-03
8.265575637399130704e-03
3.801308114103950017e-03
2.547179042107417923e-03
1.918713496464944952e-03
8.801891580288863023e-03
4.407593328037572381e-03
3.470182105861402584e-03
3.086849608730844394e-03
9.918632922778359076e-03
4.593805836373904446e-03
6.761830649608767743e-03
5.178221196191182436e-03
7.010319108040449082e-03
1.698579614706861775e-03
1.076984571470185423e-03
1.052968597474629713e-03
1.039149575580087127e-03
1.115967188882573038e-03
3.174107480266225891e-03
7.576216960848760999e-03
3.482820640108494174e-03
9.834143480344344213e-03
4.284540678607479981e-03
2.026187561377479698e-03
2.233132827405408163e-03
1.135683019932904030e-03
8.192048673514400886e-03
5.043813089745757122e-03
2.697342009952022421e-03
9.851647264159184812e-04
9.572397426277837315e-04
3.192289505103114780e-03
2.612393233488974429e-03
3.866471458235085524e-03
7.389585919847837386e-03
9.761117903925536562e-03
3.733532883645354281e-03
