4.687500000000000000e-02
1.956521719694137573e-01
3.440860211849212646e-01
3.298968970775604248e-01
4.600000083446502686e-01
5.053763389587402344e-01
5.094339847564697266e-01
4.716981053352355957e-01
4.857142865657806396e-01
6.181818246841430664e-01
5.865384340286254883e-01
5.865384340286254883e-01
5.779816508293151855e-01
5.688073635101318359e-01
5.495495200157165527e-01
6.000000238418579102e-01
5.871559381484985352e-01
6.403508782386779785e-01
6.509433984756469727e-01
6.851851940155029297e-01
6.666666865348815918e-01
6.509433984756469727e-01
7.027027010917663574e-01
7.475728392601013184e-01
7.547169923782348633e-01
7.500000000000000000e-01
8.199999928474426270e-01
7.706422209739685059e-01
6.909090876579284668e-01
7.289719581604003906e-01
7.777777910232543945e-01
7.837837934494018555e-01
7.669903039932250977e-01
8.073394298553466797e-01
7.619047760963439941e-01
8.000000119209289551e-01
7.798165082931518555e-01
8.141592741012573242e-01
7.924528121948242188e-01
7.982456088066101074e-01
8.288288116455078125e-01
8.392857313156127930e-01
7.964601516723632812e-01
8.750000000000000000e-01
8.660714030265808105e-01
8.230088353157043457e-01
8.392857313156127930e-01
8.803418874740600586e-01
8.333333134651184082e-01
9.196428656578063965e-01
8.717948794364929199e-01
9.473684430122375488e-01
8.859649300575256348e-01
8.421052694320678711e-01
9.224137663841247559e-01
9.396551847457885742e-01
8.103448152542114258e-01
9.304347634315490723e-01
8.482142686843872070e-01
8.547008633613586426e-01
9.310345053672790527e-01
9.051724076271057129e-01
8.879310488700866699e-01
8.803418874740600586e-01
8.793103694915771484e-01
8.938053250312805176e-01
9.230769276618957520e-01
8.983050584793090820e-01
9.658119678497314453e-01
9.568965435028076172e-01
9.016393423080444336e-01
9.152542352676391602e-01
9.565217494964599609e-01
9.831932783126831055e-01
8.879310488700866699e-01
8.086956739425659180e-01
8.706896305084228516e-01
8.620689511299133301e-01
9.304347634315490723e-01
9.743589758872985840e-01
9.663865566253662109e-01
9.829059839248657227e-01
9.322034120559692383e-01
8.487395048141479492e-01
9.579831957817077637e-01
9.576271176338195801e-01
8.571428656578063965e-01
9.310345053672790527e-01
9.316239356994628906e-01
9.579831957817077637e-01
9.491525292396545410e-01
9.666666388511657715e-01
9.666666388511657715e-01
9.747899174690246582e-01
9.915966391563415527e-01
1.000000000000000000e+00
1.000000000000000000e+00
1.000000000000000000e+00
1.000000000000000000e+00
1.000000000000000000e+00
1.000000000000000000e+00
1.000000000000000000e+00
1.000000000000000000e+00
9.916666746139526367e-01
8.362069129943847656e-01
8.086956739425659180e-01
8.706896305084228516e-01
9.098360538482666016e-01
9.750000238418579102e-01
9.327731132507324219e-01
9.663865566253662109e-01
1.000000000000000000e+00
9.747899174690246582e-01
9.224137663841247559e-01
9.666666388511657715e-01
9.747899174690246582e-01
9.915966391563415527e-01
8.983050584793090820e-01
9.583333134651184082e-01
9.655172228813171387e-01
9.743589758872985840e-01
9.237288236618041992e-01
9.572649598121643066e-01
9.237288236618041992e-01
9.572649598121643066e-01
9.482758641242980957e-01
9.915966391563415527e-01
1.000000000000000000e+00
1.000000000000000000e+00
1.000000000000000000e+00
1.000000000000000000e+00
9.747899174690246582e-01
9.401709437370300293e-01
9.663865566253662109e-01
9.152542352676391602e-01
9.504132270812988281e-01
9.914529919624328613e-01
9.830508232116699219e-01
9.916666746139526367e-01
9.406779408454895020e-01
9.411764740943908691e-01
9.915254116058349609e-01
1.000000000000000000e+00
1.000000000000000000e+00
9.747899174690246582e-01
9.833333492279052734e-01
9.830508232116699219e-01
9.421487450599670410e-01
9.396551847457885742e-01
9.579831957817077637e-01
