5.042016878724098206e-02
1.512605100870132446e-01
2.689075767993927002e-01
2.689075767993927002e-01
3.865546286106109619e-01
3.949579894542694092e-01
4.537815153598785400e-01
4.201680719852447510e-01
4.285714328289031982e-01
5.714285969734191895e-01
5.126050710678100586e-01
5.126050710678100586e-01
5.294117927551269531e-01
5.210084319114685059e-01
5.126050710678100586e-01
5.042017102241516113e-01
5.378151535987854004e-01
6.134454011917114258e-01
5.798319578170776367e-01
6.218487620353698730e-01
6.050420403480529785e-01
5.798319578170776367e-01
6.554622054100036621e-01
6.470588445663452148e-01
6.722689270973205566e-01
6.806722879409790039e-01
6.890756487846374512e-01
7.058823704719543457e-01
6.386554837226867676e-01
6.554622054100036621e-01
7.058823704719543457e-01
7.310924530029296875e-01
6.638655662536621094e-01
7.394958138465881348e-01
6.722689270973205566e-01
7.394958138465881348e-01
7.142857313156127930e-01
7.731092572212219238e-01
7.058823704719543457e-01
7.647058963775634766e-01
7.731092572212219238e-01
7.899159789085388184e-01
7.563025355339050293e-01
8.235294222831726074e-01
8.151260614395141602e-01
7.815126180648803711e-01
7.899159789085388184e-01
8.655462265014648438e-01
7.983193397521972656e-01
8.655462265014648438e-01
8.571428656578063965e-01
9.075630307197570801e-01
8.487395048141479492e-01
8.067227005958557129e-01
8.991596698760986328e-01
9.159663915634155273e-01
7.899159789085388184e-01
8.991596698760986328e-01
7.983193397521972656e-01
8.403361439704895020e-01
9.075630307197570801e-01
8.823529481887817383e-01
8.655462265014648438e-01
8.655462265014648438e-01
8.571428656578063965e-01
8.487395048141479492e-01
9.075630307197570801e-01
8.907563090324401855e-01
9.495798349380493164e-01
9.327731132507324219e-01
9.243697524070739746e-01
9.075630307197570801e-01
9.243697524070739746e-01
9.831932783126831055e-01
8.655462265014648438e-01
7.815126180648803711e-01
8.487395048141479492e-01
8.403361439704895020e-01
8.991596698760986328e-01
9.579831957817077637e-01
9.663865566253662109e-01
9.663865566253662109e-01
9.243697524070739746e-01
8.487395048141479492e-01
9.579831957817077637e-01
9.495798349380493164e-01
8.571428656578063965e-01
9.075630307197570801e-01
9.159663915634155273e-01
9.579831957817077637e-01
9.411764740943908691e-01
9.747899174690246582e-01
9.747899174690246582e-01
9.747899174690246582e-01
9.915966391563415527e-01
1.000000000000000000e+00
1.000000000000000000e+00
1.000000000000000000e+00
1.000000000000000000e+00
1.000000000000000000e+00
1.000000000000000000e+00
1.000000000000000000e+00
1.000000000000000000e+00
1.000000000000000000e+00
8.151260614395141602e-01
7.815126180648803711e-01
8.487395048141479492e-01
9.327731132507324219e-01
9.831932783126831055e-01
9.327731132507324219e-01
9.663865566253662109e-01
9.747899174690246582e-01
9.747899174690246582e-01
8.991596698760986328e-01
9.747899174690246582e-01
9.747899174690246582e-01
9.915966391563415527e-01
8.907563090324401855e-01
9.663865566253662109e-01
9.411764740943908691e-01
9.579831957817077637e-01
9.159663915634155273e-01
9.411764740943908691e-01
9.159663915634155273e-01
9.411764740943908691e-01
9.243697524070739746e-01
9.915966391563415527e-01
1.000000000000000000e+00
1.000000000000000000e+00
1.000000000000000000e+00
9.915966391563415527e-01
9.747899174690246582e-01
9.243697524070739746e-01
9.663865566253662109e-01
9.075630307197570801e-01
9.663865566253662109e-01
9.747899174690246582e-01
9.747899174690246582e-01
1.000000000000000000e+00
9.327731132507324219e-01
9.411764740943908691e-01
9.831932783126831055e-01
1.000000000000000000e+00
1.000000000000000000e+00
9.747899174690246582e-01
9.915966391563415527e-01
9.747899174690246582e-01
9.579831957817077637e-01
9.159663915634155273e-01
9.579831957817077637e-01
