4.703706403400814695e-01
1.271301513848252518e-01
9.463419112866457150e-02
6.715479229023416097e-02
8.742928716046553805e-02
5.587701184561720547e-02
6.868055156738231415e-02
4.275256038208054971e-02
4.868897284871970960e-02
4.006730379827707494e-02
3.960410161093576992e-02
4.113297857473060398e-02
3.899680936923299174e-02
3.744086162609226720e-02
3.404318702670297569e-02
3.081027433603459459e-02
3.688558456194878515e-02
3.094217475983947543e-02
2.912567591377846973e-02
2.495134739623512329e-02
2.309088224698628219e-02
3.371044185225652301e-02
2.097506856107155329e-02
2.113275117486374324e-02
1.943737475111097929e-02
2.694229125436950131e-02
1.670651417335962396e-02
2.468697189580297546e-02
1.879686809107369502e-02
2.253595575728967182e-02
1.950972261953933667e-02
1.329755414405947057e-02
1.491182761415184299e-02
1.693693186275852317e-02
1.165184112917081252e-02
8.976012846420517236e-03
2.042304046157599959e-02
1.699613341032805633e-02
2.339027217361723532e-02
1.319885645764820765e-02
1.692985118480809861e-02
1.514152732837506336e-02
1.021866405211959393e-02
1.088067654332440341e-02
1.090862292482226020e-02
1.021619992683369185e-02
1.160563449311336100e-02
8.647581526119430678e-03
1.084054187219214357e-02
1.222044225659894151e-02
9.516121538834064822e-03
7.287487647809271114e-03
8.249891473703944642e-03
1.385176130948422013e-02
7.328172822358806904e-03
1.189395304529918332e-02
1.119111803819779205e-02
9.002399047632869342e-03
1.826976759631635666e-02
9.695400415233782973e-03
5.958568278220977531e-03
9.709345606983678031e-03
8.440190778453990697e-03
4.916182114697864765e-03
2.444329460560084721e-03
3.370840422748817237e-03
1.027140098529195217e-02
2.138776292301679607e-02
1.333867576179590016e-02
7.139066011879264401e-03
5.998576404214564853e-03
5.460213430297020457e-03
2.035351953291620469e-03
3.741616775903183409e-03
5.757436779467614042e-03
1.225136133393481611e-02
5.123243804736740334e-03
3.347881078413543487e-03
3.356458950975264779e-03
4.935043549962569477e-03
6.721865514476383849e-03
2.950099990867739285e-03
3.533866582736585639e-03
9.172167337489782815e-03
5.738151793905236185e-03
1.101368956506654923e-02
3.917825847446944863e-03
7.296674707322724218e-03
5.934935132202977422e-03
4.922542328510021506e-03
5.849181846006305113e-03
6.144086842096100308e-03
3.661185338078878655e-03
2.633838377267057763e-03
2.420548905922602356e-03
4.799974711466968710e-04
4.609354113734308832e-03
2.216575145368389777e-03
8.250053792520219836e-03
1.070296753999521247e-02
3.768136977450262277e-03
6.676930641649177559e-03
4.548375080803244638e-03
1.170046383024631650e-03
2.296064903366582498e-03
3.306918047934000898e-04
8.672825517938638376e-05
1.882836490086172961e-03
4.460522144288581702e-03
3.016410274171298696e-03
4.640795928028818365e-03
5.938203119793862735e-03
3.248479545439950881e-03
1.402685985015613432e-03
4.161979676115476652e-03
6.495830312363181508e-03
1.191608614910212409e-03
3.481047214333425708e-03
1.357740702674091731e-03
8.368805582934580808e-03
4.866516845353963464e-03
6.338461429200339427e-03
1.250500093903436551e-03
6.607910840809837379e-03
3.084027143245279389e-03
3.895833438389042754e-04
2.857797098854266814e-03
2.312907551237734175e-03
3.214297044918147401e-03
1.472308661817466578e-02
5.779999553898952820e-03
1.515395212420398655e-03
2.890313240507233310e-03
2.746922940173602765e-03
3.023215278261055794e-03
2.783488547415722647e-04
2.423918918377208513e-05
1.066809460885360032e-05
5.382588525354036775e-05
4.366196912713149990e-03
6.077441001786539065e-03
6.506147931586623266e-04
2.085322187659331347e-03
8.654069218399340624e-03
1.188120112415691964e-03
3.806760215640001693e-03
2.832772240628127561e-03
2.238737985002978246e-03
5.119131670095461613e-03
2.312828983159469481e-03
