3.252032399177551270e-02
7.317072898149490356e-02
1.707317084074020386e-01
3.089430928230285645e-01
2.520325183868408203e-01
3.658536672592163086e-01
3.983739912509918213e-01
5.284552574157714844e-01
4.796747863292694092e-01
5.121951103210449219e-01
5.447154641151428223e-01
5.609756112098693848e-01
5.609756112098693848e-01
5.365853905677795410e-01
5.528455376625061035e-01
6.260162591934204102e-01
5.691056847572326660e-01
6.585366129875183105e-01
5.853658318519592285e-01
6.666666865348815918e-01
7.073170542716979980e-01
5.853658318519592285e-01
6.991869807243347168e-01
6.829268336296081543e-01
6.829268336296081543e-01
6.747967600822448730e-01
7.235772609710693359e-01
6.585366129875183105e-01
7.235772609710693359e-01
7.235772609710693359e-01
7.398374080657958984e-01
7.642276287078857422e-01
7.642276287078857422e-01
7.804877758026123047e-01
8.211382031440734863e-01
8.536585569381713867e-01
7.560975551605224609e-01
7.642276287078857422e-01
7.154471278190612793e-01
7.560975551605224609e-01
7.804877758026123047e-01
7.967479825019836426e-01
8.455284833908081055e-01
8.373983502388000488e-01
8.211382031440734863e-01
8.292682766914367676e-01
8.211382031440734863e-01
8.699187040328979492e-01
8.130081295967102051e-01
8.373983502388000488e-01
8.373983502388000488e-01
8.861788511276245117e-01
8.780487775802612305e-01
8.536585569381713867e-01
9.024389982223510742e-01
8.455284833908081055e-01
8.699187040328979492e-01
8.780487775802612305e-01
7.723577022552490234e-01
8.699187040328979492e-01
9.186992049217224121e-01
8.943089246749877930e-01
9.186992049217224121e-01
9.268292784690856934e-01
9.674796462059020996e-01
9.430894255638122559e-01
8.617886304855346680e-01
8.130081295967102051e-01
8.130081295967102051e-01
8.943089246749877930e-01
9.268292784690856934e-01
9.105691313743591309e-01
9.430894255638122559e-01
9.512194991111755371e-01
8.943089246749877930e-01
8.617886304855346680e-01
9.186992049217224121e-01
9.512194991111755371e-01
9.430894255638122559e-01
9.349593520164489746e-01
9.268292784690856934e-01
9.430894255638122559e-01
9.349593520164489746e-01
9.105691313743591309e-01
9.349593520164489746e-01
8.780487775802612305e-01
9.512194991111755371e-01
9.024389982223510742e-01
9.268292784690856934e-01
9.268292784690856934e-01
9.349593520164489746e-01
9.105691313743591309e-01
9.593495726585388184e-01
9.593495726585388184e-01
9.512194991111755371e-01
1.000000000000000000e+00
9.430894255638122559e-01
9.512194991111755371e-01
9.186992049217224121e-01
8.861788511276245117e-01
9.593495726585388184e-01
9.268292784690856934e-01
9.430894255638122559e-01
9.756097793579101562e-01
9.674796462059020996e-01
1.000000000000000000e+00
1.000000000000000000e+00
9.674796462059020996e-01
9.512194991111755371e-01
9.430894255638122559e-01
9.430894255638122559e-01
9.349593520164489746e-01
9.593495726585388184e-01
9.756097793579101562e-01
9.430894255638122559e-01
9.349593520164489746e-01
9.756097793579101562e-01
9.593495726585388184e-01
9.837398529052734375e-01
9.186992049217224121e-01
9.186992049217224121e-01
9.430894255638122559e-01
9.756097793579101562e-01
9.105691313743591309e-01
9.674796462059020996e-01
9.918699264526367188e-01
9.756097793579101562e-01
9.674796462059020996e-01
9.674796462059020996e-01
8.455284833908081055e-01
9.268292784690856934e-01
9.837398529052734375e-01
9.512194991111755371e-01
9.674796462059020996e-01
9.593495726585388184e-01
9.918699264526367188e-01
1.000000000000000000e+00
1.000000000000000000e+00
1.000000000000000000e+00
9.593495726585388184e-01
9.186992049217224121e-01
1.000000000000000000e+00
9.756097793579101562e-01
9.268292784690856934e-01
9.837398529052734375e-01
9.512194991111755371e-01
9.512194991111755371e-01
9.674796462059020996e-01
9.674796462059020996e-01
9.593495726585388184e-01
