8.675496578216552734e-01
9.060402512550354004e-01
9.470198750495910645e-01
9.664429426193237305e-01
9.205297827720642090e-01
9.403973221778869629e-01
9.470198750495910645e-01
9.733333587646484375e-01
9.802631735801696777e-01
9.337748289108276367e-01
9.407894611358642578e-01
9.933333396911621094e-01
9.798657894134521484e-01
9.610389471054077148e-01
9.801324605941772461e-01
9.668874144554138184e-01
9.545454382896423340e-01
9.594594836235046387e-01
9.539473652839660645e-01
9.868420958518981934e-01
9.867549538612365723e-01
1.000000000000000000e+00
1.000000000000000000e+00
9.668874144554138184e-01
9.673202633857727051e-01
9.677419066429138184e-01
9.800000190734863281e-01
9.933775067329406738e-01
9.801324605941772461e-01
9.802631735801696777e-01
9.675324559211730957e-01
9.934640526771545410e-01
9.867549538612365723e-01
1.000000000000000000e+00
1.000000000000000000e+00
1.000000000000000000e+00
1.000000000000000000e+00
1.000000000000000000e+00
1.000000000000000000e+00
1.000000000000000000e+00
1.000000000000000000e+00
1.000000000000000000e+00
1.000000000000000000e+00
1.000000000000000000e+00
1.000000000000000000e+00
1.000000000000000000e+00
1.000000000000000000e+00
1.000000000000000000e+00
1.000000000000000000e+00
1.000000000000000000e+00
