6.037735939025878906e-02
2.361809015274047852e-01
3.474576175212860107e-01
5.500000119209289551e-01
5.666666626930236816e-01
6.080586314201354980e-01
6.678445339202880859e-01
6.585366129875183105e-01
6.999999880790710449e-01
7.062937021255493164e-01
6.952054500579833984e-01
7.379310131072998047e-01
7.401315569877624512e-01
7.533333301544189453e-01
7.931034564971923828e-01
7.823129296302795410e-01
7.770270109176635742e-01
8.175675868988037109e-01
7.854785323143005371e-01
8.310810923576354980e-01
8.211920261383056641e-01
8.203389644622802734e-01
7.599999904632568359e-01
8.445945978164672852e-01
8.371335268020629883e-01
8.316831588745117188e-01
8.443708419799804688e-01
8.239202499389648438e-01
8.642383813858032227e-01
8.381876945495605469e-01
8.478964567184448242e-01
8.653198480606079102e-01
8.649517893791198730e-01
8.874171972274780273e-01
8.509933948516845703e-01
8.980262875556945801e-01
8.782051205635070801e-01
8.807947039604187012e-01
8.483871221542358398e-01
8.668830990791320801e-01
8.859934806823730469e-01
8.829113841056823730e-01
9.123376607894897461e-01
8.990228176116943359e-01
8.814102411270141602e-01
9.067524075508117676e-01
8.980891704559326172e-01
8.774193525314331055e-01
9.044585824012756348e-01
8.865030407905578613e-01
9.090909361839294434e-01
9.111111164093017578e-01
8.874999880790710449e-01
9.322580695152282715e-01
8.849840164184570312e-01
9.230769276618957520e-01
9.299362897872924805e-01
9.090909361839294434e-01
9.525316357612609863e-01
9.305993914604187012e-01
9.337539672851562500e-01
9.343749880790710449e-01
9.281250238418579102e-01
9.373040795326232910e-01
9.472049474716186523e-01
9.187499880790710449e-01
9.430379867553710938e-01
9.415384531021118164e-01
9.554139971733093262e-01
9.228395223617553711e-01
9.620253443717956543e-01
9.843260049819946289e-01
9.503105878829956055e-01
9.588607549667358398e-01
9.323077201843261719e-01
9.622641801834106445e-01
9.718750119209289551e-01
9.630769491195678711e-01
9.538461565971374512e-01
9.721361994743347168e-01
9.312499761581420898e-01
9.503105878829956055e-01
9.628483057022094727e-01
9.877300858497619629e-01
9.696969985961914062e-01
9.695122241973876953e-01
9.688473343849182129e-01
9.656249880790710449e-01
9.722222089767456055e-01
9.815384745597839355e-01
9.845678806304931641e-01
9.876543283462524414e-01
9.601227045059204102e-01
9.323077201843261719e-01
9.437500238418579102e-01
9.538461565971374512e-01
9.938271641731262207e-01
9.816513657569885254e-01
9.785276055335998535e-01
9.846625924110412598e-01
9.787234067916870117e-01
9.814814925193786621e-01
9.595015645027160645e-01
9.877675771713256836e-01
9.816513657569885254e-01
9.818181991577148438e-01
9.969230890274047852e-01
9.878048896789550781e-01
1.000000000000000000e+00
9.753845930099487305e-01
9.329268336296081543e-01
9.687500000000000000e-01
9.693251252174377441e-01
9.724770784378051758e-01
9.817629456520080566e-01
9.574468135833740234e-01
9.814814925193786621e-01
9.817629456520080566e-01
1.000000000000000000e+00
9.877675771713256836e-01
9.661538600921630859e-01
9.602446556091308594e-01
9.754601120948791504e-01
9.939209818840026855e-01
1.000000000000000000e+00
9.938837885856628418e-01
9.908536672592163086e-01
9.969419240951538086e-01
9.877675771713256836e-01
9.542682766914367676e-01
9.783950448036193848e-01
9.939209818840026855e-01
9.907975196838378906e-01
9.817073345184326172e-01
9.846625924110412598e-01
9.633027315139770508e-01
9.785932898521423340e-01
9.969512224197387695e-01
9.969604611396789551e-01
1.000000000000000000e+00
1.000000000000000000e+00
1.000000000000000000e+00
9.969325065612792969e-01
9.598765373229980469e-01
9.415384531021118164e-01
9.848024249076843262e-01
9.908814430236816406e-01
9.938837885856628418e-01
9.969512224197387695e-01
9.756838679313659668e-01
