4.878048598766326904e-02
1.432926803827285767e-01
2.500000000000000000e-01
4.359756112098693848e-01
4.664634168148040771e-01
5.060975551605224609e-01
5.762194991111755371e-01
5.762194991111755371e-01
6.189024448394775391e-01
6.158536672592163086e-01
6.189024448394775391e-01
6.524389982223510742e-01
6.859756112098693848e-01
6.890243887901306152e-01
7.012194991111755371e-01
7.012194991111755371e-01
7.012194991111755371e-01
7.378048896789550781e-01
7.256097793579101562e-01
7.500000000000000000e-01
7.560975551605224609e-01
7.378048896789550781e-01
6.951219439506530762e-01
7.621951103210449219e-01
7.835366129875183105e-01
7.682926654815673828e-01
7.774389982223510742e-01
7.560975551605224609e-01
7.957317233085632324e-01
7.896341681480407715e-01
7.987805008888244629e-01
7.835366129875183105e-01
8.201219439506530762e-01
8.170731663703918457e-01
7.835366129875183105e-01
8.323170542716979980e-01
8.353658318519592285e-01
8.109756112098693848e-01
8.018292784690856934e-01
8.140243887901306152e-01
8.292682766914367676e-01
8.506097793579101562e-01
8.567073345184326172e-01
8.414633870124816895e-01
8.384146094322204590e-01
8.597561120986938477e-01
8.597561120986938477e-01
8.292682766914367676e-01
8.658536672592163086e-01
8.810975551605224609e-01
8.536585569381713867e-01
8.750000000000000000e-01
8.658536672592163086e-01
8.810975551605224609e-01
8.445122241973876953e-01
8.780487775802612305e-01
8.902438879013061523e-01
8.841463327407836914e-01
9.176829457283020020e-01
8.993902206420898438e-01
9.024389982223510742e-01
9.115853905677795410e-01
9.054877758026123047e-01
9.115853905677795410e-01
9.298780560493469238e-01
8.963414430618286133e-01
9.085366129875183105e-01
9.329268336296081543e-01
9.146341681480407715e-01
9.115853905677795410e-01
9.268292784690856934e-01
9.573170542716979980e-01
9.329268336296081543e-01
9.237805008888244629e-01
9.237805008888244629e-01
9.329268336296081543e-01
9.481707215309143066e-01
9.542682766914367676e-01
9.451219439506530762e-01
9.573170542716979980e-01
9.085366129875183105e-01
9.329268336296081543e-01
9.481707215309143066e-01
9.817073345184326172e-01
9.756097793579101562e-01
9.695122241973876953e-01
9.481707215309143066e-01
9.420731663703918457e-01
9.603658318519592285e-01
9.725610017776489258e-01
9.725610017776489258e-01
9.756097793579101562e-01
9.542682766914367676e-01
9.237805008888244629e-01
9.207317233085632324e-01
9.451219439506530762e-01
9.817073345184326172e-01
9.786585569381713867e-01
9.725610017776489258e-01
9.786585569381713867e-01
9.817073345184326172e-01
9.695122241973876953e-01
9.390243887901306152e-01
9.847561120986938477e-01
9.786585569381713867e-01
9.878048896789550781e-01
9.878048896789550781e-01
9.878048896789550781e-01
9.939024448394775391e-01
9.664633870124816895e-01
9.329268336296081543e-01
9.451219439506530762e-01
9.634146094322204590e-01
9.695122241973876953e-01
9.847561120986938477e-01
9.603658318519592285e-01
9.695122241973876953e-01
9.847561120986938477e-01
9.969512224197387695e-01
9.847561120986938477e-01
9.573170542716979980e-01
9.573170542716979980e-01
9.695122241973876953e-01
9.969512224197387695e-01
9.969512224197387695e-01
9.908536672592163086e-01
9.908536672592163086e-01
9.939024448394775391e-01
9.847561120986938477e-01
9.542682766914367676e-01
9.664633870124816895e-01
9.969512224197387695e-01
9.847561120986938477e-01
9.817073345184326172e-01
9.786585569381713867e-01
9.603658318519592285e-01
9.756097793579101562e-01
9.969512224197387695e-01
1.000000000000000000e+00
1.000000000000000000e+00
1.000000000000000000e+00
1.000000000000000000e+00
9.908536672592163086e-01
9.481707215309143066e-01
9.329268336296081543e-01
9.878048896789550781e-01
9.939024448394775391e-01
9.908536672592163086e-01
9.969512224197387695e-01
9.786585569381713867e-01
