9.650654792785644531e-01
9.730312824249267578e-01
9.847660660743713379e-01
9.806034564971923828e-01
9.805194735527038574e-01
9.903121590614318848e-01
9.806451797485351562e-01
9.848484992980957031e-01
9.849137663841247559e-01
9.838187694549560547e-01
9.946236610412597656e-01
9.881720542907714844e-01
9.784482717514038086e-01
9.817792177200317383e-01
9.967707395553588867e-01
9.935759902000427246e-01
9.914255142211914062e-01
9.892357587814331055e-01
9.870828986167907715e-01
9.924731254577636719e-01
9.882100820541381836e-01
9.806659221649169922e-01
9.860365390777587891e-01
9.859913587570190430e-01
9.978494644165039062e-01
9.860664606094360352e-01
9.913606643676757812e-01
9.903537034988403320e-01
1.000000000000000000e+00
9.935414195060729980e-01
9.935553073883056641e-01
9.913886189460754395e-01
9.956989288330078125e-01
9.752953648567199707e-01
9.967811107635498047e-01
9.903537034988403320e-01
9.924731254577636719e-01
9.989281892776489258e-01
9.935829043388366699e-01
9.914255142211914062e-01
9.733475446701049805e-01
9.925133585929870605e-01
9.860215187072753906e-01
9.892933368682861328e-01
9.967845678329467773e-01
9.989270567893981934e-01
9.871106147766113281e-01
9.860664606094360352e-01
9.903329610824584961e-01
9.946466684341430664e-01
