5.732319010370074963e-01
1.121564614834260620e-01
8.228114318721584108e-02
7.151086728324830555e-02
5.968602111572458846e-02
5.494707312768278007e-02
5.921349491537140908e-02
5.294161907191103494e-02
5.556254448190524331e-02
4.182527139898212926e-02
3.672611826038209293e-02
4.075009865190660358e-02
4.214290640459019549e-02
3.772948241854262585e-02
3.014968995315825753e-02
4.288357395113863435e-02
3.229382125312364044e-02
5.089787418293967303e-02
3.599593598845763492e-02
2.457794158986943353e-02
2.537116717312999994e-02
2.129985664436184409e-02
2.710356644804323006e-02
2.481461290695854624e-02
3.106855082261191642e-02
2.629055608179853287e-02
1.854601912786220386e-02
1.587475703812938135e-02
2.596851639634484982e-02
2.931666352119091656e-02
2.139559266171545820e-02
2.183971581654800889e-02
1.839602886620438082e-02
1.549208350162088570e-02
1.468164930637896534e-02
1.796031497313580264e-02
1.651691327091225556e-02
1.783428019775459838e-02
1.278244824106187540e-02
1.077999596921170623e-02
1.020437211250173337e-02
1.463167490372915824e-02
1.662565119182550510e-02
1.425392828196961857e-02
1.201787463618774442e-02
1.755542621572445464e-02
1.062188135428939265e-02
1.014049289536100330e-02
1.387283705184341048e-02
1.171864496473925578e-02
1.053040882564536783e-02
1.389768281944517118e-02
1.024894184360104592e-02
1.148387712129113336e-02
8.300197797490811713e-03
9.262872543786535018e-03
1.622063639418448375e-02
8.447319233744228842e-03
6.200269350336729685e-03
6.352966544328680042e-03
5.540381039889255566e-03
5.434771087398922000e-03
8.731151442404683563e-03
1.052739250043440572e-02
1.376683404310486032e-02
7.544431556107674547e-03
6.662395403941894466e-03
1.345123768312993413e-02
7.480737633236173890e-03
4.582659405790977421e-03
7.802616549542041278e-03
1.144140563847096878e-02
7.182449131718319883e-03
9.499134925167788956e-03
7.848225861256767633e-03
4.117796606140687078e-03
7.220716750152812551e-03
5.947823485074012727e-03
8.014866010938856422e-03
3.716684679239962066e-03
2.882750246099739008e-03
5.421103840461416641e-03
5.586893067978409254e-03
3.157312619215663346e-03
2.117460564487646038e-02
1.543995159774400397e-02
4.684466736666430958e-03
8.423792244285323999e-03
6.126638165476061895e-03
1.908700734468035589e-03
2.530053947176144364e-03
3.378426197013684792e-03
1.963922185686171190e-03
4.833966494522290609e-03
4.232170161935347452e-03
9.140341123653177718e-03
3.210900733256519344e-03
3.900964723989791983e-03
1.166683561561476746e-03
3.146441736237030797e-03
5.254023212359962107e-03
1.021745044314320908e-02
5.280032364658311834e-03
1.436321261633158883e-03
1.768527236164591562e-03
1.799232808472134510e-03
3.866565692518905695e-03
5.730671994969731287e-03
4.768382420421350340e-03
4.955441009860052544e-03
2.368787863572741331e-03
3.966909149319917775e-03
1.368046775471204804e-02
5.106704917708466615e-03
8.394940953445907336e-03
1.386812477104984714e-03
7.381243433870534340e-04
2.587119160234478167e-03
1.027892974967122702e-02
7.910615159150752654e-03
4.186981516127064908e-03
1.386196518285290466e-03
6.877522349044576724e-03
1.703789083251308883e-03
2.376650688182272136e-03
1.113050679684200175e-03
1.226303115383172077e-04
8.382967992555506167e-04
1.826076095338797719e-04
4.899705294149627258e-03
7.649957417073046002e-03
9.751077612019536968e-04
1.578197740039949393e-03
6.021384375610313536e-04
5.237995516668345758e-03
2.276663231456122448e-03
8.145139760968906836e-03
6.083790944949637146e-03
3.736282023798354404e-03
6.951747982666977611e-04
2.525039057142891303e-03
5.536767064498382060e-03
1.529959516265101856e-03
6.052073617284723164e-03
1.634819628230499552e-03
2.682373881165920878e-04
7.731959669955901140e-04
8.013308916707728626e-05
5.139074631615857285e-05
9.031543633043506020e-03
