7.638888806104660034e-02
1.746031790971755981e-01
4.094488322734832764e-01
4.776119291782379150e-01
5.179855823516845703e-01
6.159420013427734375e-01
5.863192081451416016e-01
7.188612222671508789e-01
7.156862616539001465e-01
7.578947544097900391e-01
7.524752616882324219e-01
7.623762488365173340e-01
7.427652478218078613e-01
7.572815418243408203e-01
7.755775451660156250e-01
7.878788113594055176e-01
7.859424948692321777e-01
8.045602440834045410e-01
8.258064389228820801e-01
7.857142686843872070e-01
8.025477528572082520e-01
8.267973661422729492e-01
8.394649028778076172e-01
8.636363744735717773e-01
8.481012582778930664e-01
8.262295126914978027e-01
8.566879034042358398e-01
8.456591367721557617e-01
8.730158805847167969e-01
8.863636255264282227e-01
8.806451559066772461e-01
8.924050927162170410e-01
8.757961988449096680e-01
8.639240264892578125e-01
8.603174686431884766e-01
8.742138147354125977e-01
9.111111164093017578e-01
9.053627848625183105e-01
8.902821540832519531e-01
8.937500119209289551e-01
8.962264060974121094e-01
8.727272748947143555e-01
9.179810881614685059e-01
8.971962332725524902e-01
9.028213024139404297e-01
9.281250238418579102e-01
8.861538171768188477e-01
9.102166891098022461e-01
9.133126735687255859e-01
9.392971396446228027e-01
8.902438879013061523e-01
9.435736536979675293e-01
9.228395223617553711e-01
9.268292784690856934e-01
9.261538386344909668e-01
9.359756112098693848e-01
9.496855139732360840e-01
9.509202241897583008e-01
9.353846311569213867e-01
9.444444179534912109e-01
9.451219439506530762e-01
9.212121367454528809e-01
9.487951993942260742e-01
9.507692456245422363e-01
9.457831382751464844e-01
9.545454382896423340e-01
9.417178034782409668e-01
9.422492384910583496e-01
9.283581972122192383e-01
9.574468135833740234e-01
9.456193447113037109e-01
9.545454382896423340e-01
9.579579830169677734e-01
9.577039480209350586e-01
9.546827673912048340e-01
9.758307933807373047e-01
9.728915691375732422e-01
9.399399161338806152e-01
9.696969985961914062e-01
9.577039480209350586e-01
9.727272987365722656e-01
9.850746393203735352e-01
9.492537379264831543e-01
9.449541568756103516e-01
9.457831382751464844e-01
9.701492786407470703e-01
9.757575988769531250e-01
9.760479331016540527e-01
9.789789915084838867e-01
9.762611389160156250e-01
9.617646932601928711e-01
9.369369149208068848e-01
9.758307933807373047e-01
9.761904478073120117e-01
9.728096723556518555e-01
9.761193990707397461e-01
9.910447597503662109e-01
9.821428656578063965e-01
9.788519740104675293e-01
9.525222778320312500e-01
9.759036302566528320e-01
9.643917083740234375e-01
9.760479331016540527e-01
9.851190447807312012e-01
9.939758777618408203e-01
9.970326423645019531e-01
1.000000000000000000e+00
1.000000000000000000e+00
1.000000000000000000e+00
9.970238208770751953e-01
9.552238583564758301e-01
9.574468135833740234e-01
9.790419340133666992e-01
9.879879951477050781e-01
9.792284965515136719e-01
9.879879951477050781e-01
9.909909963607788086e-01
9.850746393203735352e-01
9.789789915084838867e-01
9.671641588211059570e-01
9.970149397850036621e-01
1.000000000000000000e+00
1.000000000000000000e+00
1.000000000000000000e+00
1.000000000000000000e+00
9.910714030265808105e-01
9.552238583564758301e-01
9.729729890823364258e-01
9.732142686843872070e-01
9.909909963607788086e-01
1.000000000000000000e+00
1.000000000000000000e+00
9.909909963607788086e-01
9.849849939346313477e-01
9.730538725852966309e-01
9.792284965515136719e-01
9.484848380088806152e-01
9.789789915084838867e-01
9.970238208770751953e-01
9.881305694580078125e-01
9.821958541870117188e-01
9.970238208770751953e-01
9.970059990882873535e-01
9.880596995353698730e-01
9.821958541870117188e-01
9.820359349250793457e-01
9.880239367485046387e-01
9.880952239036560059e-01
9.910179376602172852e-01
9.970149397850036621e-01
