3.661081615634024233e-01
1.058838113884839893e-01
8.031048478285325587e-02
6.835787716202106068e-02
6.463774867457210138e-02
6.538741711188696126e-02
5.709613531926573810e-02
5.694644898861241089e-02
5.288944151711490183e-02
5.125885929483488951e-02
5.227260206630449796e-02
5.027536144147860819e-02
5.178513234661383247e-02
4.370908042311164032e-02
4.082710621176331017e-02
4.536149629952441337e-02
4.052347085654801201e-02
3.416625953698342738e-02
3.741109780775422194e-02
4.026590078197756634e-02
3.387301755262762948e-02
3.961341899078792833e-02
3.073211956828142064e-02
2.996261436807326831e-02
3.156380698669861845e-02
2.948989197145976057e-02
2.855915784028829202e-02
2.353571769317290910e-02
2.426712008576076968e-02
3.122179456255198479e-02
2.304648855134554253e-02
2.253352074721864245e-02
2.339443717865700295e-02
2.123759106163287599e-02
3.032863996621548708e-02
2.398028636317660334e-02
1.783470476252404027e-02
1.572021356303931333e-02
2.028268535353268051e-02
1.859871872538736842e-02
1.989677775022342596e-02
1.261318075744988047e-02
1.420116800035282553e-02
1.517862962944547568e-02
9.647196172125180672e-03
1.354211224133437114e-02
1.349211088527280285e-02
1.210154631576196294e-02
1.470895829097083191e-02
1.790852980645741416e-02
1.831301438607448040e-02
1.163752120688322025e-02
1.001027512369912463e-02
1.043099353111165070e-02
5.355847890359671792e-03
9.366058541030930149e-03
6.746062543842587002e-03
9.779881315875104536e-03
9.357088441803294854e-03
7.415200566938719325e-03
8.317133994055784726e-03
9.271443410289828893e-03
6.299331938384122170e-03
1.334759033719744303e-02
9.033127309382509365e-03
8.656195590701385584e-03
5.206092558345616975e-03
6.640025515485392139e-03
7.299296962595317080e-03
5.459097876826951752e-03
4.355001605330593648e-03
5.174687864127356339e-03
8.175637405167041766e-03
6.560666845842878098e-03
5.084420281519572496e-03
3.086986478247534787e-03
4.701449481240169148e-03
1.734381613753867638e-02
1.402005348861513380e-02
6.113237028981930235e-03
3.488253638077747944e-03
2.510477506763528818e-03
2.313142267400731134e-03
9.702345560403809535e-03
4.778834906125488044e-03
5.668426081695761114e-03
3.474963589154564728e-03
6.982699665472147203e-03
5.353515949572939039e-03
4.583604803871268833e-03
2.646575254566608647e-03
7.770028004440595465e-03
4.784292095906295811e-03
2.297662266877073187e-03
2.028831150865715791e-03
1.967104313944429816e-03
1.964851724649750459e-03
1.931395173434520248e-03
2.235108246431151933e-03
5.911231628297504599e-03
8.430786204213325946e-03
6.033862133124386594e-03
3.214455803480504963e-03
2.054659375667766772e-03
2.752882900893408816e-03
8.141203674444269164e-03
2.709744000018229383e-03
1.141200313382617973e-02
5.265991331804947481e-03
4.243959479651174954e-03
1.845717943986276924e-03
1.987514020902498169e-03
1.097726595876433522e-02
3.386197130700334314e-03
4.748853817842448206e-03
2.460061376825325649e-03
1.626305349164996160e-03
1.595295112572867957e-03
1.601363545903301041e-03
1.573225189626844319e-03
1.559613722666985773e-03
1.523076443461637581e-03
1.501066506432342578e-03
1.479140773046324752e-03
1.456014096802672481e-03
1.432926781868076307e-03
1.408439344310678755e-03
1.381530733429698439e-03
1.354687220849228263e-03
1.326111055447837554e-03
1.304903455471134168e-03
1.290861337023344263e-03
1.232519713372578520e-03
1.231324963047949767e-03
2.553271990301619887e-02
6.669631849060882883e-03
4.732501261875118014e-03
2.589534658881444736e-03
6.191458740393566279e-03
6.556705916076062575e-03
2.660665542240767904e-03
2.513877804959333429e-03
1.309885166843365945e-03
1.148692743879108904e-03
1.128995806790899321e-03
1.122177769594393231e-03
1.114012291711460921e-03
1.100133038812692744e-03
1.089028241290940701e-03
1.077375612231933977e-03
