1.126760542392730713e-01
3.380281627178192139e-01
4.718309938907623291e-01
5.633803009986877441e-01
5.281690359115600586e-01
5.492957830429077148e-01
5.845070481300354004e-01
5.985915660858154297e-01
5.915492773056030273e-01
6.549295783042907715e-01
6.197183132171630859e-01
6.267605423927307129e-01
6.126760840415954590e-01
7.253521084785461426e-01
7.183098793029785156e-01
6.760563254356384277e-01
7.042253613471984863e-01
7.464788556098937988e-01
7.323943376541137695e-01
6.971830725669860840e-01
7.394366264343261719e-01
7.042253613471984863e-01
7.887324094772338867e-01
7.746478915214538574e-01
7.676056623458862305e-01
7.887324094772338867e-01
7.746478915214538574e-01
8.239436745643615723e-01
7.957746386528015137e-01
7.394366264343261719e-01
8.098591566085815430e-01
8.309859037399291992e-01
8.169013857841491699e-01
8.450704216957092285e-01
7.957746386528015137e-01
8.028169274330139160e-01
8.873239159584045410e-01
9.014084339141845703e-01
8.661971688270568848e-01
8.450704216957092285e-01
8.380281925201416016e-01
9.084507226943969727e-01
8.873239159584045410e-01
8.661971688270568848e-01
9.366196990013122559e-01
8.943662047386169434e-01
9.014084339141845703e-01
9.295774698257446289e-01
8.450704216957092285e-01
8.661971688270568848e-01
8.661971688270568848e-01
9.154929518699645996e-01
9.084507226943969727e-01
9.295774698257446289e-01
9.859154820442199707e-01
9.507042169570922852e-01
9.647887349128723145e-01
9.295774698257446289e-01
9.366196990013122559e-01
9.577465057373046875e-01
9.436619877815246582e-01
9.295774698257446289e-01
9.507042169570922852e-01
8.943662047386169434e-01
9.366196990013122559e-01
9.436619877815246582e-01
9.647887349128723145e-01
9.507042169570922852e-01
9.647887349128723145e-01
9.577465057373046875e-01
9.788732528686523438e-01
9.788732528686523438e-01
9.436619877815246582e-01
9.718309640884399414e-01
9.718309640884399414e-01
9.929577708244323730e-01
9.859154820442199707e-01
8.802816867828369141e-01
9.014084339141845703e-01
9.577465057373046875e-01
9.788732528686523438e-01
1.000000000000000000e+00
1.000000000000000000e+00
9.295774698257446289e-01
9.647887349128723145e-01
9.577465057373046875e-01
9.788732528686523438e-01
9.295774698257446289e-01
9.577465057373046875e-01
9.647887349128723145e-01
9.859154820442199707e-01
9.577465057373046875e-01
9.788732528686523438e-01
1.000000000000000000e+00
1.000000000000000000e+00
1.000000000000000000e+00
1.000000000000000000e+00
1.000000000000000000e+00
9.929577708244323730e-01
9.507042169570922852e-01
9.507042169570922852e-01
9.647887349128723145e-01
9.718309640884399414e-01
1.000000000000000000e+00
9.859154820442199707e-01
9.647887349128723145e-01
9.788732528686523438e-01
9.154929518699645996e-01
9.577465057373046875e-01
9.718309640884399414e-01
1.000000000000000000e+00
1.000000000000000000e+00
9.225352406501770020e-01
9.788732528686523438e-01
9.647887349128723145e-01
9.929577708244323730e-01
1.000000000000000000e+00
1.000000000000000000e+00
1.000000000000000000e+00
1.000000000000000000e+00
1.000000000000000000e+00
1.000000000000000000e+00
1.000000000000000000e+00
1.000000000000000000e+00
1.000000000000000000e+00
1.000000000000000000e+00
1.000000000000000000e+00
1.000000000000000000e+00
1.000000000000000000e+00
1.000000000000000000e+00
1.000000000000000000e+00
1.000000000000000000e+00
1.000000000000000000e+00
1.000000000000000000e+00
8.450704216957092285e-01
9.225352406501770020e-01
9.436619877815246582e-01
9.788732528686523438e-01
9.577465057373046875e-01
9.507042169570922852e-01
9.929577708244323730e-01
9.859154820442199707e-01
1.000000000000000000e+00
1.000000000000000000e+00
1.000000000000000000e+00
1.000000000000000000e+00
1.000000000000000000e+00
1.000000000000000000e+00
1.000000000000000000e+00
1.000000000000000000e+00
