19
[0.049750386615502594, 0.94262296, 0.8778626]

21
[0.05777431081735887, 0.9557522, 0.8244275]

23
[0.058778156393990366, 0.96363634, 0.8091603]

25
[0.06203157872889379, 0.963964, 0.8167939]

27
[0.06621357239125882, 0.972973, 0.8244275]

29
[0.05319447959689863, 0.92913383, 0.90076333]

31
[0.05793447725220148, 0.98214287, 0.8396947]

33
[0.05328730739626834, 0.9047619, 0.870229]

vote:
accuracy= 0.9869777536625067
precision= 0.9349593495934959
recall= 0.8778625954198473
f1= 0.905511811023622

probability:
accuracy= 0.989148128052089
precision= 0.9663865546218487
recall= 0.8778625954198473
f1= 0.9200000000000002

vote:
accuracy= 0.9869777536625067
precision= 0.9349593495934959
recall= 0.8778625954198473
f1= 0.905511811023622

probability:
accuracy= 0.989148128052089
precision= 0.9663865546218487
recall= 0.8778625954198473
f1= 0.9200000000000002

