19
[0.058939411124851626, 0.95726496, 0.8549618]

21
[0.06346164853501574, 0.963964, 0.8167939]

23
[0.05416212069644829, 0.90225565, 0.9160305]

25
[0.05285477593169223, 0.8686131, 0.90839696]

27
[0.04018259036902498, 0.98245615, 0.8549618]

29
[0.0512103617890691, 0.9736842, 0.84732825]

31
[0.053562944836316226, 0.9302326, 0.9160305]

33
[0.044963693518112746, 0.96581197, 0.86259544]

vote:
accuracy= 0.9810092240911558
precision= 0.8478260869565217
recall= 0.8931297709923665
f1= 0.8698884758364313

probability:
accuracy= 0.9886055344546935
precision= 0.9661016949152542
recall= 0.8702290076335878
f1= 0.9156626506024097

vote:
accuracy= 0.9810092240911558
precision= 0.8478260869565217
recall= 0.8931297709923665
f1= 0.8698884758364313

probability:
accuracy= 0.9886055344546935
precision= 0.9661016949152542
recall= 0.8702290076335878
f1= 0.9156626506024097

