19
[0.03288216239404352, 0.936, 0.89312977]

21
[0.043151255532148144, 0.981982, 0.83206105]

23
[0.034621854627285634, 0.9117647, 0.9465649]

25
[0.040408972280107064, 0.8759124, 0.9160305]

27
[0.03228632480219892, 0.9747899, 0.8854962]

29
[0.02624422147272764, 0.96747965, 0.90839696]

31
[0.03052679686868999, 0.9596774, 0.90839696]

33
[0.03854881312177131, 0.9586777, 0.8854962]

vote:
accuracy= 0.9858925664677157
precision= 0.8671328671328671
recall= 0.9465648854961832
f1= 0.9051094890510948

probability:
accuracy= 0.9907759088442757
precision= 0.9523809523809523
recall= 0.916030534351145
f1= 0.933852140077821

vote:
accuracy= 0.9858925664677157
precision= 0.8671328671328671
recall= 0.9465648854961832
f1= 0.9051094890510948

probability:
accuracy= 0.9907759088442757
precision= 0.9523809523809523
recall= 0.916030534351145
f1= 0.933852140077821

