5.077358177654364146e-01
2.188417719468470635e-01
2.120464440288312713e-01
1.771640324740942352e-01
1.890213650927491384e-01
1.702849402716312688e-01
1.619159689554716675e-01
1.394221026020709964e-01
1.439619721750050041e-01
1.395583118428816438e-01
1.289317724706833257e-01
1.361133705441599229e-01
1.304322332865630596e-01
1.296262591510978779e-01
1.230905661455105188e-01
1.326763721552111086e-01
1.165861908676535108e-01
1.082747153487284564e-01
1.151191251426947615e-01
1.075928308734614147e-01
1.039829306079811111e-01
9.983117272879016291e-02
9.866494086356272786e-02
1.081116399558578883e-01
9.763555906095082448e-02
9.391508578569951471e-02
9.418547907927415919e-02
9.173030583151378647e-02
8.954498322911925989e-02
9.438266487410830463e-02
8.408899003986583520e-02
8.333793012516312049e-02
8.171528654531917679e-02
7.734977989871753834e-02
7.632400512656108138e-02
7.712559144745444184e-02
7.237337101296002773e-02
6.989229951437495036e-02
7.257228800329207363e-02
6.377362171773719168e-02
6.761026389376953438e-02
6.867928117671405486e-02
6.228371877134578072e-02
6.112848679170045096e-02
6.586550385417032361e-02
5.841761548997743969e-02
5.763215147463498361e-02
5.133919455708417512e-02
5.412321560528039754e-02
4.884539368538831638e-02
5.273986031125291879e-02
5.099672789631056607e-02
5.110900362463963176e-02
4.295991927791058262e-02
5.874043743652000021e-02
4.836107310441904034e-02
5.277851087774791672e-02
4.198720805617035812e-02
3.854414440192401037e-02
3.473982807417780316e-02
3.922171329997450884e-02
4.906013582838634340e-02
3.518747672309342767e-02
3.535281099935382726e-02
3.150547309226744280e-02
3.270988539590511529e-02
3.591197487206426731e-02
3.344221725769930265e-02
2.974521145428368415e-02
2.545518215568259510e-02
2.489186857679137957e-02
2.346095435856804592e-02
3.291200129327702395e-02
2.376917318135588972e-02
2.754092226946034186e-02
4.625174567881393944e-02
2.956897696534760075e-02
1.852515962393810542e-02
1.896714544858558657e-02
1.554522906888765148e-02
1.973770211939169031e-02
2.379336756883783377e-02
1.751605890162962961e-02
1.585684063651708609e-02
2.363237210925972498e-02
1.782470597903984197e-02
2.246563515302229738e-02
1.491502910227194591e-02
2.768640197731991881e-02
1.788030614925363929e-02
1.245394029344510517e-02
1.524018788685189627e-02
2.689518231772067280e-02
1.598962083531085127e-02
9.559607158063351817e-03
1.287001105202605425e-02
1.110132325879431732e-02
2.714590251408900007e-02
1.322465097638397639e-02
9.016685408532213244e-03
1.214924734968660623e-02
5.517740002409766108e-03
4.732434731206286264e-03
5.216738685737938065e-03
5.869272355846503336e-03
3.322337073426648996e-02
1.773696633111500331e-02
1.334054985024600570e-02
1.138379553788046276e-02
7.143917226543806780e-03
1.341207797801565252e-02
6.583851072374862987e-03
7.500900852882946140e-03
7.318411172414070361e-03
1.065212190650790224e-02
8.933163315792358450e-03
8.922132098455201610e-03
1.180749883729831362e-02
9.658396431122553971e-03
9.016734450885721328e-03
1.198907232766759957e-02
4.784102102390476452e-03
3.101202092157342473e-03
2.067016020818118575e-03
9.851344749935087713e-03
1.335083501659499287e-02
6.007381830916585543e-03
1.366451486429747300e-02
2.123171839430031474e-02
1.397328739477886154e-02
4.928306075128660591e-03
2.952353039023369180e-03
5.009581651669289641e-03
7.606013164058085703e-03
5.144044759971583454e-03
3.422914528381522988e-03
3.384410635614717132e-03
5.967301327702049032e-03
2.171582521020423012e-02
7.884096956585802049e-03
3.681723220930126217e-03
3.413530493446116556e-03
2.026821020543345068e-03
1.560649745295269617e-03
1.520950292871597062e-03
1.502205249111361043e-03
1.459563929136214891e-03
1.468784959499403646e-03
1.421333941416954259e-03
1.592409584454938147e-03
