1.533333361148834229e-01
3.088888823986053467e-01
3.288888931274414062e-01
3.511111140251159668e-01
3.911111056804656982e-01
3.844444453716278076e-01
4.111111164093017578e-01
4.488888978958129883e-01
4.222222268581390381e-01
4.377777874469757080e-01
4.355555474758148193e-01
4.577777683734893799e-01
4.688888788223266602e-01
4.666666686534881592e-01
4.733333289623260498e-01
4.466666579246520996e-01
5.111111402511596680e-01
5.199999809265136719e-01
5.044444203376770020e-01
5.111111402511596680e-01
5.266666412353515625e-01
5.666666626930236816e-01
5.622222423553466797e-01
5.355555415153503418e-01
5.466666817665100098e-01
5.755555629730224609e-01
5.755555629730224609e-01
5.777778029441833496e-01
6.044444441795349121e-01
5.866666436195373535e-01
6.066666841506958008e-01
6.333333253860473633e-01
6.422222256660461426e-01
6.577777862548828125e-01
6.466666460037231445e-01
6.377778053283691406e-01
6.577777862548828125e-01
6.888889074325561523e-01
6.733333468437194824e-01
7.111111283302307129e-01
6.822222471237182617e-01
7.044444680213928223e-01
6.999999880790710449e-01
6.999999880790710449e-01
6.844444274902343750e-01
7.377777695655822754e-01
7.288888692855834961e-01
7.377777695655822754e-01
7.422222495079040527e-01
7.511110901832580566e-01
7.444444298744201660e-01
7.733333110809326172e-01
7.466666698455810547e-01
7.822222113609313965e-01
7.400000095367431641e-01
7.533333301544189453e-01
7.688888907432556152e-01
7.933333516120910645e-01
8.155555725097656250e-01
8.355555534362792969e-01
8.088889122009277344e-01
7.777777910232543945e-01
8.288888931274414062e-01
8.266666531562805176e-01
8.511111140251159668e-01
8.555555343627929688e-01
8.177777528762817383e-01
8.311111330986022949e-01
8.444444537162780762e-01
8.888888955116271973e-01
8.822222352027893066e-01
8.888888955116271973e-01
8.488888740539550781e-01
8.822222352027893066e-01
8.577777743339538574e-01
8.044444322586059570e-01
8.511111140251159668e-01
9.088888764381408691e-01
9.088888764381408691e-01
9.377777576446533203e-01
9.066666960716247559e-01
8.911111354827880859e-01
9.088888764381408691e-01
9.133333563804626465e-01
8.844444155693054199e-01
9.066666960716247559e-01
8.933333158493041992e-01
9.266666769981384277e-01
8.822222352027893066e-01
9.155555367469787598e-01
9.399999976158142090e-01
9.311110973358154297e-01
8.711110949516296387e-01
9.155555367469787598e-01
9.555555582046508789e-01
9.488888978958129883e-01
9.555555582046508789e-01
8.733333349227905273e-01
9.422222375869750977e-01
9.644444584846496582e-01
9.466666579246520996e-01
9.844444394111633301e-01
9.888888597488403320e-01
9.866666793823242188e-01
9.733333587646484375e-01
8.644444346427917480e-01
9.177777767181396484e-01
9.444444179534912109e-01
9.511111378669738770e-01
9.688888788223266602e-01
9.488888978958129883e-01
9.755555391311645508e-01
9.711111187934875488e-01
9.755555391311645508e-01
9.599999785423278809e-01
9.599999785423278809e-01
9.533333182334899902e-01
9.444444179534912109e-01
9.622222185134887695e-01
9.599999785423278809e-01
9.533333182334899902e-01
9.844444394111633301e-01
9.911110997200012207e-01
1.000000000000000000e+00
9.599999785423278809e-01
9.466666579246520996e-01
9.800000190734863281e-01
9.533333182334899902e-01
9.266666769981384277e-01
9.422222375869750977e-01
9.777777791023254395e-01
9.911110997200012207e-01
9.822221994400024414e-01
9.733333587646484375e-01
9.777777791023254395e-01
9.888888597488403320e-01
9.911110997200012207e-01
9.777777791023254395e-01
9.222221970558166504e-01
9.666666388511657715e-01
9.888888597488403320e-01
9.888888597488403320e-01
9.977777600288391113e-01
1.000000000000000000e+00
1.000000000000000000e+00
1.000000000000000000e+00
1.000000000000000000e+00
1.000000000000000000e+00
1.000000000000000000e+00
9.977777600288391113e-01
