3.385255981597282832e-02
1.989643985369420401e-02
1.713375230814820349e-02
1.667339495999256224e-02
1.650306652999741427e-02
1.436114092746255087e-02
1.420129022987243368e-02
1.293129478651835855e-02
1.082006758807412330e-02
1.237047198840360816e-02
1.339500506238036799e-02
1.143553767825544916e-02
1.171853403954191061e-02
1.225642435894976935e-02
9.579812748186729635e-03
9.783455807924505004e-03
1.439109072475608202e-02
1.130285321669593709e-02
8.433224976443111712e-03
1.037917177091747002e-02
6.317642107729862407e-03
1.185513815996570679e-02
1.243828033409816874e-02
7.634953298736206657e-03
4.270219227747051698e-03
7.604992511114626839e-03
8.138799222136325340e-03
8.365567333509597511e-03
8.550393540488383098e-03
6.314423100906314985e-03
4.936141797779534067e-03
4.893330989535372468e-03
1.060378539697346030e-02
6.682952887065065316e-03
9.097143333954919517e-03
7.790509331955312346e-03
8.783386173125320301e-03
3.536443592615755738e-03
9.263859847003078074e-03
6.741823525522449428e-03
7.194918203184689359e-03
4.251477277960799377e-03
4.019645596719137286e-03
1.039019917481746359e-02
7.651254578969170043e-03
6.651781105718912630e-03
4.885897243311485699e-03
4.253455427606122122e-03
4.127354405733274847e-03
2.891965580650482804e-03
