7.828282713890075684e-01
8.550000190734863281e-01
8.578431606292724609e-01
8.308457732200622559e-01
8.755980730056762695e-01
9.038461446762084961e-01
8.815165758132934570e-01
8.720378875732421875e-01
8.976744413375854492e-01
8.842592835426330566e-01
8.715596199035644531e-01
8.935185074806213379e-01
8.755760192871093750e-01
8.801843523979187012e-01
9.223744273185729980e-01
9.185520410537719727e-01
8.666666746139526367e-01
8.918918967247009277e-01
9.189189076423645020e-01
9.144144058227539062e-01
9.369369149208068848e-01
8.812785148620605469e-01
8.918918967247009277e-01
9.369369149208068848e-01
9.698275923728942871e-01
9.170305728912353516e-01
9.213973879814147949e-01
9.115044474601745605e-01
8.951964974403381348e-01
9.184549450874328613e-01
9.649122953414916992e-01
9.319148659706115723e-01
8.869565129280090332e-01
9.292035102844238281e-01
9.311926364898681641e-01
9.184549450874328613e-01
9.213973879814147949e-01
9.656652212142944336e-01
9.122806787490844727e-01
9.466666579246520996e-01
9.347826242446899414e-01
9.608695507049560547e-01
9.652174115180969238e-01
9.111111164093017578e-01
9.213973879814147949e-01
9.257642030715942383e-01
9.313304424285888672e-01
9.647576808929443359e-01
9.414225816726684570e-01
9.698275923728942871e-01
