3.081575284877410142e-02
1.958153621669677519e-02
1.298093061286751358e-02
1.190707416854499580e-02
9.930988840973417608e-03
9.219732419075738969e-03
8.440374444872849116e-03
6.296342989601131854e-03
9.432168687550040662e-03
6.653656694116602717e-03
6.537203401657919709e-03
8.127543055038922298e-03
9.106613802093516119e-03
6.138774419683828976e-03
9.312432167202974384e-03
7.334417146788102700e-03
6.789217329924693636e-03
6.246563296973799834e-03
7.753305325272786402e-03
4.742032931517045982e-03
3.936497423498562347e-03
4.564693085140456193e-03
2.495836082838050196e-03
4.091599064447915338e-03
3.104135539465392984e-03
4.243280029448091850e-03
5.591392501367622482e-03
6.267363044697137238e-03
8.644281622223224520e-03
5.094664434205354447e-03
3.319416280006930783e-03
4.514522195466839742e-03
1.179825949143956977e-02
2.696799360950089420e-03
1.451406037704684347e-03
1.348511490647939098e-03
1.122590331508370367e-03
1.127304309766432536e-03
1.105781954636375934e-03
1.091250760429568261e-03
1.105386008878669803e-03
1.107944480771588802e-03
1.062564117869413448e-03
1.053195881714402487e-03
1.048100241912769057e-03
1.032369546277200553e-03
1.515128806264909572e-03
3.278736195907028250e-02
1.919765964915373310e-02
7.965919284374466808e-03
