4.162297541972420634e-01
2.500242853143141986e-01
2.043709031096264950e-01
1.894951093688969357e-01
1.720796026987040928e-01
1.508812813056717161e-01
1.879503380746498087e-01
1.508870653722242106e-01
1.491992952410841899e-01
1.365230375788698269e-01
1.466426212011717467e-01
1.465387489622715367e-01
1.223062712302159100e-01
1.192403344334336812e-01
1.131891750144929099e-01
1.144686187644316649e-01
1.155902162408316974e-01
1.073612930198853954e-01
1.082207269264668370e-01
1.125557620523567892e-01
1.100489385329590786e-01
1.080862657464701504e-01
1.029436200008369967e-01
1.026460633747037637e-01
9.895274127169026435e-02
1.029119297051841880e-01
9.618003141443939863e-02
9.517069144603364228e-02
9.932145760132884971e-02
9.054968766678318792e-02
8.954347929632038017e-02
1.004457127315019488e-01
8.935948286168504673e-02
8.438344412706284825e-02
8.631182014836381866e-02
8.254485358706166453e-02
8.002534025479945967e-02
7.889721234477847789e-02
7.382726448312013079e-02
7.256729989636565015e-02
7.736711742325771968e-02
7.707354298481716715e-02
6.525976761614261934e-02
7.334965767202281106e-02
6.625067761785032039e-02
6.132090093478825832e-02
5.896018828568497933e-02
6.301735010339404308e-02
6.126778935872010529e-02
5.800812508958187730e-02
5.995350359502430587e-02
5.316447525440832350e-02
5.931798690349886910e-02
5.859907943840018257e-02
5.277314011104312225e-02
4.832798564078666370e-02
4.715135954651795969e-02
6.299899811133434502e-02
4.483821096570345111e-02
4.466836238966782197e-02
4.962616696563525165e-02
4.938331592195563391e-02
3.828543866309759569e-02
4.508169294931327342e-02
4.656773537274794955e-02
3.712229258435668922e-02
4.043621743766621229e-02
3.695523312205201139e-02
4.466364470636507294e-02
3.293245727585106253e-02
3.587706450817165771e-02
3.010512372429604774e-02
3.196511873654921121e-02
3.445772093623580140e-02
4.002566577551720794e-02
2.793961448382885349e-02
3.442024207275472952e-02
3.427970614905780783e-02
2.465198683104167718e-02
2.899079777643857533e-02
2.294010264838436050e-02
3.603944848997865658e-02
2.562579275705097540e-02
2.313141310123925307e-02
2.060313905767955159e-02
3.399465215776436428e-02
2.821445946920727449e-02
2.300464072205652896e-02
2.025530228527919543e-02
1.958288190563997264e-02
1.801529064775135580e-02
2.580909894704145127e-02
2.427924086720841673e-02
2.037499911270799005e-02
1.646029969181953684e-02
2.116729776364844814e-02
2.038626434140054788e-02
1.726378097128624528e-02
2.268752957146080024e-02
1.636758051295532715e-02
1.776086036955576430e-02
1.398085355624681912e-02
1.486847532347317959e-02
2.253423777181492657e-02
1.466797371573449332e-02
9.648463190168019704e-03
1.041647946916650878e-02
1.531493673917423519e-02
1.704591572348132175e-02
1.196625644964676403e-02
4.820598784862460337e-03
4.943704968104822850e-02
1.120798694019861652e-02
7.656874706546914003e-03
1.213430735852337808e-02
1.086082841530602514e-02
1.793891773101192674e-02
1.185263680343510810e-02
5.514241587050936963e-03
3.425153354927244070e-03
4.826314036094540502e-03
1.702442991935123814e-02
1.012389082672588043e-02
1.669097577367849999e-02
1.680696957414771001e-02
1.408071469981767888e-02
1.070955497455242274e-02
5.261980887857287993e-03
6.665975166116633668e-03
5.113344474712813031e-03
8.507614313101459838e-03
9.954738832186761643e-03
9.058309645780304731e-03
7.804531408295332408e-03
5.282590040072249540e-03
1.611755018796970015e-02
1.458421439694091749e-02
3.431275113343639632e-02
6.710442586426710633e-03
3.860275703925705737e-03
2.595429274875906984e-03
6.677429744782271796e-03
2.624092102002554584e-03
8.897322841141251312e-03
2.276390204681765644e-02
1.015581324400023459e-02
6.845872231387628917e-03
1.101455603410050194e-02
4.824179745432333535e-03
8.059233981413350609e-03
