1.322313994169235229e-01
2.609970569610595703e-01
3.716011941432952881e-01
4.070796370506286621e-01
4.553571343421936035e-01
5.771604776382446289e-01
4.048913121223449707e-01
5.538461804389953613e-01
5.249999761581420898e-01
5.777778029441833496e-01
5.134328603744506836e-01
5.294117927551269531e-01
6.406250000000000000e-01
6.310975551605224609e-01
6.516516804695129395e-01
6.593750119209289551e-01
6.360856294631958008e-01
6.443768739700317383e-01
6.858006119728088379e-01
6.071428656578063965e-01
6.386292576789855957e-01
6.578171253204345703e-01
6.803797483444213867e-01
6.827794313430786133e-01
6.852940917015075684e-01
6.728395223617553711e-01
6.790123581886291504e-01
6.816816926002502441e-01
7.222222089767456055e-01
7.218934893608093262e-01
7.227414250373840332e-01
6.576576828956604004e-01
7.455089688301086426e-01
7.507331371307373047e-01
7.384615540504455566e-01
7.257142663002014160e-01
7.589285969734191895e-01
7.616279125213623047e-01
7.981927990913391113e-01
7.944444417953491211e-01
7.893174886703491211e-01
7.564470171928405762e-01
8.242074847221374512e-01
7.793295979499816895e-01
8.179190754890441895e-01
8.319559097290039062e-01
8.706896305084228516e-01
8.236994147300720215e-01
8.214285969734191895e-01
8.441926240921020508e-01
8.291316628456115723e-01
8.607954382896423340e-01
7.989130616188049316e-01
8.306010961532592773e-01
8.725212216377258301e-01
8.654353618621826172e-01
8.730158805847167969e-01
7.820163369178771973e-01
8.817204236984252930e-01
8.779841065406799316e-01
8.571428656578063965e-01
8.647214770317077637e-01
8.937823772430419922e-01
8.717277646064758301e-01
8.624338507652282715e-01
8.971722126007080078e-01
8.801020383834838867e-01
8.970976471900939941e-01
8.567708134651184082e-01
9.047619104385375977e-01
8.972430825233459473e-01
9.118387699127197266e-01
9.130434989929199219e-01
9.118387699127197266e-01
8.785529732704162598e-01
9.341772198677062988e-01
9.002493619918823242e-01
8.949999809265136719e-01
9.405940771102905273e-01
9.038461446762084961e-01
9.362745285034179688e-01
8.918918967247009277e-01
9.271357059478759766e-01
9.168646335601806641e-01
9.364303350448608398e-01
8.943489193916320801e-01
8.978622555732727051e-01
9.271844625473022461e-01
9.328536987304687500e-01
9.443099498748779297e-01
9.448441267013549805e-01
9.208633303642272949e-01
9.125295281410217285e-01
9.469879269599914551e-01
9.573459625244140625e-01
9.379475116729736328e-01
9.493975639343261719e-01
9.504716992378234863e-01
9.330143332481384277e-01
9.440559148788452148e-01
9.431279897689819336e-01
9.598108530044555664e-01
9.599056839942932129e-01
9.431279897689819336e-01
9.530516266822814941e-01
9.701834917068481445e-01
9.675925970077514648e-01
9.419953823089599609e-01
9.353348612785339355e-01
9.604651331901550293e-01
9.931507110595703125e-01
8.637469410896301270e-01
9.647058844566345215e-01
9.724770784378051758e-01
9.491916894912719727e-01
9.631336331367492676e-01
9.433962106704711914e-01
9.632183909416198730e-01
9.863013625144958496e-01
9.954338073730468750e-01
9.863945841789245605e-01
9.325581192970275879e-01
9.629629850387573242e-01
9.461358189582824707e-01
9.396751523017883301e-01
9.430524110794067383e-01
9.582366347312927246e-01
9.818593859672546387e-01
9.705882072448730469e-01
9.862700104713439941e-01
9.723502397537231445e-01
9.588100910186767578e-01
9.702517390251159668e-01
9.748283624649047852e-01
9.954233169555664062e-01
9.423963427543640137e-01
9.491916894912719727e-01
8.881118893623352051e-01
9.862385392189025879e-01
9.931350350379943848e-01
9.954441785812377930e-01
9.794050455093383789e-01
1.000000000000000000e+00
9.704545736312866211e-01
9.095127582550048828e-01
9.542334079742431641e-01
9.772209525108337402e-01
9.633027315139770508e-01
9.908257126808166504e-01
9.704545736312866211e-01
