3.636363521218299866e-02
2.123893797397613525e-01
3.303571343421936035e-01
4.423076808452606201e-01
5.675675868988037109e-01
5.566037893295288086e-01
5.545454621315002441e-01
5.826086997985839844e-01
5.728155374526977539e-01
5.982142686843872070e-01
6.761904954910278320e-01
6.574074029922485352e-01
7.019230723381042480e-01
6.666666865348815918e-01
6.666666865348815918e-01
6.999999880790710449e-01
6.607142686843872070e-01
7.410714030265808105e-01
6.909090876579284668e-01
6.486486196517944336e-01
7.522124052047729492e-01
7.280701994895935059e-01
7.280701994895935059e-01
7.699115276336669922e-01
6.833333373069763184e-01
7.631579041481018066e-01
8.018018007278442383e-01
6.666666865348815918e-01
7.964601516723632812e-01
7.983193397521972656e-01
7.478260993957519531e-01
8.000000119209289551e-01
8.290598392486572266e-01
8.347826004028320312e-01
8.205128312110900879e-01
8.347826004028320312e-01
8.727272748947143555e-01
8.442623019218444824e-01
8.260869383811950684e-01
8.632478713989257812e-01
8.119658231735229492e-01
8.898305296897888184e-01
8.376068472862243652e-01
8.620689511299133301e-01
8.290598392486572266e-01
8.608695864677429199e-01
9.051724076271057129e-01
8.717948794364929199e-01
8.983050584793090820e-01
8.151260614395141602e-01
8.907563090324401855e-01
8.852459192276000977e-01
9.310345053672790527e-01
9.067796468734741211e-01
9.152542352676391602e-01
8.347107172012329102e-01
9.180327653884887695e-01
9.827586412429809570e-01
9.059829115867614746e-01
9.024389982223510742e-01
9.098360538482666016e-01
8.688524365425109863e-01
8.583333492279052734e-01
9.008264541625976562e-01
9.268292784690856934e-01
9.416666626930236816e-01
9.669421315193176270e-01
8.934426307678222656e-01
9.586777091026306152e-01
9.406779408454895020e-01
9.159663915634155273e-01
9.406779408454895020e-01
8.606557250022888184e-01
9.333333373069763184e-01
9.243697524070739746e-01
9.491525292396545410e-01
9.830508232116699219e-01
9.669421315193176270e-01
9.672130942344665527e-01
9.583333134651184082e-01
9.666666388511657715e-01
9.672130942344665527e-01
9.159663915634155273e-01
9.674796462059020996e-01
9.508196711540222168e-01
9.152542352676391602e-01
9.180327653884887695e-01
9.327731132507324219e-01
9.590163826942443848e-01
9.669421315193176270e-01
9.593495726585388184e-01
9.572649598121643066e-01
9.593495726585388184e-01
9.752066135406494141e-01
9.752066135406494141e-01
9.833333492279052734e-01
9.756097793579101562e-01
9.586777091026306152e-01
9.508196711540222168e-01
9.756097793579101562e-01
9.083333611488342285e-01
9.669421315193176270e-01
9.344262480735778809e-01
9.752066135406494141e-01
9.672130942344665527e-01
9.669421315193176270e-01
9.752066135406494141e-01
1.000000000000000000e+00
9.669421315193176270e-01
9.669421315193176270e-01
9.756097793579101562e-01
9.918032884597778320e-01
1.000000000000000000e+00
9.754098653793334961e-01
9.243697524070739746e-01
9.333333373069763184e-01
9.090909361839294434e-01
9.756097793579101562e-01
9.836065769195556641e-01
1.000000000000000000e+00
1.000000000000000000e+00
1.000000000000000000e+00
1.000000000000000000e+00
1.000000000000000000e+00
1.000000000000000000e+00
1.000000000000000000e+00
1.000000000000000000e+00
8.512396812438964844e-01
9.416666626930236816e-01
9.596773982048034668e-01
9.499999880790710449e-01
9.837398529052734375e-01
9.837398529052734375e-01
9.590163826942443848e-01
9.754098653793334961e-01
9.917355179786682129e-01
1.000000000000000000e+00
9.672130942344665527e-01
9.250000119209289551e-01
9.586777091026306152e-01
9.754098653793334961e-01
9.508196711540222168e-01
9.344262480735778809e-01
9.754098653793334961e-01
9.756097793579101562e-01
9.669421315193176270e-01
1.000000000000000000e+00
1.000000000000000000e+00
1.000000000000000000e+00
1.000000000000000000e+00
