2.632294244668111072e-02
2.602063687625768770e-02
2.708771719471765246e-02
2.053735326467243799e-02
1.186743819502034634e-02
9.277095552343546728e-03
1.211194576958390945e-02
1.116158318315418896e-02
1.682615539483833453e-02
1.201230640673201649e-02
1.092017502261795163e-02
5.192100886763461980e-03
1.486312376854451514e-02
1.126409889246847429e-02
6.790286770792354834e-03
1.424222029619968619e-02
1.503978010314218142e-02
6.239273707622942922e-03
9.764476273221417077e-03
8.661044603824113661e-03
4.850670682113433947e-03
4.590729825313603039e-03
6.682109017644689841e-03
9.301739124499571951e-03
8.563114555235817535e-03
1.104198741555100470e-02
1.062612970003442778e-02
1.118080342936713864e-02
5.457337845877745924e-03
5.572143186554061149e-03
8.464535829757001417e-03
8.046248232598659719e-03
4.296218293599663764e-03
8.886285950644320919e-03
6.396317181379745746e-03
5.339978112454434218e-03
5.379273177035015507e-03
1.211462380362205923e-02
7.974450054924482612e-03
4.445355799055990438e-03
1.211173684078887224e-02
6.565427860151662118e-03
6.356206424614254877e-03
5.755841795591456686e-03
8.448525878437198114e-03
6.260160135693431174e-03
2.519244805162123083e-03
1.089786525488473101e-02
6.293986046542031192e-03
3.755475946790941526e-03
