9.458689689636230469e-01
9.314285516738891602e-01
9.279538989067077637e-01
9.399999976158142090e-01
9.576271176338195801e-01
9.801136255264282227e-01
9.716714024543762207e-01
9.575070738792419434e-01
9.458689689636230469e-01
9.550561904907226562e-01
9.662921428680419922e-01
9.860724210739135742e-01
9.576271176338195801e-01
9.576271176338195801e-01
9.887323975563049316e-01
9.466292262077331543e-01
9.497206807136535645e-01
9.830508232116699219e-01
9.635854363441467285e-01
9.775910377502441406e-01
9.915730357170104980e-01
9.888268113136291504e-01
9.831932783126831055e-01
9.719887971878051758e-01
9.637883305549621582e-01
9.718309640884399414e-01
9.558011293411254883e-01
9.606741666793823242e-01
9.831460714340209961e-01
9.806094169616699219e-01
9.721448421478271484e-01
9.776536226272583008e-01
9.831932783126831055e-01
9.722991585731506348e-01
9.779005646705627441e-01
9.887640476226806641e-01
9.805555343627929688e-01
9.605633616447448730e-01
9.802817106246948242e-01
9.915493130683898926e-01
9.470751881599426270e-01
9.722991585731506348e-01
9.803921580314636230e-01
9.831932783126831055e-01
9.696132540702819824e-01
9.832402467727661133e-01
9.944444298744201660e-01
9.662921428680419922e-01
9.775910377502441406e-01
9.916434288024902344e-01
