1.545064449310302734e-01
3.798283338546752930e-01
5.053648352622985840e-01
6.190987229347229004e-01
6.555793881416320801e-01
6.630901098251342773e-01
6.727467775344848633e-01
6.856223344802856445e-01
7.285407781600952148e-01
7.371244430541992188e-01
7.510729432106018066e-01
7.714592218399047852e-01
7.789699435234069824e-01
7.939913868904113770e-01
7.896995544433593750e-01
8.057940006256103516e-01
8.186695575714111328e-01
8.530042767524719238e-01
8.218883872032165527e-01
8.508583903312683105e-01
8.487124443054199219e-01
8.680257797241210938e-01
8.583691120147705078e-01
8.572961091995239258e-01
8.476395010948181152e-01
8.809012770652770996e-01
8.819742202758789062e-01
8.744634985923767090e-01
8.615880012512207031e-01
8.905579447746276855e-01
8.937768340110778809e-01
8.809012770652770996e-01
8.884119987487792969e-01
8.851931095123291016e-01
8.969957232475280762e-01
8.991416096687316895e-01
9.055793881416320801e-01
9.055793881416320801e-01
8.959227204322814941e-01
9.034335017204284668e-01
9.152360558509826660e-01
9.206008315086364746e-01
9.227467775344848633e-01
9.098712205886840820e-01
9.238197207450866699e-01
9.259656667709350586e-01
9.248927235603332520e-01
9.377682209014892578e-01
9.248927235603332520e-01
9.356223344802856445e-01
9.334763884544372559e-01
9.324034452438354492e-01
9.356223344802856445e-01
9.495708346366882324e-01
9.431330561637878418e-01
9.302574992179870605e-01
9.506437778472900391e-01
9.452789425849914551e-01
9.324034452438354492e-01
9.431330561637878418e-01
9.581544995307922363e-01
9.474248886108398438e-01
9.656652212142944336e-01
9.678111672401428223e-01
9.635193347930908203e-01
9.484978318214416504e-01
9.613733887672424316e-01
9.463519454002380371e-01
9.517167210578918457e-01
9.742489457130432129e-01
9.667382240295410156e-01
9.613733887672424316e-01
9.613733887672424316e-01
9.742489457130432129e-01
9.817596673965454102e-01
9.635193347930908203e-01
9.656652212142944336e-01
9.785407781600952148e-01
9.753218889236450195e-01
9.924892783164978027e-01
9.710300564765930176e-01
9.656652212142944336e-01
9.678111672401428223e-01
9.592274427413940430e-01
9.881974458694458008e-01
9.806867241859436035e-01
9.710300564765930176e-01
9.774678349494934082e-01
9.817596673965454102e-01
9.828326106071472168e-01
9.678111672401428223e-01
9.549356102943420410e-01
9.839055538177490234e-01
9.914163351058959961e-01
9.924892783164978027e-01
9.903433322906494141e-01
9.527897238731384277e-01
9.721029996871948242e-01
9.828326106071472168e-01
9.924892783164978027e-01
9.967811107635498047e-01
9.957081675529479980e-01
9.967811107635498047e-01
9.742489457130432129e-01
9.538626670837402344e-01
9.635193347930908203e-01
9.903433322906494141e-01
9.924892783164978027e-01
9.978540539741516113e-01
9.914163351058959961e-01
9.871244430541992188e-01
9.871244430541992188e-01
9.871244430541992188e-01
9.881974458694458008e-01
9.957081675529479980e-01
9.860514998435974121e-01
9.849785566329956055e-01
9.817596673965454102e-01
9.721029996871948242e-01
9.763948321342468262e-01
9.914163351058959961e-01
9.957081675529479980e-01
9.935622215270996094e-01
9.967811107635498047e-01
1.000000000000000000e+00
1.000000000000000000e+00
9.796137213706970215e-01
9.527897238731384277e-01
9.871244430541992188e-01
9.806867241859436035e-01
9.957081675529479980e-01
9.924892783164978027e-01
9.914163351058959961e-01
9.946351647377014160e-01
9.796137213706970215e-01
9.721029996871948242e-01
9.903433322906494141e-01
9.957081675529479980e-01
9.849785566329956055e-01
9.817596673965454102e-01
9.957081675529479980e-01
1.000000000000000000e+00
1.000000000000000000e+00
1.000000000000000000e+00
1.000000000000000000e+00
1.000000000000000000e+00
1.000000000000000000e+00
1.000000000000000000e+00
1.000000000000000000e+00
1.000000000000000000e+00
