3.413292662325853044e-01
1.357711522691650574e-01
1.026410388233809368e-01
1.032595154666624410e-01
8.197202190274524569e-02
7.635010200586551943e-02
6.633397439407727469e-02
6.463753930818798288e-02
6.748645258337840347e-02
5.603263001312180219e-02
5.643016166516462429e-02
4.854418458461585983e-02
5.857011825449109921e-02
4.762937708779396706e-02
5.263649735431234766e-02
4.191900271293475672e-02
4.006541649488654794e-02
4.228741292399534196e-02
3.728924758674774520e-02
3.055651440706793134e-02
3.265311581854348638e-02
3.623705214583432949e-02
3.357218727113219642e-02
3.632131893545356011e-02
2.766762324822939767e-02
3.001701448464840979e-02
3.170698116635872754e-02
2.351077211696727190e-02
2.277488634983607096e-02
2.133131785021629562e-02
2.326778662550280444e-02
2.605803689462827741e-02
2.131993745485510558e-02
1.905694295100404667e-02
1.421361517794115202e-02
1.426587666721576726e-02
1.767304062887165711e-02
1.291780378779108091e-02
1.917813537603312024e-02
1.609152001467488435e-02
1.106306167546167868e-02
1.776849374903962525e-02
1.183850655031471605e-02
1.435105488390694961e-02
1.001683713298985590e-02
1.693414965950695156e-02
1.058627043122171464e-02
1.413823199451912267e-02
1.748642943485743603e-02
1.158537382671678655e-02
9.433151001666245997e-03
8.837371403861786143e-03
6.918754617184531830e-03
5.507433671900216834e-03
1.123615463770194327e-02
2.175641504111903643e-02
1.052089514667747111e-02
9.474218368486430134e-03
1.278146530483390692e-02
8.790847090795313179e-03
7.729351167224892544e-03
7.233953877184683828e-03
8.753813471804048132e-03
7.585426209012882670e-03
4.507540754114838268e-03
3.926446315832093220e-03
3.870535446670003536e-03
6.412263611641908639e-03
1.646222759986316203e-02
7.077506513880451114e-03
1.093057927488184575e-02
5.860206176711464654e-03
3.641385534290483405e-03
3.482549281314059435e-03
3.573914383732963457e-03
4.723407559075576412e-03
1.709639297518433798e-02
1.358505968948461005e-02
6.103965632087246518e-03
3.228538890231199502e-03
3.037880765498177614e-03
3.657238328614987807e-03
3.933190454774457279e-03
1.436709495875799526e-02
8.053024822134290106e-03
4.651519360566055104e-03
2.761466319629262908e-03
2.745016562776744773e-03
2.671628389538359145e-03
2.616611644337943701e-03
2.583888859110265897e-03
2.528117456788189603e-03
2.477049598855327137e-03
2.428783603566080258e-03
2.381626687756917358e-03
2.331516054315398590e-03
2.275295855642548663e-03
2.222207962641846793e-03
2.165346911194850326e-03
2.107163650401925898e-03
2.048239682973357432e-03
1.988769509754568024e-03
1.926023512950243060e-03
1.862497287728755602e-03
1.797579420006375920e-03
1.732507368731927254e-03
1.666486994649375025e-03
1.597676394574423613e-03
1.528228072736599911e-03
1.459244468746725412e-03
1.389368123050509218e-03
1.320057809928314868e-03
1.249615662519208041e-03
2.042719128829539876e-02
2.673779649690989635e-02
7.733873619039314216e-03
9.960835166504991567e-03
4.269622765863729033e-03
3.819974777069519694e-03
1.269427838573611213e-03
2.005819723649898082e-03
2.047221533493106139e-03
1.328330450833772620e-03
1.126222081246753973e-03
1.102459141364613669e-03
1.108571478642137028e-03
1.084059054177883381e-03
1.082004746507802531e-03
1.060435048511040217e-03
1.040163385591381722e-03
1.025099001510418762e-03
1.009892124733015881e-03
9.936859762966056362e-04
9.772255438722124259e-04
9.592502266093238953e-04
9.422712497070292017e-04
9.306806777855679324e-04
2.397354695838596790e-03
3.000389993520530263e-02
8.908042462584440935e-03
6.385265136224605592e-03
5.683193945826166965e-03
2.492532067948972398e-03
9.898250651667077002e-04
9.631588250986406526e-04
9.028587323382603275e-04
1.845967138710843817e-03
3.363339204857356685e-03
4.010851502931619267e-03
1.045522780207976685e-03
