5.737704783678054810e-02
2.631579041481018066e-01
4.424778819084167480e-01
4.621848762035369873e-01
5.000000000000000000e-01
6.557376980781555176e-01
5.901639461517333984e-01
6.370967626571655273e-01
5.736433863639831543e-01
6.791045069694519043e-01
6.984127163887023926e-01
7.384615540504455566e-01
6.642335653305053711e-01
7.372262477874755859e-01
7.089552283287048340e-01
7.923076748847961426e-01
7.898550629615783691e-01
7.299270033836364746e-01
7.957746386528015137e-01
8.785714507102966309e-01
8.382353186607360840e-01
8.000000119209289551e-01
8.273381590843200684e-01
7.642857432365417480e-01
8.601398468017578125e-01
8.623188138008117676e-01
8.231292366981506348e-01
8.873239159584045410e-01
8.716216087341308594e-01
9.071428775787353516e-01
8.866666555404663086e-01
8.523489832878112793e-01
8.943662047386169434e-01
9.014084339141845703e-01
9.366196990013122559e-01
9.647887349128723145e-01
9.133333563804626465e-01
9.459459185600280762e-01
8.965517282485961914e-01
9.047619104385375977e-01
9.597315192222595215e-01
8.911564350128173828e-01
9.337748289108276367e-01
9.246575236320495605e-01
9.666666388511657715e-01
9.305555820465087891e-01
9.527027010917663574e-01
9.133333563804626465e-01
8.896551728248596191e-01
9.455782175064086914e-01
9.599999785423278809e-01
9.533333182334899902e-01
9.864864945411682129e-01
9.933333396911621094e-01
9.459459185600280762e-01
8.724831938743591309e-01
9.383561611175537109e-01
9.285714030265808105e-01
9.391891956329345703e-01
9.662162065505981445e-01
9.599999785423278809e-01
9.602649211883544922e-01
9.466666579246520996e-01
9.731543660163879395e-01
9.933333396911621094e-01
1.000000000000000000e+00
1.000000000000000000e+00
9.668874144554138184e-01
9.041095972061157227e-01
9.662162065505981445e-01
9.271523356437683105e-01
9.731543660163879395e-01
9.933775067329406738e-01
9.933775067329406738e-01
1.000000000000000000e+00
9.801324605941772461e-01
8.999999761581420898e-01
9.328858852386474609e-01
9.731543660163879395e-01
1.000000000000000000e+00
1.000000000000000000e+00
9.865771532058715820e-01
9.865771532058715820e-01
9.183673262596130371e-01
9.470198750495910645e-01
9.801324605941772461e-01
1.000000000000000000e+00
1.000000000000000000e+00
1.000000000000000000e+00
1.000000000000000000e+00
1.000000000000000000e+00
1.000000000000000000e+00
1.000000000000000000e+00
1.000000000000000000e+00
1.000000000000000000e+00
1.000000000000000000e+00
1.000000000000000000e+00
1.000000000000000000e+00
1.000000000000000000e+00
1.000000000000000000e+00
1.000000000000000000e+00
1.000000000000000000e+00
1.000000000000000000e+00
1.000000000000000000e+00
1.000000000000000000e+00
1.000000000000000000e+00
1.000000000000000000e+00
1.000000000000000000e+00
1.000000000000000000e+00
1.000000000000000000e+00
1.000000000000000000e+00
1.000000000000000000e+00
1.000000000000000000e+00
9.194630980491638184e-01
8.000000119209289551e-01
9.591836929321289062e-01
9.387755393981933594e-01
9.599999785423278809e-01
9.864864945411682129e-01
1.000000000000000000e+00
9.867549538612365723e-01
9.866666793823242188e-01
1.000000000000000000e+00
1.000000000000000000e+00
1.000000000000000000e+00
1.000000000000000000e+00
1.000000000000000000e+00
1.000000000000000000e+00
1.000000000000000000e+00
1.000000000000000000e+00
1.000000000000000000e+00
1.000000000000000000e+00
1.000000000000000000e+00
1.000000000000000000e+00
1.000000000000000000e+00
1.000000000000000000e+00
1.000000000000000000e+00
9.867549538612365723e-01
8.367347121238708496e-01
9.403973221778869629e-01
9.403973221778869629e-01
9.403973221778869629e-01
9.933333396911621094e-01
1.000000000000000000e+00
1.000000000000000000e+00
1.000000000000000000e+00
9.866666793823242188e-01
9.664429426193237305e-01
9.798657894134521484e-01
1.000000000000000000e+00
