4.666666686534881592e-02
2.000000029802322388e-01
3.333333432674407959e-01
3.666666746139526367e-01
4.199999868869781494e-01
5.333333611488342285e-01
4.799999892711639404e-01
5.266666412353515625e-01
4.933333396911621094e-01
6.066666841506958008e-01
5.866666436195373535e-01
6.399999856948852539e-01
6.066666841506958008e-01
6.733333468437194824e-01
6.333333253860473633e-01
6.866666674613952637e-01
7.266666889190673828e-01
6.666666865348815918e-01
7.533333301544189453e-01
8.199999928474426270e-01
7.599999904632568359e-01
7.466666698455810547e-01
7.666666507720947266e-01
7.133333086967468262e-01
8.199999928474426270e-01
7.933333516120910645e-01
8.066666722297668457e-01
8.399999737739562988e-01
8.600000143051147461e-01
8.466666936874389648e-01
8.866666555404663086e-01
8.466666936874389648e-01
8.466666936874389648e-01
8.533333539962768555e-01
8.866666555404663086e-01
9.133333563804626465e-01
9.133333563804626465e-01
9.333333373069763184e-01
8.666666746139526367e-01
8.866666555404663086e-01
9.533333182334899902e-01
8.733333349227905273e-01
9.399999976158142090e-01
8.999999761581420898e-01
9.666666388511657715e-01
8.933333158493041992e-01
9.399999976158142090e-01
9.133333563804626465e-01
8.600000143051147461e-01
9.266666769981384277e-01
9.599999785423278809e-01
9.533333182334899902e-01
9.733333587646484375e-01
9.933333396911621094e-01
9.333333373069763184e-01
8.666666746139526367e-01
9.133333563804626465e-01
9.533333182334899902e-01
9.266666769981384277e-01
9.533333182334899902e-01
9.599999785423278809e-01
9.666666388511657715e-01
9.466666579246520996e-01
9.666666388511657715e-01
9.933333396911621094e-01
1.000000000000000000e+00
1.000000000000000000e+00
9.733333587646484375e-01
8.799999952316284180e-01
9.533333182334899902e-01
9.333333373069763184e-01
9.666666388511657715e-01
1.000000000000000000e+00
1.000000000000000000e+00
9.933333396911621094e-01
9.866666793823242188e-01
8.999999761581420898e-01
9.266666769981384277e-01
9.666666388511657715e-01
9.933333396911621094e-01
1.000000000000000000e+00
9.800000190734863281e-01
9.800000190734863281e-01
8.999999761581420898e-01
9.533333182334899902e-01
9.866666793823242188e-01
1.000000000000000000e+00
1.000000000000000000e+00
1.000000000000000000e+00
1.000000000000000000e+00
1.000000000000000000e+00
1.000000000000000000e+00
1.000000000000000000e+00
1.000000000000000000e+00
1.000000000000000000e+00
1.000000000000000000e+00
1.000000000000000000e+00
1.000000000000000000e+00
1.000000000000000000e+00
1.000000000000000000e+00
1.000000000000000000e+00
1.000000000000000000e+00
1.000000000000000000e+00
1.000000000000000000e+00
1.000000000000000000e+00
1.000000000000000000e+00
1.000000000000000000e+00
1.000000000000000000e+00
1.000000000000000000e+00
1.000000000000000000e+00
1.000000000000000000e+00
1.000000000000000000e+00
1.000000000000000000e+00
9.133333563804626465e-01
8.000000119209289551e-01
9.399999976158142090e-01
9.200000166893005371e-01
9.599999785423278809e-01
9.733333587646484375e-01
1.000000000000000000e+00
9.933333396911621094e-01
9.866666793823242188e-01
9.933333396911621094e-01
1.000000000000000000e+00
1.000000000000000000e+00
1.000000000000000000e+00
1.000000000000000000e+00
1.000000000000000000e+00
1.000000000000000000e+00
1.000000000000000000e+00
1.000000000000000000e+00
1.000000000000000000e+00
1.000000000000000000e+00
1.000000000000000000e+00
1.000000000000000000e+00
1.000000000000000000e+00
1.000000000000000000e+00
9.933333396911621094e-01
8.199999928474426270e-01
9.466666579246520996e-01
9.466666579246520996e-01
9.466666579246520996e-01
9.933333396911621094e-01
1.000000000000000000e+00
1.000000000000000000e+00
1.000000000000000000e+00
9.866666793823242188e-01
9.599999785423278809e-01
9.733333587646484375e-01
1.000000000000000000e+00
