7.482992857694625854e-02
1.707317084074020386e-01
3.360323905944824219e-01
4.473684132099151611e-01
4.965035021305084229e-01
6.085409522056579590e-01
6.575342416763305664e-01
5.746753215789794922e-01
6.943521499633789062e-01
6.720778942108154297e-01
6.984127163887023926e-01
7.403846383094787598e-01
7.564102411270141602e-01
8.006430864334106445e-01
7.617449760437011719e-01
7.701863646507263184e-01
7.925696372985839844e-01
7.727272510528564453e-01
8.113207817077636719e-01
7.592592835426330566e-01
8.233438730239868164e-01
8.427672982215881348e-01
8.353658318519592285e-01
8.220859169960021973e-01
8.427672982215881348e-01
8.584337234497070312e-01
8.509317040443420410e-01
8.293412923812866211e-01
8.602484464645385742e-01
8.558282256126403809e-01
8.571428656578063965e-01
8.892307877540588379e-01
8.895522356033325195e-01
8.878504633903503418e-01
8.734939694404602051e-01
8.776758313179016113e-01
8.714733719825744629e-01
8.640483617782592773e-01
8.892215490341186523e-01
8.810975551605224609e-01
9.003115296363830566e-01
9.003021121025085449e-01
8.794117569923400879e-01
8.580060601234436035e-01
9.171779155731201172e-01
8.982036113739013672e-01
9.063444137573242188e-01
9.053254723548889160e-01
8.955224156379699707e-01
9.214501380920410156e-01
9.093567132949829102e-01
8.918128609657287598e-01
9.053254723548889160e-01
9.136904478073120117e-01
9.313432574272155762e-01
9.056047201156616211e-01
8.895348906517028809e-01
9.399399161338806152e-01
9.360465407371520996e-01
9.228486418724060059e-01
9.376854896545410156e-01
9.005848169326782227e-01
9.296187758445739746e-01
9.499999880790710449e-01
9.321534037590026855e-01
9.349112510681152344e-01
9.221901893615722656e-01
8.853868246078491211e-01
9.411764740943908691e-01
9.339080452919006348e-01
9.562682509422302246e-01
9.566473960876464844e-01
9.393063783645629883e-01
9.616519212722778320e-01
9.504373073577880859e-01
9.415204524993896484e-01
9.416909813880920410e-01
9.502924084663391113e-01
9.705882072448730469e-01
9.591836929321289062e-01
9.530791640281677246e-01
9.423630833625793457e-01
9.345238208770751953e-01
9.385964870452880859e-01
9.589442610740661621e-01
9.825072884559631348e-01
9.827586412429809570e-01
9.798850417137145996e-01
9.617646932601928711e-01
9.508670568466186523e-01
9.560117125511169434e-01
9.653179049491882324e-01
9.649122953414916992e-01
9.622092843055725098e-01
9.798850417137145996e-01
9.825581312179565430e-01
9.649122953414916992e-01
9.707602262496948242e-01
9.826086759567260742e-01
9.970845580101013184e-01
9.768115878105163574e-01
9.394812583923339844e-01
9.651162624359130859e-01
9.854651093482971191e-01
9.768785834312438965e-01
9.798271059989929199e-01
9.741379022598266602e-01
9.855907559394836426e-01
9.856733679771423340e-01
9.711815714836120605e-01
9.798850417137145996e-01
9.626436829566955566e-01
9.797101616859436035e-01
9.596541523933410645e-01
9.710982441902160645e-01
9.798271059989929199e-01
9.800570011138916016e-01
9.711815714836120605e-01
9.912790656089782715e-01
9.827586412429809570e-01
9.624277353286743164e-01
9.857142567634582520e-01
9.913294911384582520e-01
9.856321811676025391e-01
9.739130139350891113e-01
9.540230035781860352e-01
9.885386824607849121e-01
1.000000000000000000e+00
9.942362904548645020e-01
9.971181750297546387e-01
9.913793206214904785e-01
9.597701430320739746e-01
9.431818127632141113e-01
9.770115017890930176e-01
9.682080745697021484e-01
9.942362904548645020e-01
9.742120504379272461e-01
9.971181750297546387e-01
9.827586412429809570e-01
9.714285731315612793e-01
9.710982441902160645e-01
9.884726405143737793e-01
9.971181750297546387e-01
1.000000000000000000e+00
1.000000000000000000e+00
1.000000000000000000e+00
1.000000000000000000e+00
1.000000000000000000e+00
1.000000000000000000e+00
1.000000000000000000e+00
