6.303724646568298340e-02
1.203438416123390198e-01
2.378223538398742676e-01
3.409742116928100586e-01
4.068768024444580078e-01
4.899713397026062012e-01
5.501432418823242188e-01
5.071633458137512207e-01
5.988538861274719238e-01
5.931231975555419922e-01
6.303724646568298340e-01
6.618911027908325195e-01
6.762177944183349609e-01
7.134670615196228027e-01
6.504297852516174316e-01
7.106017470359802246e-01
7.335243821144104004e-01
7.306590080261230469e-01
7.392550110816955566e-01
7.048710584640502930e-01
7.478510141372680664e-01
7.679083347320556641e-01
7.851002812385559082e-01
7.679083347320556641e-01
7.679083347320556641e-01
8.166189193725585938e-01
7.851002812385559082e-01
7.936962842941284180e-01
7.936962842941284180e-01
7.994269132614135742e-01
7.908309698104858398e-01
8.280802369117736816e-01
8.538681864738464355e-01
8.166189193725585938e-01
8.309455513954162598e-01
8.223495483398437500e-01
7.965615987777709961e-01
8.194842338562011719e-01
8.510028719902038574e-01
8.280802369117736816e-01
8.280802369117736816e-01
8.538681864738464355e-01
8.567335009574890137e-01
8.137536048889160156e-01
8.567335009574890137e-01
8.595988750457763672e-01
8.595988750457763672e-01
8.767908215522766113e-01
8.595988750457763672e-01
8.739255070686340332e-01
8.911174535751342773e-01
8.739255070686340332e-01
8.767908215522766113e-01
8.796561360359191895e-01
8.939828276634216309e-01
8.796561360359191895e-01
8.767908215522766113e-01
8.968481421470642090e-01
9.226360917091369629e-01
8.911174535751342773e-01
9.054441452026367188e-01
8.825215101242065430e-01
9.083094596862792969e-01
9.255014061927795410e-01
9.054441452026367188e-01
9.054441452026367188e-01
9.169054627418518066e-01
8.853868246078491211e-01
9.169054627418518066e-01
9.312320947647094727e-01
9.398280978202819824e-01
9.484240412712097168e-01
9.312320947647094727e-01
9.340974092483520508e-01
9.340974092483520508e-01
9.226360917091369629e-01
9.255014061927795410e-01
9.312320947647094727e-01
9.455587267875671387e-01
9.426934123039245605e-01
9.312320947647094727e-01
9.369627237319946289e-01
8.997134566307067871e-01
9.197707772254943848e-01
9.369627237319946289e-01
9.656160473823547363e-01
9.799426794052124023e-01
9.770773649215698242e-01
9.369627237319946289e-01
9.426934123039245605e-01
9.340974092483520508e-01
9.570200443267822266e-01
9.455587267875671387e-01
9.484240412712097168e-01
9.770773649215698242e-01
9.684813618659973145e-01
9.455587267875671387e-01
9.512894153594970703e-01
9.713466763496398926e-01
9.799426794052124023e-01
9.656160473823547363e-01
9.340974092483520508e-01
9.512894153594970703e-01
9.713466763496398926e-01
9.684813618659973145e-01
9.742120504379272461e-01
9.713466763496398926e-01
9.799426794052124023e-01
9.856733679771423340e-01
9.656160473823547363e-01
9.770773649215698242e-01
9.598853588104248047e-01
9.684813618659973145e-01
9.541547298431396484e-01
9.627507328987121582e-01
9.742120504379272461e-01
9.856733679771423340e-01
9.656160473823547363e-01
9.770773649215698242e-01
9.799426794052124023e-01
9.541547298431396484e-01
9.885386824607849121e-01
9.828079938888549805e-01
9.828079938888549805e-01
9.627507328987121582e-01
9.512894153594970703e-01
9.885386824607849121e-01
9.942693114280700684e-01
9.885386824607849121e-01
9.914039969444274902e-01
9.885386824607849121e-01
9.570200443267822266e-01
9.512894153594970703e-01
9.742120504379272461e-01
9.598853588104248047e-01
9.885386824607849121e-01
9.742120504379272461e-01
9.914039969444274902e-01
9.799426794052124023e-01
9.742120504379272461e-01
9.627507328987121582e-01
9.828079938888549805e-01
9.914039969444274902e-01
9.971346855163574219e-01
1.000000000000000000e+00
1.000000000000000000e+00
1.000000000000000000e+00
1.000000000000000000e+00
1.000000000000000000e+00
1.000000000000000000e+00
