6.315678035956914238e-01
2.331851576082735189e-01
2.260531013055044058e-01
1.839383136830146925e-01
1.742409854712894945e-01
1.541718822756683593e-01
1.627872080437837154e-01
1.516153673583589268e-01
1.450028921906326707e-01
1.393631190169846157e-01
1.339048930428810846e-01
1.326104760130156768e-01
1.235098581231248716e-01
1.337690679525249671e-01
1.187345467842004509e-01
1.284900048521614713e-01
1.089134039820126715e-01
1.084668277299619260e-01
1.167610286446648382e-01
1.121298236845380547e-01
1.071413872006819756e-01
1.051676417656219886e-01
9.741901194930803476e-02
1.054407173376737256e-01
1.054940956492954884e-01
1.004838903549618995e-01
8.994633870254238606e-02
9.340291368546148332e-02
9.687165611296839896e-02
8.219712495475267611e-02
8.302875861256710233e-02
9.287967944815959942e-02
8.236238869898233894e-02
7.718647002257829348e-02
8.834671247403598493e-02
7.575406122056302372e-02
8.164931073665661343e-02
6.952755816010459944e-02
7.537957003538788003e-02
6.987992992180019902e-02
6.204289294686581024e-02
6.785347842849628885e-02
6.880447613689101571e-02
6.098568548779671056e-02
5.731563318069941154e-02
6.120043287130244591e-02
5.712755845969635232e-02
6.190745282542045591e-02
5.354363608980581418e-02
5.332823526738062619e-02
5.426407647876468898e-02
4.601484008130610898e-02
4.442130136992392120e-02
4.624415566675084410e-02
3.918667837032629997e-02
3.459429695689206913e-02
3.982307394477369727e-02
3.855507053715031412e-02
3.716979031463880923e-02
3.453016679991149918e-02
3.105192609500971590e-02
3.376995494982336365e-02
3.347299783220294284e-02
3.095856685083115886e-02
3.089921162183308784e-02
2.653922833952513521e-02
3.021847499413298291e-02
2.673039224673494016e-02
2.543486758866207037e-02
2.588127102213353542e-02
2.904108959349483918e-02
2.121225018049579733e-02
2.981228388551581190e-02
2.333588429181696761e-02
1.778036549645848133e-02
2.140021793624644758e-02
1.370034061276526570e-02
1.493561166212766141e-02
1.686608600511087241e-02
1.382793163019856685e-02
1.548822554634057998e-02
9.370707375626174951e-03
3.696128519625778430e-02
1.376526864518326683e-02
9.066799196429350602e-03
1.019684028104140584e-02
1.269010226029112717e-02
2.011156963010781590e-02
1.069982847946982299e-02
3.586923732963832878e-02
1.416675458404120444e-02
7.360485935781129613e-03
9.863898595615351594e-03
6.709290077142242813e-03
5.339633251619626056e-03
7.951254634082237718e-03
2.779400278604116786e-02
1.327933103190267507e-02
8.274999963660855870e-03
7.449539022320743158e-03
1.001586841521548941e-02
1.189629739991418869e-02
1.259220986716728594e-02
7.338892545409959021e-03
8.101883271759178357e-03
7.847214116907258105e-03
1.394899362979935484e-02
1.382412929722604683e-02
4.949476355962143838e-03
3.591323973833307395e-03
2.221064269169324874e-03
2.066661167976486038e-03
2.008460916407719780e-03
1.952469377493543231e-03
1.942245301720606611e-03
1.891540507207253776e-03
1.824316344865100107e-03
1.777651689179377947e-03
1.727312422159691697e-03
1.669320998598485331e-03
1.627690335911084318e-03
1.565912296525075577e-03
1.508596490543240212e-03
1.460303398443714689e-03
1.398859621273523422e-03
1.340431650717579647e-03
1.286231692880625364e-03
1.235615200754981670e-03
1.168065368032798063e-03
1.098633279347512037e-03
6.576313932734224876e-02
5.394314516418644706e-02
1.872150008935574012e-02
9.323438425457910086e-03
5.259234627614594627e-03
3.332159691116863727e-03
5.051935200533493042e-03
7.546315881564288203e-03
8.851271422857499849e-03
1.888445419225960598e-02
3.275460598700648956e-03
3.374113242876117420e-03
2.245720290569334313e-03
2.634033658013577254e-03
1.585305843964210717e-02
1.051315451606945998e-02
9.342264561260082978e-03
4.644302449647359603e-03
2.178455941338194174e-03
9.803120067292088805e-03
