9.809264540672302246e-02
2.772585749626159668e-01
3.372434079647064209e-01
4.255952239036560059e-01
4.320987761020660400e-01
5.000000000000000000e-01
4.561933577060699463e-01
5.314465165138244629e-01
5.503355860710144043e-01
5.696202516555786133e-01
5.859872698783874512e-01
5.781250000000000000e-01
6.261682510375976562e-01
5.645645856857299805e-01
6.125000119209289551e-01
6.179401874542236328e-01
6.819571852684020996e-01
7.015873193740844727e-01
6.257485151290893555e-01
6.470588445663452148e-01
6.791277527809143066e-01
7.060703039169311523e-01
7.073170542716979980e-01
6.525679826736450195e-01
6.771159768104553223e-01
6.800000071525573730e-01
7.463126778602600098e-01
7.476922869682312012e-01
7.028571367263793945e-01
7.640118002891540527e-01
7.582089304924011230e-01
7.400000095367431641e-01
7.620396614074707031e-01
7.813411355018615723e-01
7.127071619033813477e-01
7.936962842941284180e-01
7.597765326499938965e-01
8.366762399673461914e-01
8.055555820465087891e-01
7.906336188316345215e-01
8.532608747482299805e-01
8.437500000000000000e-01
7.994505763053894043e-01
8.467966318130493164e-01
8.448753356933593750e-01
8.259668350219726562e-01
8.516483306884765625e-01
8.297297358512878418e-01
8.695651888847351074e-01
8.715847134590148926e-01
8.514589071273803711e-01
9.108108282089233398e-01
8.746736049652099609e-01
8.798955678939819336e-01
8.905852437019348145e-01
9.293193817138671875e-01
9.038960933685302734e-01
8.891687393188476562e-01
8.942065238952636719e-01
9.205127954483032227e-01
9.335038065910339355e-01
8.924999833106994629e-01
9.084158539772033691e-01
9.052368998527526855e-01
9.137930870056152344e-01
9.259259104728698730e-01
9.280397295951843262e-01
9.234567880630493164e-01
9.402984976768493652e-01
9.134615659713745117e-01
9.166666865348815918e-01
9.539951682090759277e-01
9.144254326820373535e-01
9.354066848754882812e-01
9.413145780563354492e-01
9.397590160369873047e-01
9.648711681365966797e-01
9.712918400764465332e-01
9.597156643867492676e-01
9.667458534240722656e-01
9.550827145576477051e-01
9.858155846595764160e-01
8.859857320785522461e-01
9.691942930221557617e-01
9.837209582328796387e-01
9.720930457115173340e-01
9.692671298980712891e-01
9.472422003746032715e-01
9.694117903709411621e-01
9.061728119850158691e-01
9.581395387649536133e-01
9.837962985038757324e-01
9.743589758872985840e-01
9.861111044883728027e-01
9.884526729583740234e-01
9.793577790260314941e-01
9.172576665878295898e-01
9.534883499145507812e-01
9.813084006309509277e-01
9.746543765068054199e-01
9.633867144584655762e-01
9.582366347312927246e-01
9.579439163208007812e-01
9.837962985038757324e-01
9.678899049758911133e-01
9.837962985038757324e-01
9.577465057373046875e-01
9.510489702224731445e-01
9.862068891525268555e-01
9.954128265380859375e-01
1.000000000000000000e+00
1.000000000000000000e+00
1.000000000000000000e+00
1.000000000000000000e+00
1.000000000000000000e+00
1.000000000000000000e+00
1.000000000000000000e+00
1.000000000000000000e+00
1.000000000000000000e+00
1.000000000000000000e+00
1.000000000000000000e+00
1.000000000000000000e+00
1.000000000000000000e+00
1.000000000000000000e+00
1.000000000000000000e+00
1.000000000000000000e+00
1.000000000000000000e+00
1.000000000000000000e+00
1.000000000000000000e+00
1.000000000000000000e+00
8.076922893524169922e-01
8.549222946166992188e-01
9.333333373069763184e-01
9.697674512863159180e-01
9.907192587852478027e-01
9.930555820465087891e-01
9.861751198768615723e-01
9.769585132598876953e-01
9.836065769195556641e-01
9.351851940155029297e-01
9.930232763290405273e-01
9.907833933830261230e-01
9.954128265380859375e-01
9.977011680603027344e-01
9.529411792755126953e-01
9.675173759460449219e-01
9.699074029922485352e-01
9.816933870315551758e-01
9.931350350379943848e-01
9.653579592704772949e-01
