2.514031208493507433e-02
1.181422543132395683e-02
8.747528221353053149e-03
6.379638142601525182e-03
9.487286443034464306e-03
8.053361838000502523e-03
9.076735479336201645e-03
5.586228285911688796e-03
5.883528034910040852e-03
2.276918378494302043e-03
3.176513228928490046e-03
1.610403090889873153e-03
1.005307556769141110e-02
6.853188546986147857e-03
3.413663065544706322e-03
3.129159842921720985e-03
3.756639070847905219e-03
6.510607185890582294e-04
1.576466556159528479e-03
5.969744598709129501e-04
6.124656506949854515e-03
8.583894256171164042e-03
5.152559168751932699e-03
2.295872705079657870e-03
3.302585169237401679e-03
3.560815393808407052e-03
5.148445125097942179e-03
1.265609906861565447e-03
1.415957588804663686e-03
4.876494657452705439e-03
4.089387302859751050e-03
6.954376858384435540e-03
8.016173200452366213e-03
2.157371031763373557e-03
5.139578001084568097e-04
1.032084386737542984e-03
1.098657292221387558e-03
3.751300391516922995e-03
3.728727592141634160e-03
3.707301963599925632e-03
2.529106028628308640e-03
1.150682426331777050e-03
1.582796776643658702e-03
5.308065635608568214e-03
4.564657800599788463e-03
4.229584742726240527e-03
3.849340572890099215e-03
1.663150239613965780e-03
2.269978431071456929e-03
1.886810258258732808e-03
