7.941176295280456543e-01
8.655462265014648438e-01
8.865545988082885742e-01
9.075630307197570801e-01
8.739495873451232910e-01
8.823529481887817383e-01
8.865545988082885742e-01
9.243697524070739746e-01
8.949579596519470215e-01
9.663865566253662109e-01
9.663865566253662109e-01
9.747899174690246582e-01
8.949579596519470215e-01
9.117646813392639160e-01
9.453781247138977051e-01
9.579831957817077637e-01
9.537814855575561523e-01
9.957982897758483887e-01
9.831932783126831055e-01
9.957982897758483887e-01
9.411764740943908691e-01
8.949579596519470215e-01
9.411764740943908691e-01
9.579831957817077637e-01
9.579831957817077637e-01
9.579831957817077637e-01
9.453781247138977051e-01
9.873949289321899414e-01
9.831932783126831055e-01
9.327731132507324219e-01
9.495798349380493164e-01
9.159663915634155273e-01
9.075630307197570801e-01
9.705882072448730469e-01
9.957982897758483887e-01
9.873949289321899414e-01
9.789915680885314941e-01
9.537814855575561523e-01
9.579831957817077637e-01
9.453781247138977051e-01
9.663865566253662109e-01
9.873949289321899414e-01
9.747899174690246582e-01
9.453781247138977051e-01
9.453781247138977051e-01
9.579831957817077637e-01
9.495798349380493164e-01
9.789915680885314941e-01
9.621848464012145996e-01
9.705882072448730469e-01
