1.030623343468995701e-01
5.614198532174445588e-02
4.529507589679174218e-02
3.825018073128098883e-02
3.523514673031170885e-02
3.239227524312639217e-02
3.463967242514950917e-02
2.554508113784518045e-02
2.940216350747482804e-02
2.804612500989400389e-02
2.610072925359018664e-02
2.466311821923285186e-02
2.550142998313740042e-02
2.010735049764557358e-02
2.773298782650586436e-02
2.011166689064588023e-02
1.837896686856730841e-02
2.035046184472581385e-02
1.803922827707555784e-02
2.392530743703055393e-02
1.688243683091021283e-02
2.116485888435123974e-02
1.848951138079538148e-02
1.663662831495103453e-02
1.854508863416961736e-02
2.044462422447271624e-02
1.624654994698643620e-02
1.649850971681278769e-02
1.582474220334967319e-02
2.075834204884843132e-02
1.490823825532037322e-02
1.535062260145796109e-02
1.273954536577460474e-02
1.235424151184211575e-02
1.187382490333271923e-02
1.723562187849437405e-02
1.425147065754724281e-02
1.073980569865227649e-02
1.215404056595202273e-02
9.937576233333805450e-03
1.181832982524417576e-02
1.153918110464121662e-02
1.099503988666144030e-02
1.004550208568364897e-02
1.401794903602545696e-02
1.132516352819106994e-02
1.120785834722671376e-02
9.067975739972400015e-03
8.585734116365147800e-03
1.262184433822346845e-02
1.012865688906104157e-02
7.718399493623611524e-03
1.288504231618510174e-02
8.458193143234284811e-03
9.329581566112262955e-03
9.297312871935622947e-03
8.822537531225587912e-03
7.965169676746841967e-03
7.368669884643928858e-03
7.994442538593195258e-03
5.928960323322835131e-03
4.698606103185699705e-03
6.217116725463581531e-03
8.599925728933652605e-03
5.690730122900943509e-03
5.965931001682513342e-03
5.557243233390775361e-03
7.780256379035841927e-03
4.347795809582203144e-03
6.103857955294732067e-03
6.557206339765107861e-03
3.588245508651858803e-03
1.073650143677097948e-02
4.785652634510897431e-03
5.509606706633427345e-03
4.153237806648297364e-03
7.062783023871564009e-03
3.903206094543606661e-03
3.996701107393212452e-03
5.182137002878405702e-03
8.781515136512789074e-03
5.603459414373637704e-03
2.357533301509350671e-03
3.690136357242211184e-03
3.232880512782056008e-03
4.614404158358823352e-03
4.858489694589935605e-03
4.953835562058053060e-03
5.368731660717208226e-03
3.370268407233810957e-03
2.018065131171151508e-03
3.016554081668859025e-03
3.716845357093575067e-03
2.415910077249431524e-03
7.259024694568003144e-03
4.991448687224672894e-03
4.388289772606391269e-03
3.691575042263495546e-03
5.685085777835672052e-03
2.613820077759637477e-03
2.489431340540942950e-03
2.303875411933660293e-03
1.186492161789157954e-03
1.413742252850141382e-03
1.851001278545401276e-03
4.242926167277686657e-03
2.417559035318028564e-03
1.857612888818766439e-03
2.880550359121088720e-03
4.894518003727658419e-03
3.842457471353605963e-03
2.954470453546619371e-03
3.172010382108201264e-03
2.118857545649583275e-03
1.523727617830756068e-03
3.166195746854485495e-03
3.526139815751609240e-03
1.043629860368315999e-03
2.445324167097463926e-03
2.691561830254949293e-03
1.858601138187019643e-03
3.589548969942457646e-03
1.470743787948930979e-03
3.877296489128718559e-03
3.658098998484196618e-03
2.885681111975944759e-03
3.022337405902782246e-03
2.399388468868706575e-03
3.167857109041147690e-03
1.639221533606204529e-03
1.765331774301908590e-03
3.151492980860455670e-04
6.880233524161123064e-04
8.620434495484908047e-03
2.629089336221322303e-03
3.729672264814143552e-03
7.711240140290128537e-04
2.247695687819288579e-03
1.653231362551310819e-03
1.618420912877364818e-03
1.877778441813151688e-03
2.539985452170189992e-03
2.760072302541697123e-03
5.116825520203449953e-03
1.638137540889798892e-03
7.190460921051519422e-04
2.263408348415906109e-03
4.095063700263498578e-03
1.026929517169934475e-03
1.094398851264145444e-03
