19
[0.06414904429292004, 0.83870965, 0.63414633]

21
[0.07641317965277467, 0.49056605, 0.63414633]

23
[0.09145161317225861, 0.84615386, 0.5365854]

25
[0.07111825428733651, 0.8064516, 0.6097561]

27
[0.0912101885628858, 0.84375, 0.6585366]

29
[0.08391157443954211, 0.88461536, 0.5609756]

31
[0.0932363886771725, 0.8148148, 0.5365854]

33
[0.11845899320471642, 0.77272725, 0.41463414]

vote:
precision= 0.45614035087719296
recall= 0.6341463414634146
f1= 0.5306122448979592

probability:
precision= 0.9166666666666666
recall= 0.5365853658536586
f1= 0.676923076923077

