19
[0.08678096457164107, 0.6904762, 0.70731705]

21
[0.08508521995080076, 0.74358976, 0.70731705]

23
[0.1006759077067058, 0.8235294, 0.68292683]

25
[0.04951096975308126, 0.86206895, 0.6097561]

27
[0.0781593673373978, 0.84375, 0.6585366]

29
[0.09260496993620697, 0.90625, 0.70731705]

31
[0.06728744556211093, 0.8333333, 0.73170733]

33
[0.06858389797163253, 0.86206895, 0.6097561]

vote:
precision= 0.5555555555555556
recall= 0.7317073170731707
f1= 0.631578947368421

probability:
precision= 0.8709677419354839
recall= 0.6585365853658537
f1= 0.75

