5.128205195069313049e-02
5.882352963089942932e-02
2.365591377019882202e-01
3.333333432674407959e-01
3.956044018268585205e-01
3.700000047683715820e-01
4.040403962135314941e-01
4.639175236225128174e-01
5.543478131294250488e-01
4.752475321292877197e-01
5.567010045051574707e-01
5.543478131294250488e-01
6.888889074325561523e-01
6.404494643211364746e-01
6.336633563041687012e-01
5.757575631141662598e-01
6.494845151901245117e-01
5.757575631141662598e-01
6.600000262260437012e-01
5.567010045051574707e-01
7.282608747482299805e-01
6.372548937797546387e-01
6.969696879386901855e-01
7.196261882781982422e-01
6.862745285034179688e-01
7.428571581840515137e-01
7.227723002433776855e-01
6.481481194496154785e-01
6.792452931404113770e-01
7.346938848495483398e-01
7.264150977134704590e-01
8.018867969512939453e-01
7.222222089767456055e-01
7.596153616905212402e-01
7.297297120094299316e-01
7.904762029647827148e-01
7.777777910232543945e-01
7.500000000000000000e-01
7.857142686843872070e-01
8.380952477455139160e-01
8.165137767791748047e-01
7.796609997749328613e-01
7.964601516723632812e-01
7.927927970886230469e-01
7.457627058029174805e-01
7.387387156486511230e-01
7.289719581604003906e-01
7.966101765632629395e-01
8.849557638168334961e-01
8.260869383811950684e-01
8.434782624244689941e-01
8.666666746139526367e-01
8.135592937469482422e-01
8.086956739425659180e-01
8.108108043670654297e-01
8.421052694320678711e-01
8.547008633613586426e-01
8.793103694915771484e-01
8.333333134651184082e-01
8.583333492279052734e-01
8.655462265014648438e-01
8.782608509063720703e-01
8.823529481887817383e-01
8.770492076873779297e-01
9.090909361839294434e-01
7.966101765632629395e-01
9.166666865348815918e-01
8.823529481887817383e-01
8.099173307418823242e-01
9.217391014099121094e-01
9.256198406219482422e-01
9.008264541625976562e-01
8.770492076873779297e-01
9.008264541625976562e-01
8.739495873451232910e-01
8.780487775802612305e-01
9.024389982223510742e-01
9.268292784690856934e-01
8.655462265014648438e-01
8.823529481887817383e-01
8.677685856819152832e-01
9.193548560142517090e-01
9.672130942344665527e-01
8.968253731727600098e-01
9.206349253654479980e-01
9.338843226432800293e-01
9.365079402923583984e-01
8.870967626571655273e-01
8.606557250022888184e-01
9.426229596138000488e-01
9.133858084678649902e-01
8.991596698760986328e-01
9.296875000000000000e-01
9.333333373069763184e-01
9.426229596138000488e-01
9.504132270812988281e-01
8.828125000000000000e-01
8.606557250022888184e-01
8.719999790191650391e-01
9.062500000000000000e-01
9.230769276618957520e-01
9.586777091026306152e-01
9.508196711540222168e-01
9.365079402923583984e-01
9.098360538482666016e-01
9.756097793579101562e-01
9.674796462059020996e-01
9.444444179534912109e-01
9.375000000000000000e-01
9.527559280395507812e-01
9.685039520263671875e-01
9.440000057220458984e-01
9.609375000000000000e-01
9.599999785423278809e-01
9.349593520164489746e-01
9.677419066429138184e-01
9.206349253654479980e-01
9.180327653884887695e-01
8.968253731727600098e-01
8.833333253860473633e-01
9.024389982223510742e-01
9.279999732971191406e-01
9.047619104385375977e-01
9.055117964744567871e-01
9.843750000000000000e-01
9.687500000000000000e-01
9.921875000000000000e-01
9.763779640197753906e-01
9.843750000000000000e-01
9.430894255638122559e-01
9.599999785423278809e-01
9.520000219345092773e-01
8.560000061988830566e-01
9.354838728904724121e-01
8.852459192276000977e-01
8.960000276565551758e-01
1.000000000000000000e+00
9.302325844764709473e-01
9.763779640197753906e-01
9.523809552192687988e-01
9.682539701461791992e-01
9.444444179534912109e-01
9.685039520263671875e-01
9.520000219345092773e-01
9.760000109672546387e-01
9.842519760131835938e-01
9.444444179534912109e-01
8.650793433189392090e-01
9.599999785423278809e-01
9.609375000000000000e-01
