4.993288223268811665e-02
3.233574472497392771e-02
2.604900931684230384e-02
1.955941262167091091e-02
1.332528996427562000e-02
1.487838413493543926e-02
1.048424846048476300e-02
1.163417773599858748e-02
8.803692462012529044e-03
1.018434032463881415e-02
1.385095865068762533e-02
1.089385190101345609e-02
1.474504681730321419e-02
7.653210104742917165e-03
6.017064415944409911e-03
1.098980775522546451e-02
8.884288565830768258e-03
5.018982808855107849e-03
1.743906951976088599e-03
3.773420323906883939e-03
1.105110739862751219e-02
1.467067224661893800e-02
5.796417380532764910e-03
2.675938964231786097e-03
3.760795602530995953e-03
7.287759011006211991e-03
2.470369261246127893e-02
1.577976807430143957e-02
7.921377870460037662e-03
3.441753482246671936e-03
2.541348941599545427e-03
5.124110335526422914e-03
4.494741545022422173e-03
4.630301730155167959e-03
7.196516171889219896e-03
9.212150063388956089e-03
7.025643868789861919e-03
9.372967257822131110e-03
5.417872311417769836e-03
3.099869272204850562e-03
1.141356744095331412e-03
9.166930485648632854e-04
8.802681991448231590e-04
8.606211547210474962e-04
8.322451458557050211e-04
8.296364519643523606e-04
8.115859246534444993e-04
7.927007825256335077e-04
7.924312359401699786e-04
7.711821165174861199e-04
