8.463203310966491699e-01
8.701298832893371582e-01
8.917748928070068359e-01
9.090909361839294434e-01
9.307359457015991211e-01
9.329004287719726562e-01
9.545454382896423340e-01
9.458874464035034180e-01
9.523809552192687988e-01
9.502164721488952637e-01
9.372294545173645020e-01
9.545454382896423340e-01
9.285714030265808105e-01
9.567099809646606445e-01
9.783549904823303223e-01
9.523809552192687988e-01
9.696969985961914062e-01
9.805194735527038574e-01
9.956709742546081543e-01
9.826839566230773926e-01
9.523809552192687988e-01
9.415584206581115723e-01
9.783549904823303223e-01
9.913420081138610840e-01
9.848484992980957031e-01
9.740259647369384766e-01
9.199134111404418945e-01
9.329004287719726562e-01
9.632034897804260254e-01
9.848484992980957031e-01
9.891774654388427734e-01
9.783549904823303223e-01
9.805194735527038574e-01
9.740259647369384766e-01
9.696969985961914062e-01
9.567099809646606445e-01
9.696969985961914062e-01
9.675324559211730957e-01
9.783549904823303223e-01
9.891774654388427734e-01
1.000000000000000000e+00
1.000000000000000000e+00
1.000000000000000000e+00
1.000000000000000000e+00
1.000000000000000000e+00
1.000000000000000000e+00
1.000000000000000000e+00
1.000000000000000000e+00
1.000000000000000000e+00
1.000000000000000000e+00
