9.732635964509654680e-02
7.045464052146874212e-02
5.120655070404735859e-02
4.794040759973161592e-02
3.852801567861163790e-02
3.730453217870462884e-02
3.970862655199586255e-02
3.585611476094014566e-02
3.460760322098360015e-02
3.399494341365728173e-02
3.207679764563556302e-02
3.393712218903791739e-02
3.081149187316067906e-02
2.975691408776063793e-02
3.094198048577196519e-02
2.906488130255894045e-02
2.478341747338941997e-02
2.639624220688235878e-02
2.566693068313796386e-02
2.494968263445348708e-02
2.707247939576630513e-02
2.451281320089259905e-02
2.176779107241448227e-02
2.258248176011173891e-02
2.370588630549044090e-02
2.039278533679922401e-02
2.339003364851212699e-02
2.227413894322575333e-02
2.010581334337744469e-02
1.759161957675930976e-02
1.979371717612763912e-02
1.804972590613857647e-02
1.665861827136958656e-02
1.838045973278155595e-02
1.807342615275532582e-02
1.755453020358373195e-02
1.681433505576650569e-02
1.296593878625828047e-02
1.316854409786691847e-02
1.594193641242930629e-02
1.264495168871962276e-02
1.043640110418070886e-02
1.292667888107706768e-02
1.123170956233629850e-02
1.264494648699797039e-02
1.231180515775897460e-02
1.356774603971901486e-02
1.146128964566393155e-02
1.337007640700082177e-02
1.204912862604053982e-02
1.011475035200458741e-02
1.330718981833902553e-02
1.105075754132833071e-02
1.019021909007689596e-02
9.621057399145491532e-03
9.954702408825122362e-03
7.995949958568858429e-03
9.799520774447650906e-03
9.169693083632295127e-03
8.173888249211848020e-03
6.804973569364196166e-03
8.113583365667932298e-03
8.573157031035203574e-03
1.062506749056091326e-02
8.113278013377014583e-03
5.870551443639298803e-03
1.035878577071820857e-02
6.575199371629258070e-03
6.863009391896188020e-03
5.101338119389837826e-03
5.839683020906135356e-03
5.394209708127752252e-03
6.019165005440080610e-03
4.863803914742515985e-03
4.978786170095619683e-03
4.809209388572184898e-03
5.232133840167226511e-03
6.907045776664722664e-03
6.011547096624101846e-03
5.122267414452963928e-03
3.063857547311572057e-03
6.084728702868839705e-03
4.246773271165500338e-03
4.351457743039881775e-03
3.923484173098529086e-03
3.714625622709597473e-03
4.030941649355252419e-03
7.424389905434439219e-03
6.954112044248638748e-03
4.628329649231491955e-03
5.865120739407280771e-03
2.749736148155950202e-03
4.291907567779789517e-03
3.843667653456137555e-03
4.260293041302433761e-03
3.463079472728793594e-03
2.849216787119493617e-03
2.570693569192816341e-03
4.877614057236416729e-03
2.512194874345350173e-03
2.614186011910079373e-03
4.880204161316296224e-03
7.757566670927224829e-03
4.212347463613367281e-03
2.146586414755344892e-03
3.685683645634475498e-03
2.898343503822330483e-03
2.685400493171944802e-03
2.794824370547661571e-03
2.163330989246320044e-03
4.742158991434191478e-03
2.674968963573271744e-03
2.474136125646153248e-03
3.818452196429649413e-03
2.633607445417543609e-03
3.657029931826418986e-03
3.449171631138121807e-03
1.194579001552010774e-03
2.021211894891218608e-03
2.095745377320408845e-03
1.515682079013623519e-03
2.864754836633396848e-03
1.651164976114228829e-03
9.098916991207407030e-04
6.151355036100234191e-04
4.469018274633189403e-03
1.338680013094346215e-03
1.431860013916841064e-03
2.704098790201213322e-03
2.794120756946319624e-03
1.422850743283779387e-03
2.000424366589273906e-03
7.138208894101167289e-04
3.710261974994988679e-03
3.559520484755036070e-03
1.728802386025446620e-03
1.852615196812106273e-03
2.752990555644862017e-03
1.933650267825219550e-03
4.420850347383201780e-04
1.692347528405514518e-03
1.494120820498432908e-03
2.234479713767256823e-03
2.265834042748914208e-03
5.587725065205040569e-04
4.238367944510876241e-04
4.293659962925073896e-03
1.333699941295174874e-03
1.710231182531145788e-03
6.904787910750946568e-04
