1.447368413209915161e-01
3.486842215061187744e-01
4.605263173580169678e-01
4.934210479259490967e-01
5.460526347160339355e-01
6.052631735801696777e-01
5.657894611358642578e-01
6.052631735801696777e-01
6.118420958518981934e-01
6.184210777282714844e-01
6.776315569877624512e-01
6.842105388641357422e-01
7.039473652839660645e-01
6.776315569877624512e-01
7.039473652839660645e-01
6.973684430122375488e-01
6.907894611358642578e-01
7.039473652839660645e-01
7.763158082962036133e-01
7.500000000000000000e-01
7.500000000000000000e-01
7.894737124443054199e-01
7.565789222717285156e-01
8.157894611358642578e-01
7.763158082962036133e-01
7.828947305679321289e-01
7.763158082962036133e-01
8.223684430122375488e-01
8.157894611358642578e-01
7.894737124443054199e-01
8.421052694320678711e-01
8.026315569877624512e-01
8.486841917037963867e-01
8.552631735801696777e-01
8.684210777282714844e-01
8.750000000000000000e-01
8.421052694320678711e-01
8.618420958518981934e-01
8.684210777282714844e-01
8.486841917037963867e-01
8.947368264198303223e-01
8.684210777282714844e-01
9.013158082962036133e-01
9.144737124443054199e-01
8.947368264198303223e-01
8.552631735801696777e-01
9.407894611358642578e-01
9.539473652839660645e-01
9.539473652839660645e-01
9.210526347160339355e-01
8.947368264198303223e-01
9.144737124443054199e-01
9.802631735801696777e-01
9.144737124443054199e-01
9.276315569877624512e-01
8.881579041481018066e-01
9.407894611358642578e-01
9.473684430122375488e-01
9.605262875556945801e-01
9.276315569877624512e-01
9.407894611358642578e-01
9.342105388641357422e-01
9.539473652839660645e-01
9.013158082962036133e-01
9.539473652839660645e-01
9.934210777282714844e-01
9.342105388641357422e-01
9.539473652839660645e-01
9.605262875556945801e-01
9.736841917037963867e-01
9.868420958518981934e-01
9.473684430122375488e-01
9.605262875556945801e-01
8.157894611358642578e-01
9.539473652839660645e-01
9.605262875556945801e-01
9.802631735801696777e-01
9.934210777282714844e-01
9.736841917037963867e-01
9.078947305679321289e-01
9.605262875556945801e-01
1.000000000000000000e+00
1.000000000000000000e+00
1.000000000000000000e+00
1.000000000000000000e+00
1.000000000000000000e+00
1.000000000000000000e+00
1.000000000000000000e+00
1.000000000000000000e+00
1.000000000000000000e+00
1.000000000000000000e+00
1.000000000000000000e+00
1.000000000000000000e+00
1.000000000000000000e+00
1.000000000000000000e+00
1.000000000000000000e+00
1.000000000000000000e+00
1.000000000000000000e+00
1.000000000000000000e+00
1.000000000000000000e+00
1.000000000000000000e+00
1.000000000000000000e+00
9.078947305679321289e-01
8.815789222717285156e-01
9.078947305679321289e-01
9.605262875556945801e-01
9.539473652839660645e-01
9.605262875556945801e-01
9.605262875556945801e-01
9.671052694320678711e-01
9.868420958518981934e-01
9.868420958518981934e-01
9.736841917037963867e-01
9.407894611358642578e-01
9.736841917037963867e-01
9.736841917037963867e-01
9.934210777282714844e-01
1.000000000000000000e+00
1.000000000000000000e+00
1.000000000000000000e+00
1.000000000000000000e+00
1.000000000000000000e+00
1.000000000000000000e+00
1.000000000000000000e+00
1.000000000000000000e+00
1.000000000000000000e+00
1.000000000000000000e+00
1.000000000000000000e+00
9.868420958518981934e-01
8.552631735801696777e-01
9.342105388641357422e-01
9.736841917037963867e-01
9.868420958518981934e-01
9.802631735801696777e-01
9.868420958518981934e-01
9.868420958518981934e-01
1.000000000000000000e+00
1.000000000000000000e+00
1.000000000000000000e+00
1.000000000000000000e+00
1.000000000000000000e+00
1.000000000000000000e+00
1.000000000000000000e+00
1.000000000000000000e+00
1.000000000000000000e+00
1.000000000000000000e+00
1.000000000000000000e+00
1.000000000000000000e+00
1.000000000000000000e+00
8.881579041481018066e-01
