8.823529481887817383e-01
8.770492076873779297e-01
8.943089246749877930e-01
8.728813529014587402e-01
8.833333253860473633e-01
9.016393423080444336e-01
9.075630307197570801e-01
9.274193644523620605e-01
9.298245906829833984e-01
9.327731132507324219e-01
9.250000119209289551e-01
9.250000119209289551e-01
9.669421315193176270e-01
9.661017060279846191e-01
9.083333611488342285e-01
9.586777091026306152e-01
9.834710955619812012e-01
9.256198406219482422e-01
9.741379022598266602e-01
9.666666388511657715e-01
9.669421315193176270e-01
9.754098653793334961e-01
9.834710955619812012e-01
1.000000000000000000e+00
9.756097793579101562e-01
9.256198406219482422e-01
9.349593520164489746e-01
1.000000000000000000e+00
9.661017060279846191e-01
9.750000238418579102e-01
9.426229596138000488e-01
9.672130942344665527e-01
9.421487450599670410e-01
9.666666388511657715e-01
1.000000000000000000e+00
9.747899174690246582e-01
9.754098653793334961e-01
9.756097793579101562e-01
9.831932783126831055e-01
9.508196711540222168e-01
9.504132270812988281e-01
9.274193644523620605e-01
9.916666746139526367e-01
9.754098653793334961e-01
9.672130942344665527e-01
9.834710955619812012e-01
9.834710955619812012e-01
9.831932783126831055e-01
9.758064746856689453e-01
9.918032884597778320e-01
