2.600938143365156066e-02
1.493063586260965844e-02
1.610747395673998994e-02
1.682558886998236636e-02
1.359038017375146547e-02
1.154489396649942441e-02
1.055063749339636356e-02
9.367654332398864941e-03
1.249737271599975566e-02
1.364525645831993553e-02
7.757108383605268616e-03
5.841025707743132886e-03
6.793469467119611117e-03
9.711778560046886374e-03
8.226952409769465804e-03
3.960985781636726898e-03
5.833152644395292637e-03
6.795471593950250938e-03
2.826647158814535148e-03
2.951690038502704800e-03
5.736627586975489267e-03
9.472482929874534094e-03
1.419624201126443858e-02
1.049603075093252964e-02
8.256035911890995116e-03
5.671373101829474059e-03
7.471967576618993370e-03
1.152701127766208276e-02
6.191790709862718053e-03
2.487792178326883163e-03
3.399187249483946217e-03
4.046938865520374913e-03
4.236632551811832063e-03
5.159333700010942762e-03
3.122229174155560869e-03
1.656420318949298337e-02
1.645497730382802781e-02
2.888321230989382687e-03
1.794435618707150223e-03
1.633940897192845366e-03
1.222787941077499701e-03
8.539123585187764808e-04
6.546956600314183606e-04
9.327537058576956764e-04
1.217545481471553597e-03
1.500047455531944643e-02
8.372044988590869249e-03
1.255351394858412149e-02
7.828116434002118512e-03
3.425768899123910784e-03
