9.243697524070739746e-01
8.999999761581420898e-01
9.593495726585388184e-01
9.499999880790710449e-01
9.508196711540222168e-01
9.421487450599670410e-01
9.669421315193176270e-01
9.499999880790710449e-01
9.426229596138000488e-01
9.262295365333557129e-01
9.268292784690856934e-01
9.416666626930236816e-01
9.186992049217224121e-01
9.916666746139526367e-01
9.916666746139526367e-01
9.593495726585388184e-01
9.918032884597778320e-01
9.918699264526367188e-01
9.593495726585388184e-01
9.262295365333557129e-01
9.416666626930236816e-01
9.411764740943908691e-01
9.590163826942443848e-01
9.672130942344665527e-01
9.836065769195556641e-01
9.917355179786682129e-01
9.669421315193176270e-01
9.583333134651184082e-01
9.756097793579101562e-01
1.000000000000000000e+00
9.354838728904724121e-01
1.000000000000000000e+00
8.960000276565551758e-01
9.430894255638122559e-01
9.752066135406494141e-01
9.834710955619812012e-01
9.752066135406494141e-01
9.831932783126831055e-01
1.000000000000000000e+00
1.000000000000000000e+00
9.836065769195556641e-01
9.674796462059020996e-01
9.411764740943908691e-01
9.663865566253662109e-01
9.836065769195556641e-01
9.421487450599670410e-01
9.752066135406494141e-01
9.918032884597778320e-01
9.421487450599670410e-01
1.000000000000000000e+00
