1.150474179470083180e-02
1.806069453520033757e-02
8.764832893247809231e-03
1.365929926304899206e-02
1.382590400947626003e-02
1.481293342567860209e-02
1.503645716979557130e-02
7.507538057861653201e-03
2.527821458495747419e-03
7.119341006957419400e-03
2.650386732788038643e-02
1.012917047729590576e-02
5.428845573828991987e-03
1.207799347711286525e-02
1.551483922906755734e-02
7.966567488597288416e-03
4.025650744989216559e-03
7.362756869362756945e-03
1.999773807794196639e-02
1.171580245180708219e-02
1.053070418804677097e-02
1.598075234326319996e-02
5.499499362545656397e-03
8.759452365239953769e-03
4.223782322015750580e-03
1.842635035530136578e-02
9.899650756630438281e-03
8.580721117922938262e-03
8.324724850817814131e-03
6.262457882468709137e-03
1.849574645962095976e-02
4.613889454309543468e-03
6.498635537576131181e-03
1.061971328102900847e-02
1.473923317742436949e-02
1.126878021333327547e-02
4.003173726685245459e-03
2.314189741988240297e-03
2.577917052968388412e-02
1.631949496256467416e-02
4.215389025174103195e-03
2.557753409757608769e-03
3.704303365444765531e-03
6.450771846271890347e-03
2.176924864279416658e-02
7.106676486740312257e-03
9.909427268541862524e-03
1.112221231431359710e-02
1.919702764562421227e-02
1.699097543550981675e-03
