9.787411689758300781e-01
9.670696258544921875e-01
9.841600656509399414e-01
9.754064083099365234e-01
9.720717072486877441e-01
9.733222126960754395e-01
9.729053974151611328e-01
9.870779514312744141e-01
9.966652989387512207e-01
9.870779514312744141e-01
9.553980827331542969e-01
9.829095602035522461e-01
9.887453317642211914e-01
9.774906039237976074e-01
9.683201313018798828e-01
9.854105710983276367e-01
9.941642284393310547e-01
9.862442612648010254e-01
9.649854302406311035e-01
9.812421798706054688e-01
9.816589951515197754e-01
9.708212018013000488e-01
9.874947667121887207e-01
9.845768809318542480e-01
9.929137229919433594e-01
9.712380170822143555e-01
9.837432503700256348e-01
9.829095602035522461e-01
9.854105710983276367e-01
9.879116415977478027e-01
9.716548323631286621e-01
9.920800328254699707e-01
9.887453317642211914e-01
9.829095602035522461e-01
9.770737886428833008e-01
9.774906039237976074e-01
9.924968481063842773e-01
9.958316087722778320e-01
9.612338542938232422e-01
9.749895930290222168e-01
9.916632175445556641e-01
9.962484240531921387e-01
9.933305382728576660e-01
9.874947667121887207e-01
9.658191204071044922e-01
9.874947667121887207e-01
9.824926853179931641e-01
9.816589951515197754e-01
9.808253645896911621e-01
9.979158043861389160e-01
