3.170259689599378428e-01
1.402749520285459239e-01
1.163136696970033523e-01
9.471244890979627074e-02
7.446357070344401807e-02
6.746524232752440509e-02
6.375812079598945636e-02
5.914970585355400906e-02
5.207068987157126294e-02
4.597456914994028920e-02
4.519449671942904478e-02
4.197074858127298330e-02
4.936954275203222359e-02
4.191905094618762068e-02
4.645612950796912388e-02
3.182408646676841701e-02
3.986720338853342455e-02
3.810625255317925952e-02
3.012981936303601310e-02
3.230794407898194415e-02
2.769368068746221739e-02
3.689298504319526301e-02
3.187890332990075959e-02
2.093364364146760651e-02
2.483886765920353956e-02
2.326092036403694038e-02
2.632808534019791258e-02
1.778293614396648029e-02
2.342395937311972029e-02
2.117840979376267238e-02
2.394265872677753954e-02
2.477325279502161359e-02
1.895116237506589904e-02
2.407395988223226535e-02
1.828093785263498056e-02
1.531171591282194828e-02
1.768361636582398491e-02
1.923995770115819945e-02
1.661844373864282062e-02
1.255376386314180880e-02
2.650499024960771208e-02
1.192999886557072169e-02
1.292432781828262156e-02
1.489330113392852394e-02
1.286246265424305195e-02
1.835928383650249976e-02
1.280536157775737788e-02
1.232927973613950554e-02
1.024776156465039695e-02
1.804203171683080309e-02
1.340647085117073305e-02
1.088402357134803274e-02
1.042833190870873228e-02
1.284298996206515060e-02
1.301570093269539818e-02
1.473135563530742105e-02
1.276671195356207308e-02
8.475125151809924026e-03
8.881735020352622342e-03
5.987342781441967222e-03
9.118244791014850151e-03
1.244261604483992527e-02
5.727139651655056320e-03
3.307992382918036305e-03
8.459629402696944994e-03
1.106392521913536313e-02
7.309335429581768732e-03
1.391585234717361043e-02
1.106552291090571322e-02
8.988282819828035536e-03
8.207475016923702557e-03
4.447016109808747848e-03
6.090760964007028468e-03
6.508301457270238358e-03
3.167176908503867468e-03
2.838619356594775968e-03
3.637504674386411469e-03
6.610205155458208880e-03
5.501289069020202233e-03
6.840640993202058186e-03
1.702808421102630643e-02
1.591470548623497017e-02
6.888497558416136618e-03
4.864681615184489327e-03
3.689782467159166343e-03
1.674569160191231258e-03
4.560006845064373641e-03
1.293730126046797445e-03
1.518891989223054894e-03
2.833528108278646554e-03
8.271008302360188802e-03
2.193618351431612153e-03
3.007826360222660630e-03
2.872975120514518772e-03
3.114060536504786002e-03
4.832683281582544552e-03
4.943513846699108469e-03
6.774338481502275092e-03
5.683734956343176707e-03
5.963665147819255039e-03
4.154443951305105721e-03
6.684559750679878141e-03
3.970193050113470130e-03
3.641756776622391296e-03
1.101714736786018299e-02
5.780967508266450332e-03
6.665962055059403320e-03
4.213354773634557342e-03
1.266915394274354453e-03
3.132368733839031708e-04
1.872118703703511567e-04
1.175743932229739673e-04
1.245031586442309820e-03
1.882217809738688475e-03
1.528035567411809665e-03
5.003529112667367889e-04
1.541826401235512831e-02
4.085400588893285147e-03
4.638036941850062246e-03
4.770063221736139600e-03
7.425706191974197623e-03
2.700461466121735748e-03
5.231165420107465602e-03
1.332739042787145891e-03
2.552651489998534768e-03
5.803494703368642597e-04
2.250861214886425328e-03
1.926667414129191189e-03
1.837782716819709753e-04
1.579884198356768768e-04
5.097524831513489335e-04
4.581670755330003765e-03
1.675530981343374345e-02
5.577528834643673619e-03
1.835807277069456851e-03
3.266836719024687405e-03
5.516242162733510021e-03
1.316354002510491212e-03
9.164229232580685044e-03
2.117149823139014442e-03
8.080422190296050050e-03
4.462704896075837292e-03
2.811223011768049923e-03
3.792019351907844216e-03
9.720469689444090388e-04
2.043439900660530290e-03
7.084265388642833373e-04
2.095608970742841252e-03
5.162742996562121132e-05
1.597666943262087593e-05
