4.385964944958686829e-02
1.067961156368255615e-01
2.783505022525787354e-01
3.027522861957550049e-01
3.846153914928436279e-01
4.077669978141784668e-01
4.903846085071563721e-01
4.607843160629272461e-01
5.346534848213195801e-01
6.530612111091613770e-01
5.377358198165893555e-01
6.565656661987304688e-01
5.544554591178894043e-01
6.481481194496154785e-01
6.600000262260437012e-01
7.128713130950927734e-01
6.600000262260437012e-01
6.862745285034179688e-01
7.047619223594665527e-01
6.923077106475830078e-01
7.938144207000732422e-01
6.698113083839416504e-01
6.960784196853637695e-01
7.735849022865295410e-01
7.623762488365173340e-01
7.857142686843872070e-01
7.431192398071289062e-01
8.363636136054992676e-01
7.476635575294494629e-01
8.190476298332214355e-01
7.747747898101806641e-01
8.037382960319519043e-01
8.532109856605529785e-01
7.678571343421936035e-01
8.173912763595581055e-01
8.392857313156127930e-01
8.018018007278442383e-01
7.657657861709594727e-01
8.558558821678161621e-01
8.760330677032470703e-01
8.018018007278442383e-01
8.999999761581420898e-01
9.017857313156127930e-01
8.389830589294433594e-01
8.617886304855346680e-01
8.166666626930236816e-01
8.632478713989257812e-01
9.009009003639221191e-01
8.849557638168334961e-01
7.967479825019836426e-01
8.782608509063720703e-01
8.803418874740600586e-01
9.067796468734741211e-01
9.035087823867797852e-01
8.333333134651184082e-01
8.429751992225646973e-01
8.688524365425109863e-01
9.145299196243286133e-01
9.016393423080444336e-01
9.593495726585388184e-01
8.999999761581420898e-01
8.677685856819152832e-01
9.349593520164489746e-01
9.512194991111755371e-01
9.008264541625976562e-01
8.467742204666137695e-01
9.105691313743591309e-01
8.467742204666137695e-01
8.770492076873779297e-01
8.999999761581420898e-01
9.180327653884887695e-01
9.440000057220458984e-01
9.262295365333557129e-01
9.250000119209289551e-01
9.606299400329589844e-01
9.685039520263671875e-01
9.754098653793334961e-01
9.193548560142517090e-01
9.279999732971191406e-01
9.268292784690856934e-01
8.080000281333923340e-01
8.760330677032470703e-01
9.186992049217224121e-01
9.504132270812988281e-01
9.672130942344665527e-01
9.761904478073120117e-01
9.349593520164489746e-01
9.761904478073120117e-01
9.837398529052734375e-01
9.603174328804016113e-01
9.333333373069763184e-01
9.599999785423278809e-01
9.531250000000000000e-01
9.531250000000000000e-01
9.677419066429138184e-01
9.596773982048034668e-01
9.365079402923583984e-01
9.206349253654479980e-01
9.279999732971191406e-01
9.590163826942443848e-01
9.440000057220458984e-01
8.837209343910217285e-01
9.440000057220458984e-01
9.669421315193176270e-01
8.960000276565551758e-01
9.435483813285827637e-01
9.344262480735778809e-01
9.520000219345092773e-01
9.763779640197753906e-01
1.000000000000000000e+00
1.000000000000000000e+00
1.000000000000000000e+00
9.920634627342224121e-01
9.685039520263671875e-01
1.000000000000000000e+00
9.842519760131835938e-01
8.943089246749877930e-01
9.523809552192687988e-01
9.365079402923583984e-01
9.370078444480895996e-01
9.354838728904724121e-01
9.599999785423278809e-01
9.599999785423278809e-01
9.919999837875366211e-01
9.758064746856689453e-01
9.841269850730895996e-01
9.837398529052734375e-01
9.763779640197753906e-01
9.921259880065917969e-01
1.000000000000000000e+00
9.919999837875366211e-01
9.365079402923583984e-01
8.548387289047241211e-01
9.426229596138000488e-01
9.840000271797180176e-01
9.603174328804016113e-01
9.596773982048034668e-01
9.689922332763671875e-01
9.256198406219482422e-01
9.682539701461791992e-01
9.758064746856689453e-01
9.520000219345092773e-01
9.679999947547912598e-01
9.527559280395507812e-01
9.841269850730895996e-01
9.760000109672546387e-01
9.919999837875366211e-01
9.761904478073120117e-01
1.000000000000000000e+00
1.000000000000000000e+00
