9.038901329040527344e-01
9.241071343421936035e-01
9.279279112815856934e-01
9.458239078521728516e-01
9.387755393981933594e-01
9.623894095420837402e-01
9.643652439117431641e-01
9.732739329338073730e-01
9.516483545303344727e-01
9.537444710731506348e-01
9.639639854431152344e-01
9.515418410301208496e-01
9.627193212509155273e-01
9.556540846824645996e-01
9.710467457771301270e-01
9.801324605941772461e-01
9.846491217613220215e-01
9.737417697906494141e-01
9.440715909004211426e-01
9.409190416336059570e-01
9.715536236763000488e-01
9.934924244880676270e-01
9.783080220222473145e-01
9.868995547294616699e-01
9.891774654388427734e-01
9.782608747482299805e-01
9.824561476707458496e-01
9.650654792785644531e-01
9.185022115707397461e-01
9.649890661239624023e-01
9.846827387809753418e-01
9.933481216430664062e-01
9.627193212509155273e-01
9.848484992980957031e-01
9.673913121223449707e-01
9.978213310241699219e-01
1.000000000000000000e+00
9.978401660919189453e-01
1.000000000000000000e+00
9.380530714988708496e-01
9.308035969734191895e-01
9.737417697906494141e-01
9.827586412429809570e-01
9.804347753524780273e-01
9.849137663841247559e-01
9.846491217613220215e-01
9.760348796844482422e-01
9.517543911933898926e-01
9.557521939277648926e-01
8.590604066848754883e-01
