8.549783825874328613e-01
8.961039185523986816e-01
8.917748928070068359e-01
9.069263935089111328e-01
8.961039185523986816e-01
9.415584206581115723e-01
9.372294545173645020e-01
9.458874464035034180e-01
9.372294545173645020e-01
9.372294545173645020e-01
9.264069199562072754e-01
9.350649118423461914e-01
9.502164721488952637e-01
9.329004287719726562e-01
9.437229633331298828e-01
9.610389471054077148e-01
9.718614816665649414e-01
9.632034897804260254e-01
9.134199023246765137e-01
9.307359457015991211e-01
9.610389471054077148e-01
9.913420081138610840e-01
9.761904478073120117e-01
9.783549904823303223e-01
9.891774654388427734e-01
9.740259647369384766e-01
9.696969985961914062e-01
9.567099809646606445e-01
9.025974273681640625e-01
9.545454382896423340e-01
9.740259647369384766e-01
9.696969985961914062e-01
9.502164721488952637e-01
9.848484992980957031e-01
9.632034897804260254e-01
9.913420081138610840e-01
9.978355169296264648e-01
1.000000000000000000e+00
1.000000000000000000e+00
9.177489280700683594e-01
9.025974273681640625e-01
9.632034897804260254e-01
9.870129823684692383e-01
9.761904478073120117e-01
9.891774654388427734e-01
9.718614816665649414e-01
9.696969985961914062e-01
9.393939375877380371e-01
9.350649118423461914e-01
8.311688303947448730e-01
