4.228952006909001554e-02
3.312548655076125864e-02
2.114343845283258444e-02
2.140253390504104347e-02
1.648910604085570067e-02
9.901350609229168584e-03
1.243990822715614238e-02
1.041444271799518533e-02
1.400868347382760483e-02
1.227602618981759805e-02
6.924171367534774982e-03
6.569350909440231298e-03
6.066519100368203583e-03
4.250384663637087404e-03
5.264363540190253841e-03
7.201822274963087973e-03
1.540148518647795409e-02
5.015882728272497149e-03
4.348171350520822938e-03
1.205999028792665954e-02
1.076689892733412139e-02
7.996851404679860068e-03
3.671263763731614539e-03
2.154213701106314372e-03
1.439880899523985399e-03
1.193240198500346728e-03
1.267059379891055746e-03
1.099059851776743426e-03
1.089194262747813884e-03
1.060580245270431555e-03
1.036369555851399940e-03
1.030331795907524998e-03
1.008714589789001890e-03
9.947237401099183213e-04
9.985688819171085941e-04
9.693505378124369536e-04
9.507098433192220661e-04
9.326169606615416791e-04
9.146204640369952387e-04
8.929636309032729655e-04
3.707578997325675085e-02
3.440047462277261159e-02
9.098224739575519124e-03
1.067044345019997446e-02
5.407728452014666683e-03
6.533763830122079307e-03
4.359037027039955846e-03
7.316121477190533698e-03
1.962379850487237266e-03
1.602056979764976971e-03
