8.874458670616149902e-01
8.982684016227722168e-01
9.090909361839294434e-01
9.134199023246765137e-01
9.220778942108154297e-01
9.502164721488952637e-01
9.480519294738769531e-01
9.675324559211730957e-01
9.307359457015991211e-01
9.523809552192687988e-01
9.696969985961914062e-01
9.761904478073120117e-01
9.718614816665649414e-01
9.761904478073120117e-01
9.761904478073120117e-01
9.718614816665649414e-01
9.393939375877380371e-01
9.848484992980957031e-01
9.870129823684692383e-01
9.393939375877380371e-01
9.632034897804260254e-01
9.696969985961914062e-01
9.826839566230773926e-01
9.935064911842346191e-01
9.978355169296264648e-01
1.000000000000000000e+00
1.000000000000000000e+00
1.000000000000000000e+00
1.000000000000000000e+00
1.000000000000000000e+00
1.000000000000000000e+00
1.000000000000000000e+00
1.000000000000000000e+00
1.000000000000000000e+00
1.000000000000000000e+00
1.000000000000000000e+00
1.000000000000000000e+00
1.000000000000000000e+00
1.000000000000000000e+00
1.000000000000000000e+00
8.874458670616149902e-01
8.679653406143188477e-01
9.545454382896423340e-01
9.632034897804260254e-01
9.761904478073120117e-01
9.740259647369384766e-01
9.870129823684692383e-01
9.675324559211730957e-01
9.956709742546081543e-01
9.956709742546081543e-01
