8.708708733320236206e-02
2.552552521228790283e-01
3.003003001213073730e-01
3.873873949050903320e-01
4.144144058227539062e-01
4.564564526081085205e-01
5.225225090980529785e-01
5.525525808334350586e-01
5.165165066719055176e-01
5.675675868988037109e-01
5.225225090980529785e-01
5.705705881118774414e-01
6.246246099472045898e-01
5.765765905380249023e-01
5.705705881118774414e-01
5.975975990295410156e-01
5.975975990295410156e-01
6.216216087341308594e-01
6.366366147994995117e-01
6.036036014556884766e-01
5.975975990295410156e-01
6.396396160125732422e-01
6.276276111602783203e-01
6.156156063079833984e-01
6.306306123733520508e-01
6.576576828956604004e-01
6.456456184387207031e-01
6.216216087341308594e-01
6.636636853218078613e-01
6.516516804695129395e-01
6.666666865348815918e-01
6.696696877479553223e-01
6.816816926002502441e-01
6.876876950263977051e-01
6.786786913871765137e-01
6.726726889610290527e-01
6.726726889610290527e-01
7.237237095832824707e-01
6.816816926002502441e-01
7.327327132225036621e-01
7.057057023048400879e-01
7.357357144355773926e-01
7.627627849578857422e-01
6.936936974525451660e-01
7.327327132225036621e-01
7.807807922363281250e-01
7.777777910232543945e-01
7.597597837448120117e-01
7.777777910232543945e-01
7.567567825317382812e-01
7.837837934494018555e-01
8.018018007278442383e-01
7.987987995147705078e-01
8.018018007278442383e-01
8.108108043670654297e-01
8.198198080062866211e-01
8.078078031539916992e-01
8.408408164978027344e-01
8.258258104324340820e-01
8.078078031539916992e-01
7.987987995147705078e-01
8.288288116455078125e-01
8.588588833808898926e-01
8.498498201370239258e-01
8.438438177108764648e-01
8.528528809547424316e-01
8.828828930854797363e-01
8.408408164978027344e-01
8.258258104324340820e-01
8.648648858070373535e-01
8.528528809547424316e-01
8.408408164978027344e-01
8.738738894462585449e-01
8.978978991508483887e-01
8.438438177108764648e-01
8.618618845939636230e-01
8.888888955116271973e-01
9.069069027900695801e-01
8.888888955116271973e-01
9.129129052162170410e-01
9.009009003639221191e-01
9.009009003639221191e-01
9.129129052162170410e-01
9.429429173469543457e-01
9.309309124946594238e-01
9.189189076423645020e-01
9.189189076423645020e-01
9.159159064292907715e-01
8.948948979377746582e-01
9.009009003639221191e-01
9.249249100685119629e-01
9.279279112815856934e-01
8.858858942985534668e-01
8.948948979377746582e-01
9.399399161338806152e-01
9.369369149208068848e-01
9.609609842300415039e-01
9.429429173469543457e-01
9.159159064292907715e-01
9.309309124946594238e-01
9.609609842300415039e-01
9.579579830169677734e-01
9.639639854431152344e-01
9.699699878692626953e-01
9.579579830169677734e-01
9.399399161338806152e-01
8.858858942985534668e-01
9.279279112815856934e-01
9.669669866561889648e-01
9.579579830169677734e-01
9.579579830169677734e-01
9.489489197731018066e-01
9.729729890823364258e-01
9.459459185600280762e-01
9.399399161338806152e-01
9.309309124946594238e-01
9.519519805908203125e-01
9.909909963607788086e-01
9.969969987869262695e-01
9.609609842300415039e-01
9.669669866561889648e-01
9.549549818038940430e-01
9.609609842300415039e-01
9.309309124946594238e-01
9.519519805908203125e-01
9.819819927215576172e-01
1.000000000000000000e+00
9.729729890823364258e-01
9.729729890823364258e-01
9.699699878692626953e-01
9.699699878692626953e-01
9.549549818038940430e-01
9.399399161338806152e-01
9.699699878692626953e-01
9.879879951477050781e-01
1.000000000000000000e+00
1.000000000000000000e+00
1.000000000000000000e+00
1.000000000000000000e+00
9.669669866561889648e-01
9.399399161338806152e-01
9.639639854431152344e-01
9.309309124946594238e-01
9.429429173469543457e-01
9.729729890823364258e-01
9.579579830169677734e-01
1.000000000000000000e+00
1.000000000000000000e+00
9.879879951477050781e-01
9.969969987869262695e-01
