8.620689511299133301e-01
8.500000238418579102e-01
8.974359035491943359e-01
9.122806787490844727e-01
8.780487775802612305e-01
9.159663915634155273e-01
9.396551847457885742e-01
9.256198406219482422e-01
8.925619721412658691e-01
8.842975497245788574e-01
9.173553586006164551e-01
9.105691313743591309e-01
9.421487450599670410e-01
9.499999880790710449e-01
9.596773982048034668e-01
9.083333611488342285e-01
9.495798349380493164e-01
9.430894255638122559e-01
9.333333373069763184e-01
9.279999732971191406e-01
9.504132270812988281e-01
9.750000238418579102e-01
9.583333134651184082e-01
9.256198406219482422e-01
9.593495726585388184e-01
9.576271176338195801e-01
9.504132270812988281e-01
9.918699264526367188e-01
9.752066135406494141e-01
9.661017060279846191e-01
9.237288236618041992e-01
9.173553586006164551e-01
9.586777091026306152e-01
9.754098653793334961e-01
9.055117964744567871e-01
9.579831957817077637e-01
9.838709831237792969e-01
9.836065769195556641e-01
9.754098653793334961e-01
9.508196711540222168e-01
9.593495726585388184e-01
9.344262480735778809e-01
9.504132270812988281e-01
1.000000000000000000e+00
9.512194991111755371e-01
9.338843226432800293e-01
9.918032884597778320e-01
1.000000000000000000e+00
9.754098653793334961e-01
9.836065769195556641e-01
