1.108037692135203228e-02
8.747421672343477783e-03
9.059724052379192899e-03
1.015796837478849524e-02
6.736233504742496388e-03
7.363449708746752469e-03
1.337319743031361620e-02
5.003961211869441608e-03
3.072503595125482614e-03
1.463647348716927248e-02
1.113543506502481795e-02
3.763070736930434514e-03
1.359721063696136406e-02
1.065239854858026844e-02
5.232513727269953729e-03
8.198296227003149667e-03
9.466680121262024614e-03
9.619323925133066444e-03
6.638645767345735874e-03
8.876795906114407289e-03
1.180569964190549513e-02
9.749795123783280837e-03
1.018737322643217119e-02
8.196876297794645355e-03
1.111261307077324352e-02
3.447413974632216379e-03
7.787530401113280584e-03
6.699747112965137065e-03
4.447884465344984807e-03
2.146965376387099597e-02
9.318142909818334998e-03
5.363052656167797277e-03
4.104182687548635702e-03
1.268647858219472228e-02
1.315416114863667690e-02
5.691312832732864022e-03
5.792036454175355717e-03
5.303756257830787718e-03
8.985576234745861965e-03
9.766312174781690073e-03
2.412441012068048361e-03
1.335243923602496413e-03
1.474962721238346625e-03
1.458229385214603220e-02
8.931401938495424006e-03
8.848937653260970787e-03
9.015917080656719179e-03
3.531693652841614781e-03
1.473673512920217060e-02
4.146933074656629185e-03
