9.833263754844665527e-01
9.845768809318542480e-01
9.854105710983276367e-01
9.841600656509399414e-01
9.895789623260498047e-01
9.879116415977478027e-01
9.791579842567443848e-01
9.920800328254699707e-01
9.966652989387512207e-01
9.766569137573242188e-01
9.816589951515197754e-01
9.945811033248901367e-01
9.795747995376586914e-01
9.837432503700256348e-01
9.912463426589965820e-01
9.854105710983276367e-01
9.824926853179931641e-01
9.862442612648010254e-01
9.883284568786621094e-01
9.849937558174133301e-01
9.795747995376586914e-01
9.824926853179931641e-01
9.833263754844665527e-01
9.866611361503601074e-01
9.833263754844665527e-01
9.958316087722778320e-01
9.883284568786621094e-01
9.895789623260498047e-01
9.916632175445556641e-01
9.716548323631286621e-01
9.849937558174133301e-01
9.924968481063842773e-01
9.945811033248901367e-01
9.829095602035522461e-01
9.783242940902709961e-01
9.933305382728576660e-01
9.912463426589965820e-01
9.920800328254699707e-01
9.870779514312744141e-01
9.845768809318542480e-01
9.966652989387512207e-01
9.991663098335266113e-01
9.979158043861389160e-01
9.799916744232177734e-01
9.849937558174133301e-01
9.845768809318542480e-01
9.879116415977478027e-01
9.958316087722778320e-01
9.779074788093566895e-01
9.924968481063842773e-01
