5.785124003887176514e-02
1.157024800777435303e-01
1.487603336572647095e-01
2.479338794946670532e-01
2.479338794946670532e-01
3.553718924522399902e-01
3.471074402332305908e-01
4.132231473922729492e-01
3.719008266925811768e-01
4.628099203109741211e-01
4.628099203109741211e-01
4.876033067703247070e-01
4.958677589893341064e-01
5.206611752510070801e-01
5.785123705863952637e-01
5.371900796890258789e-01
5.371900796890258789e-01
5.206611752510070801e-01
6.198347210884094238e-01
6.115702390670776367e-01
6.363636255264282227e-01
6.033057570457458496e-01
5.785123705863952637e-01
5.867768526077270508e-01
6.115702390670776367e-01
6.363636255264282227e-01
6.694214940071105957e-01
6.859503984451293945e-01
6.859503984451293945e-01
7.190082669258117676e-01
6.528925895690917969e-01
7.603305578231811523e-01
7.272727489471435547e-01
6.611570119857788086e-01
7.107437849044799805e-01
7.520661354064941406e-01
7.933884263038635254e-01
7.685950398445129395e-01
7.933884263038635254e-01
7.851239442825317383e-01
7.355371713638305664e-01
8.264462947845458984e-01
7.603305578231811523e-01
8.595041036605834961e-01
8.512396812438964844e-01
7.768595218658447266e-01
7.355371713638305664e-01
8.429751992225646973e-01
8.347107172012329102e-01
8.595041036605834961e-01
8.016529083251953125e-01
9.008264541625976562e-01
8.925619721412658691e-01
8.181818127632141113e-01
8.099173307418823242e-01
8.760330677032470703e-01
7.768595218658447266e-01
8.842975497245788574e-01
7.685950398445129395e-01
8.264462947845458984e-01
9.008264541625976562e-01
9.173553586006164551e-01
8.181818127632141113e-01
8.925619721412658691e-01
8.925619721412658691e-01
9.090909361839294434e-01
9.090909361839294434e-01
9.173553586006164551e-01
8.925619721412658691e-01
8.181818127632141113e-01
8.677685856819152832e-01
8.925619721412658691e-01
9.256198406219482422e-01
8.760330677032470703e-01
8.595041036605834961e-01
8.677685856819152832e-01
9.338843226432800293e-01
9.338843226432800293e-01
8.760330677032470703e-01
9.504132270812988281e-01
9.338843226432800293e-01
9.586777091026306152e-01
9.586777091026306152e-01
9.008264541625976562e-01
9.008264541625976562e-01
9.669421315193176270e-01
9.421487450599670410e-01
9.421487450599670410e-01
9.504132270812988281e-01
9.173553586006164551e-01
9.586777091026306152e-01
9.421487450599670410e-01
8.760330677032470703e-01
9.090909361839294434e-01
9.504132270812988281e-01
9.421487450599670410e-01
9.669421315193176270e-01
9.834710955619812012e-01
9.586777091026306152e-01
9.421487450599670410e-01
8.677685856819152832e-01
9.090909361839294434e-01
9.090909361839294434e-01
9.173553586006164551e-01
9.338843226432800293e-01
9.917355179786682129e-01
8.925619721412658691e-01
9.586777091026306152e-01
9.586777091026306152e-01
9.752066135406494141e-01
9.752066135406494141e-01
9.752066135406494141e-01
9.090909361839294434e-01
9.504132270812988281e-01
9.669421315193176270e-01
9.504132270812988281e-01
9.834710955619812012e-01
9.669421315193176270e-01
9.834710955619812012e-01
9.173553586006164551e-01
9.669421315193176270e-01
8.842975497245788574e-01
9.338843226432800293e-01
8.925619721412658691e-01
9.669421315193176270e-01
9.504132270812988281e-01
9.834710955619812012e-01
1.000000000000000000e+00
1.000000000000000000e+00
1.000000000000000000e+00
9.917355179786682129e-01
9.504132270812988281e-01
8.842975497245788574e-01
9.917355179786682129e-01
9.338843226432800293e-01
9.421487450599670410e-01
9.090909361839294434e-01
9.834710955619812012e-01
9.504132270812988281e-01
9.669421315193176270e-01
1.000000000000000000e+00
9.917355179786682129e-01
1.000000000000000000e+00
1.000000000000000000e+00
1.000000000000000000e+00
8.595041036605834961e-01
9.669421315193176270e-01
9.917355179786682129e-01
9.752066135406494141e-01
9.834710955619812012e-01
