4.317804875565947054e-01
9.076386157153239209e-02
7.057717484510740713e-02
5.042105781474907206e-02
4.734193988909934925e-02
5.590332367669433034e-02
3.942322531076544734e-02
4.249648868164396243e-02
3.846298274449466703e-02
5.370214613154211669e-02
3.819189303163603166e-02
2.938484947219518681e-02
3.396718344384781763e-02
2.966587861063340117e-02
3.120938212333273024e-02
2.430049655790047017e-02
2.127913651919569396e-02
2.405339251453927213e-02
2.517414752893980950e-02
1.957056964652431619e-02
1.853192758290749323e-02
1.860376423094120199e-02
2.114919447789961535e-02
1.959742574188455891e-02
1.391412069771264838e-02
1.359042424273370318e-02
1.732416342909729595e-02
1.794559811471057101e-02
1.855353392074657673e-02
8.347504654689695200e-03
1.202611634797809068e-02
1.883808350501288420e-02
2.222912312311839042e-02
1.040019705680524792e-02
1.289101447812141497e-02
1.013769384524088046e-02
1.267143690940732495e-02
6.445184209633705863e-03
1.018859909998162151e-02
7.486537598083663030e-03
2.628267603689741008e-02
1.056987934805959754e-02
4.782862325463149190e-03
1.105207226325923518e-02
8.584552929548166372e-03
9.286604974802882898e-03
7.857650398452851320e-03
1.239686348464971374e-02
5.645124858583826927e-03
6.877280497464831853e-03
1.121488405237116431e-02
5.408450111424788209e-03
7.768600753856740558e-03
7.851919901622985212e-03
1.410397701315583598e-02
3.991517631226021087e-03
1.764781643419878997e-03
9.043228929348631415e-03
5.061330690045890389e-03
6.614744432998746759e-03
5.524657833079044643e-03
4.961575146839207646e-03
3.312177301874848385e-03
3.248623971193643264e-03
1.007974757897536766e-02
4.092743404521956979e-03
4.048839473155396197e-03
7.389930151006228638e-03
1.059305367945608152e-02
4.607917905546951229e-03
7.150767418449400711e-03
3.601166377916683019e-03
1.639125690979079033e-03
4.678154092194287484e-04
1.731037721306913704e-02
4.853455792500575156e-03
2.656847009276774169e-03
1.963057782955488460e-03
1.432083375926140217e-04
7.193069531289767241e-03
4.089052598002608507e-03
2.548799672593521273e-03
2.977263240903867125e-03
3.705207963055925230e-03
2.300983915569635666e-03
6.146999164026494857e-03
2.495740171979310765e-03
1.393373839530720384e-03
1.498399298040509458e-03
6.976010547748125006e-03
6.420382023923955350e-03
3.962547475103270385e-03
8.407796081478314046e-03
5.828586392899230695e-03
3.472388343453423117e-03
3.360685921454911480e-03
2.488620052378437073e-03
2.348582485904978300e-04
4.878354878210292359e-03
8.704327761898309618e-03
4.286816982822305895e-03
8.859968951340368862e-04
6.337899663336415230e-04
4.777096218901846943e-03
5.962025772995681490e-03
7.570288323018795193e-04
1.417243023637284076e-03
2.386146455047633268e-03
3.987995418946746473e-03
1.188144991557842263e-02
4.215787693745778192e-03
5.566994952034221879e-03
1.579104004749131871e-03
4.192904276418615329e-03
2.830707428209435807e-03
2.143887799037803453e-04
8.397719121156055995e-04
1.362478267638608353e-04
4.150546222953710466e-06
3.962715113056733696e-06
1.861980290929886528e-06
1.602335405901154006e-06
3.021542604746424663e-06
9.182646188784463699e-06
6.247055726708215673e-06
1.320029738358163905e-04
2.337873339223521182e-02
1.959473242763439330e-03
5.702492219814590119e-03
2.314815929661521825e-03
9.563879563550722320e-04
5.409600705484594006e-03
2.813141558257864321e-03
9.824464445054991325e-04
1.228281893295460022e-04
3.850285436218723716e-05
3.399624875940779290e-04
1.990002891331358378e-03
9.452914263149951243e-03
2.618991322131893409e-03
5.894287209777741409e-04
5.258895471874379174e-05
1.743645488261964707e-04
9.542995982508658509e-06
9.096631167515402470e-05
5.679138437190450235e-05
4.253710207360731745e-06
1.307680371009193442e-05
4.711187907855633892e-06
2.440681699102004774e-06
