4.291845485568046570e-03
2.145922742784023285e-02
8.583690971136093140e-03
8.583690971136093140e-03
4.291845485568046570e-03
2.145922742784023285e-02
2.145922742784023285e-02
3.433476388454437256e-02
3.004291839897632599e-02
2.575107291340827942e-02
3.433476388454437256e-02
5.150214582681655884e-02
4.721030220389366150e-02
6.008583679795265198e-02
6.008583679795265198e-02
6.437768042087554932e-02
8.583690971136093140e-02
1.115879863500595093e-01
1.115879863500595093e-01
1.373390555381774902e-01
1.373390555381774902e-01
1.416309028863906860e-01
1.459227502346038818e-01
1.545064449310302734e-01
1.673819720745086670e-01
1.802575141191482544e-01
1.888412088155746460e-01
1.587982773780822754e-01
2.060085833072662354e-01
1.802575141191482544e-01
2.017167359590530396e-01
2.231759727001190186e-01
2.060085833072662354e-01
2.317596524953842163e-01
2.231759727001190186e-01
2.618025839328765869e-01
2.317596524953842163e-01
2.403433471918106079e-01
2.274678051471710205e-01
2.489270418882369995e-01
3.047210276126861572e-01
3.047210276126861572e-01
2.918455004692077637e-01
3.133047223091125488e-01
2.789699435234069824e-01
2.961373329162597656e-01
3.261802494525909424e-01
3.390558063983917236e-01
3.347639441490173340e-01
3.304721117019653320e-01
3.905579447746276855e-01
3.347639441490173340e-01
3.733905553817749023e-01
3.905579447746276855e-01
3.690987229347229004e-01
3.562231659889221191e-01
3.862660825252532959e-01
3.733905553817749023e-01
4.334763884544372559e-01
4.034334719181060791e-01
4.077253341674804688e-01
4.377682507038116455e-01
3.991416394710540771e-01
4.420600831508636475e-01
4.377682507038116455e-01
4.549356102943420410e-01
4.806866943836212158e-01
4.935622215270996094e-01
4.549356102943420410e-01
4.763948619365692139e-01
4.849785268306732178e-01
4.978540837764739990e-01
5.064377784729003906e-01
5.193132758140563965e-01
5.236051678657531738e-01
5.150214433670043945e-01
5.278970003128051758e-01
5.407725572586059570e-01
5.364806652069091797e-01
5.536480545997619629e-01
5.751072764396667480e-01
6.094420552253723145e-01
5.836910009384155273e-01
5.879828333854675293e-01
5.751072764396667480e-01
5.321888327598571777e-01
5.965664982795715332e-01
6.223176121711730957e-01
6.094420552253723145e-01
6.266094446182250977e-01
7.167382240295410156e-01
6.738197207450866699e-01
6.866952776908874512e-01
6.609442234039306641e-01
6.781116127967834473e-01
6.695278882980346680e-01
6.824034452438354492e-01
7.038626670837402344e-01
7.510729432106018066e-01
7.296137213706970215e-01
7.854077219963073730e-01
7.467811107635498047e-01
7.982832789421081543e-01
7.639485001564025879e-01
8.025751113891601562e-01
7.725321650505065918e-01
7.081544995307922363e-01
7.939913868904113770e-01
7.811158895492553711e-01
7.896995544433593750e-01
8.154506683349609375e-01
7.811158895492553711e-01
8.412017226219177246e-01
8.154506683349609375e-01
8.669527769088745117e-01
8.197425007820129395e-01
8.412017226219177246e-01
8.412017226219177246e-01
8.326179981231689453e-01
9.055793881416320801e-01
8.497853875160217285e-01
7.682403326034545898e-01
8.626609444618225098e-01
9.055793881416320801e-01
8.712446093559265137e-01
8.712446093559265137e-01
8.283261656761169434e-01
8.927038908004760742e-01
8.240343332290649414e-01
9.227467775344848633e-01
8.712446093559265137e-01
8.884119987487792969e-01
8.712446093559265137e-01
8.412017226219177246e-01
8.841201663017272949e-01
8.755365014076232910e-01
9.012875556945800781e-01
8.712446093559265137e-01
9.570815563201904297e-01
8.884119987487792969e-01
9.184549450874328613e-01
9.399141669273376465e-01
8.755365014076232910e-01
8.927038908004760742e-01
8.841201663017272949e-01
9.356223344802856445e-01
9.098712205886840820e-01
8.969957232475280762e-01
8.712446093559265137e-01
9.313304424285888672e-01
