3.889170236279834020e-02
2.894322841215205347e-02
2.376165446264649414e-02
1.911612958398981391e-02
1.568125757343810656e-02
1.818529705745468641e-02
2.147497562551069911e-02
1.688915387035265156e-02
1.520251462504872489e-02
9.888388280527344101e-03
1.446270931611371401e-02
1.826398860156638188e-02
1.267461409883371103e-02
7.458090998262623290e-03
6.348062277118175431e-03
3.693529189380559061e-03
1.000364889024067672e-02
2.477857763824940426e-02
5.612057027449616521e-03
8.456515949124760942e-03
2.757916445063689475e-03
8.038192403809702249e-03
1.119210419924634992e-02
1.038820677666296363e-02
1.088103415888705232e-02
8.113106793440006542e-03
3.273414414149704299e-02
1.302490826445455718e-02
3.846320726461750425e-03
1.644093216544504667e-03
1.532404368490420700e-03
1.078882978018054321e-02
1.067177329745372730e-02
7.247438095742388987e-03
6.399297819336803236e-03
2.041846131283048173e-03
1.610592146964957882e-03
9.710279644636430219e-04
8.740960678439529908e-04
7.578473373197295183e-04
7.297949228341012087e-04
7.215140889791802833e-04
7.001485712501888002e-04
6.981357344481675491e-04
7.041656661787322729e-04
6.558985134994987009e-04
6.475913909442892981e-04
6.277742074722943329e-04
6.138946863352504882e-04
5.971047690116908007e-04
