8.852813839912414551e-01
8.852813839912414551e-01
8.961039185523986816e-01
9.112554192543029785e-01
9.285714030265808105e-01
9.134199023246765137e-01
8.961039185523986816e-01
9.112554192543029785e-01
9.220778942108154297e-01
9.502164721488952637e-01
9.329004287719726562e-01
9.090909361839294434e-01
9.350649118423461914e-01
9.632034897804260254e-01
9.675324559211730957e-01
9.805194735527038574e-01
9.588744640350341797e-01
9.025974273681640625e-01
9.718614816665649414e-01
9.588744640350341797e-01
9.870129823684692383e-01
9.632034897804260254e-01
9.523809552192687988e-01
9.567099809646606445e-01
9.523809552192687988e-01
9.545454382896423340e-01
8.766233921051025391e-01
9.415584206581115723e-01
9.891774654388427734e-01
9.956709742546081543e-01
9.956709742546081543e-01
9.523809552192687988e-01
9.545454382896423340e-01
9.696969985961914062e-01
9.675324559211730957e-01
9.956709742546081543e-01
9.956709742546081543e-01
1.000000000000000000e+00
1.000000000000000000e+00
1.000000000000000000e+00
1.000000000000000000e+00
1.000000000000000000e+00
1.000000000000000000e+00
1.000000000000000000e+00
1.000000000000000000e+00
1.000000000000000000e+00
1.000000000000000000e+00
1.000000000000000000e+00
1.000000000000000000e+00
1.000000000000000000e+00
