3.271108717919570669e-02
1.698553979668869854e-02
1.571675956937881521e-02
1.447519092690768144e-02
9.603059052959127262e-03
9.554925146308885717e-03
6.032395931555053874e-03
5.471354552986337598e-03
7.452085684079289528e-03
5.123163813082196212e-03
3.114427760749152382e-03
5.908467026798855382e-03
5.418614814241710063e-03
4.393270006232064678e-03
4.399467759452104290e-03
3.904191825063450284e-03
2.651504083369071035e-03
2.099467391409726505e-03
8.864296098553472048e-04
8.031354109291158902e-04
6.581670635473359883e-04
8.134296852475324984e-04
1.131246232443241552e-02
6.124045729463144239e-03
2.533879503402235427e-03
2.823544013941281603e-03
2.130990109356574284e-03
2.922318933333663098e-03
6.771523357478956154e-04
9.211844486948589589e-04
1.181758033088057235e-03
6.530902585142804757e-03
4.326426495031363527e-03
7.074150461406399602e-03
2.175651062062437021e-03
6.260104520563564102e-04
1.111405389880094994e-03
2.374533332134869373e-03
6.257312694898765166e-04
1.011146026414809886e-03
1.274380633069230372e-03
5.957253084246736784e-04
5.553475740040629029e-04
5.299805896399517645e-04
5.157940777447848684e-04
5.156107080494762599e-04
5.051155255901250158e-04
5.059800351680122238e-04
4.950523501357633220e-04
4.860362792510913464e-04
