9.205297827720642090e-01
9.319728016853332520e-01
9.271523356437683105e-01
9.060402512550354004e-01
9.403973221778869629e-01
9.530201554298400879e-01
9.865771532058715820e-01
9.536423683166503906e-01
9.599999785423278809e-01
9.800000190734863281e-01
9.866666793823242188e-01
9.536423683166503906e-01
9.668874144554138184e-01
9.477124214172363281e-01
9.801324605941772461e-01
9.607843160629272461e-01
9.802631735801696777e-01
9.803921580314636230e-01
9.870129823684692383e-01
1.000000000000000000e+00
1.000000000000000000e+00
1.000000000000000000e+00
9.333333373069763184e-01
9.602649211883544922e-01
9.801324605941772461e-01
9.735099077224731445e-01
9.866666793823242188e-01
9.866666793823242188e-01
1.000000000000000000e+00
1.000000000000000000e+00
9.933775067329406738e-01
9.605262875556945801e-01
9.735099077224731445e-01
9.666666388511657715e-01
9.740259647369384766e-01
1.000000000000000000e+00
9.934210777282714844e-01
9.867549538612365723e-01
1.000000000000000000e+00
1.000000000000000000e+00
1.000000000000000000e+00
1.000000000000000000e+00
1.000000000000000000e+00
1.000000000000000000e+00
1.000000000000000000e+00
1.000000000000000000e+00
1.000000000000000000e+00
1.000000000000000000e+00
1.000000000000000000e+00
1.000000000000000000e+00
