5.067125740133323619e-01
1.447415746898265687e-01
1.218304544548977214e-01
1.066633506007463733e-01
1.046846851170616238e-01
9.026274682301380081e-02
8.309355664678488851e-02
7.262399173806272090e-02
7.836159024234898296e-02
6.875848582580582069e-02
6.711052004636855473e-02
6.259511604801408502e-02
5.975079073153626019e-02
6.110388209376331481e-02
5.907944066785650317e-02
6.140607050911733172e-02
5.170844320412393974e-02
5.561776448845033582e-02
4.865854322530000636e-02
5.318424619636329120e-02
4.252728167417108712e-02
4.596575687452862657e-02
5.477986019248775457e-02
4.241607879840949419e-02
4.000318253503597904e-02
5.060812412730179843e-02
4.461084907746255129e-02
3.745093294372529857e-02
3.908579824211425718e-02
3.617779911716871577e-02
3.580900654052682902e-02
3.607199279114615270e-02
3.421313135559855834e-02
3.937161542123726599e-02
3.093633125914290946e-02
3.210780342028109885e-02
2.848850099596051538e-02
2.894622945332610275e-02
2.690398785352637878e-02
2.433879543254288680e-02
2.418014353641063235e-02
2.858725406678951086e-02
2.881839981609458576e-02
2.123379412237540523e-02
3.034114957501145293e-02
2.346824922390737533e-02
2.337982562318017751e-02
2.132289059285855104e-02
1.870981178967439165e-02
2.192067302733210349e-02
2.072728440642345252e-02
1.859233418064680163e-02
2.270166700589200393e-02
1.658552144211122847e-02
2.182579149577798180e-02
1.902462832366057927e-02
1.297217645024778543e-02
2.496825457152270292e-02
1.341667987135428293e-02
1.167493757747880070e-02
1.381620939724487358e-02
1.210825828970780831e-02
1.693391499029615194e-02
1.317916285716233538e-02
1.423647011430719499e-02
1.193492515740105127e-02
1.434120019985692801e-02
1.467093589952631928e-02
1.078340037684809814e-02
1.649575683843612292e-02
8.188951525358915962e-03
1.037266019447969506e-02
1.158079524558363119e-02
1.509828309489634479e-02
1.540600646439182000e-02
7.780666299033203899e-03
1.010866567120820292e-02
1.474912480392823882e-02
1.352491743926733866e-02
1.150149959719351696e-02
8.426436081194452893e-03
1.604929799015928499e-02
8.780457922138636476e-03
1.204787619586253182e-02
1.800112351371812441e-02
4.924061396631014900e-03
8.862526808582297383e-03
7.228815709856574109e-03
6.718470708503800591e-03
1.555624956226196731e-02
1.105381627887637268e-02
5.924091857878890574e-03
7.255166592018798093e-03
1.284985807281324548e-02
8.051630338237599979e-03
5.118326991666842692e-03
6.786639498199544679e-03
6.585007044720792534e-03
9.967307031820171401e-03
7.116516615384404706e-03
5.000610259445838028e-03
1.003614070624320523e-02
4.715982418325826743e-03
1.261475270087142851e-02
1.015547645182477733e-02
3.475040449110441097e-03
4.308361624481339171e-03
9.057850785548413747e-03
3.983452517740220661e-03
1.518550754524047169e-02
7.681148517653576743e-03
2.961150690162668402e-03
5.693517269333284343e-03
9.730071853270086391e-03
5.922421074003465444e-03
6.713195977900364778e-03
4.234584704565845341e-03
3.861692654651755884e-03
4.567249881734600052e-03
8.904761716158742305e-03
5.948591860582402684e-03
4.026119861599095767e-03
1.912939444150810187e-02
5.561961772241568250e-03
2.716137481275701128e-03
8.436576911566630657e-03
3.213341809933096052e-03
1.260605795245562863e-02
4.184231007931219978e-03
2.854481449477484171e-03
1.353695942341059770e-02
2.470153978051962008e-03
1.016054384241835661e-02
2.353411193069845399e-03
2.990096423570398187e-03
1.923964626990598559e-03
1.431328998190730317e-03
1.732179949424544332e-03
1.401412654063057288e-03
1.278508661101641995e-03
1.267469775386166099e-03
1.199376882087764854e-03
1.172519362875896337e-03
1.146061515200764947e-03
1.118549746291946792e-03
1.096859751957089202e-03
1.068799576667344136e-03
1.053168757549254389e-03
1.786859468279632449e-02
2.050834973474167933e-02
