1.666666753590106964e-02
8.333333581686019897e-02
1.166666671633720398e-01
2.083333283662796021e-01
2.333333343267440796e-01
2.666666805744171143e-01
2.416666597127914429e-01
3.750000000000000000e-01
3.916666805744171143e-01
4.166666567325592041e-01
4.083333313465118408e-01
4.749999940395355225e-01
4.916666746139526367e-01
4.583333432674407959e-01
5.083333253860473633e-01
4.499999880790710449e-01
5.416666865348815918e-01
5.000000000000000000e-01
5.916666388511657715e-01
5.083333253860473633e-01
6.166666746139526367e-01
6.166666746139526367e-01
5.166666507720947266e-01
5.583333373069763184e-01
6.083333492279052734e-01
5.833333134651184082e-01
6.250000000000000000e-01
6.499999761581420898e-01
6.416666507720947266e-01
6.750000119209289551e-01
6.083333492279052734e-01
6.666666865348815918e-01
6.583333611488342285e-01
6.583333611488342285e-01
6.999999880790710449e-01
6.750000119209289551e-01
7.416666746139526367e-01
7.416666746139526367e-01
7.666666507720947266e-01
7.416666746139526367e-01
7.833333611488342285e-01
7.083333134651184082e-01
7.250000238418579102e-01
8.083333373069763184e-01
7.333333492279052734e-01
7.749999761581420898e-01
7.333333492279052734e-01
8.166666626930236816e-01
8.166666626930236816e-01
8.083333373069763184e-01
7.916666865348815918e-01
8.333333134651184082e-01
7.833333611488342285e-01
8.583333492279052734e-01
8.333333134651184082e-01
8.249999880790710449e-01
8.750000000000000000e-01
7.416666746139526367e-01
8.833333253860473633e-01
8.833333253860473633e-01
8.999999761581420898e-01
8.833333253860473633e-01
8.083333373069763184e-01
8.666666746139526367e-01
8.666666746139526367e-01
9.166666865348815918e-01
8.833333253860473633e-01
8.500000238418579102e-01
9.083333611488342285e-01
8.333333134651184082e-01
9.250000119209289551e-01
8.999999761581420898e-01
9.166666865348815918e-01
8.750000000000000000e-01
8.500000238418579102e-01
8.999999761581420898e-01
9.333333373069763184e-01
8.583333492279052734e-01
8.750000000000000000e-01
8.833333253860473633e-01
9.083333611488342285e-01
8.583333492279052734e-01
9.166666865348815918e-01
8.833333253860473633e-01
8.583333492279052734e-01
9.583333134651184082e-01
9.333333373069763184e-01
9.333333373069763184e-01
9.250000119209289551e-01
8.500000238418579102e-01
9.250000119209289551e-01
9.333333373069763184e-01
9.333333373069763184e-01
8.916666507720947266e-01
9.333333373069763184e-01
9.583333134651184082e-01
9.250000119209289551e-01
9.416666626930236816e-01
8.999999761581420898e-01
9.499999880790710449e-01
9.583333134651184082e-01
9.250000119209289551e-01
9.750000238418579102e-01
8.666666746139526367e-01
8.999999761581420898e-01
9.750000238418579102e-01
9.583333134651184082e-01
9.166666865348815918e-01
9.666666388511657715e-01
9.166666865348815918e-01
9.083333611488342285e-01
9.750000238418579102e-01
9.583333134651184082e-01
9.250000119209289551e-01
9.583333134651184082e-01
9.333333373069763184e-01
9.750000238418579102e-01
9.833333492279052734e-01
9.666666388511657715e-01
8.999999761581420898e-01
9.499999880790710449e-01
9.499999880790710449e-01
8.666666746139526367e-01
9.583333134651184082e-01
9.833333492279052734e-01
9.250000119209289551e-01
9.750000238418579102e-01
8.750000000000000000e-01
9.583333134651184082e-01
9.583333134651184082e-01
9.083333611488342285e-01
9.666666388511657715e-01
9.083333611488342285e-01
9.833333492279052734e-01
9.666666388511657715e-01
9.916666746139526367e-01
1.000000000000000000e+00
9.916666746139526367e-01
1.000000000000000000e+00
1.000000000000000000e+00
1.000000000000000000e+00
1.000000000000000000e+00
1.000000000000000000e+00
1.000000000000000000e+00
1.000000000000000000e+00
1.000000000000000000e+00
1.000000000000000000e+00
1.000000000000000000e+00
8.750000000000000000e-01
8.333333134651184082e-01
