3.636363521218299866e-02
2.000000029802322388e-01
3.461538553237915039e-01
4.901960790157318115e-01
5.409836173057556152e-01
6.315789222717285156e-01
6.266666650772094727e-01
6.527777910232543945e-01
6.744186282157897949e-01
7.236841917037963867e-01
6.304348111152648926e-01
6.551724076271057129e-01
7.303370833396911621e-01
7.294117808341979980e-01
6.923077106475830078e-01
7.096773982048034668e-01
7.113401889801025391e-01
7.444444298744201660e-01
7.727272510528564453e-01
7.956989407539367676e-01
8.297872543334960938e-01
7.500000000000000000e-01
7.659574747085571289e-01
7.282608747482299805e-01
8.155339956283569336e-01
7.978723645210266113e-01
8.645833134651184082e-01
8.543689250946044922e-01
7.878788113594055176e-01
8.299999833106994629e-01
8.469387888908386230e-01
8.500000238418579102e-01
8.421052694320678711e-01
8.600000143051147461e-01
8.762886524200439453e-01
8.058252334594726562e-01
8.316831588745117188e-01
8.365384340286254883e-01
8.431372642517089844e-01
8.514851331710815430e-01
8.240740895271301270e-01
8.378378152847290039e-01
8.623853325843811035e-01
8.571428656578063965e-01
9.009901285171508789e-01
8.090909123420715332e-01
8.773584961891174316e-01
8.952381014823913574e-01
8.125000000000000000e-01
8.999999761581420898e-01
8.947368264198303223e-01
8.727272748947143555e-01
8.761062026023864746e-01
9.181818366050720215e-01
8.888888955116271973e-01
9.056603908538818359e-01
8.981481194496154785e-01
9.107142686843872070e-01
9.115044474601745605e-01
9.454545378684997559e-01
9.266055226325988770e-01
9.464285969734191895e-01
9.385964870452880859e-01
9.090909361839294434e-01
9.814814925193786621e-01
9.545454382896423340e-01
9.734513163566589355e-01
9.203540086746215820e-01
9.385964870452880859e-01
9.553571343421936035e-01
9.380530714988708496e-01
9.473684430122375488e-01
9.473684430122375488e-01
9.561403393745422363e-01
9.646017551422119141e-01
9.642857313156127930e-01
9.473684430122375488e-01
8.974359035491943359e-01
9.565217494964599609e-01
9.652174115180969238e-01
9.911504387855529785e-01
9.243697524070739746e-01
9.553571343421936035e-01
9.454545378684997559e-01
8.859649300575256348e-01
9.649122953414916992e-01
9.482758641242980957e-01
1.000000000000000000e+00
9.385964870452880859e-01
9.572649598121643066e-01
1.000000000000000000e+00
9.652174115180969238e-01
9.913043379783630371e-01
9.829059839248657227e-01
1.000000000000000000e+00
9.655172228813171387e-01
8.869565129280090332e-01
9.557521939277648926e-01
9.912280440330505371e-01
9.913793206214904785e-01
9.663865566253662109e-01
9.655172228813171387e-01
9.827586412429809570e-01
9.401709437370300293e-01
9.473684430122375488e-01
9.745762944221496582e-01
9.469026327133178711e-01
9.912280440330505371e-01
9.914529919624328613e-01
9.829059839248657227e-01
9.913793206214904785e-01
9.298245906829833984e-01
9.652174115180969238e-01
9.826086759567260742e-01
1.000000000000000000e+00
9.745762944221496582e-01
9.652174115180969238e-01
9.913043379783630371e-01
1.000000000000000000e+00
1.000000000000000000e+00
1.000000000000000000e+00
9.913793206214904785e-01
9.401709437370300293e-01
9.482758641242980957e-01
9.736841917037963867e-01
9.663865566253662109e-01
9.829059839248657227e-01
9.130434989929199219e-01
9.478260874748229980e-01
9.826086759567260742e-01
9.745762944221496582e-01
1.000000000000000000e+00
9.913043379783630371e-01
9.829059839248657227e-01
9.487179517745971680e-01
9.747899174690246582e-01
1.000000000000000000e+00
1.000000000000000000e+00
1.000000000000000000e+00
1.000000000000000000e+00
9.915254116058349609e-01
9.913793206214904785e-01
1.000000000000000000e+00
9.380530714988708496e-01
9.230769276618957520e-01
9.652174115180969238e-01
9.482758641242980957e-01
9.743589758872985840e-01
9.576271176338195801e-01
9.743589758872985840e-01
