1.709401793777942657e-02
6.837607175111770630e-02
1.538461595773696899e-01
2.136752158403396606e-01
2.820512950420379639e-01
3.076923191547393799e-01
4.017094075679779053e-01
4.017094075679779053e-01
4.957264959812164307e-01
4.700854718685150146e-01
4.957264959812164307e-01
4.871794879436492920e-01
5.555555820465087891e-01
5.299145579338073730e-01
5.384615659713745117e-01
5.641025900840759277e-01
5.897436141967773438e-01
5.726495981216430664e-01
5.811966061592102051e-01
6.324786543846130371e-01
6.666666865348815918e-01
5.897436141967773438e-01
6.153846383094787598e-01
5.726495981216430664e-01
7.179487347602844238e-01
6.410256624221801758e-01
7.094017267227172852e-01
7.521367669105529785e-01
6.666666865348815918e-01
7.094017267227172852e-01
7.094017267227172852e-01
7.264957427978515625e-01
6.837607026100158691e-01
7.350427508354187012e-01
7.264957427978515625e-01
7.094017267227172852e-01
7.179487347602844238e-01
7.435897588729858398e-01
7.350427508354187012e-01
7.350427508354187012e-01
7.606837749481201172e-01
7.948718070983886719e-01
8.034188151359558105e-01
7.692307829856872559e-01
7.777777910232543945e-01
7.606837749481201172e-01
7.948718070983886719e-01
8.034188151359558105e-01
7.777777910232543945e-01
8.461538553237915039e-01
8.717948794364929199e-01
8.205128312110900879e-01
8.461538553237915039e-01
8.632478713989257812e-01
8.205128312110900879e-01
8.205128312110900879e-01
8.290598392486572266e-01
8.717948794364929199e-01
8.803418874740600586e-01
8.888888955116271973e-01
8.632478713989257812e-01
9.059829115867614746e-01
9.145299196243286133e-01
8.547008633613586426e-01
9.059829115867614746e-01
8.974359035491943359e-01
9.401709437370300293e-01
8.888888955116271973e-01
9.145299196243286133e-01
9.145299196243286133e-01
9.059829115867614746e-01
9.230769276618957520e-01
9.230769276618957520e-01
9.316239356994628906e-01
9.316239356994628906e-01
9.230769276618957520e-01
9.230769276618957520e-01
8.974359035491943359e-01
9.401709437370300293e-01
9.487179517745971680e-01
9.572649598121643066e-01
9.401709437370300293e-01
9.145299196243286133e-01
8.888888955116271973e-01
8.632478713989257812e-01
9.401709437370300293e-01
9.401709437370300293e-01
9.743589758872985840e-01
9.145299196243286133e-01
9.572649598121643066e-01
9.658119678497314453e-01
9.487179517745971680e-01
9.743589758872985840e-01
9.829059839248657227e-01
1.000000000000000000e+00
9.572649598121643066e-01
8.717948794364929199e-01
9.230769276618957520e-01
9.658119678497314453e-01
9.829059839248657227e-01
9.829059839248657227e-01
9.572649598121643066e-01
9.743589758872985840e-01
9.401709437370300293e-01
9.230769276618957520e-01
9.829059839248657227e-01
9.145299196243286133e-01
9.658119678497314453e-01
9.914529919624328613e-01
9.829059839248657227e-01
9.829059839248657227e-01
9.059829115867614746e-01
9.487179517745971680e-01
9.658119678497314453e-01
9.914529919624328613e-01
9.829059839248657227e-01
9.487179517745971680e-01
9.743589758872985840e-01
1.000000000000000000e+00
1.000000000000000000e+00
1.000000000000000000e+00
9.829059839248657227e-01
9.401709437370300293e-01
9.401709437370300293e-01
9.487179517745971680e-01
9.829059839248657227e-01
9.829059839248657227e-01
8.974359035491943359e-01
9.316239356994628906e-01
9.658119678497314453e-01
9.829059839248657227e-01
9.829059839248657227e-01
9.743589758872985840e-01
9.829059839248657227e-01
9.487179517745971680e-01
9.914529919624328613e-01
1.000000000000000000e+00
1.000000000000000000e+00
1.000000000000000000e+00
1.000000000000000000e+00
1.000000000000000000e+00
9.829059839248657227e-01
9.829059839248657227e-01
9.059829115867614746e-01
9.230769276618957520e-01
9.487179517745971680e-01
9.401709437370300293e-01
9.743589758872985840e-01
9.658119678497314453e-01
9.743589758872985840e-01
