19
[0.06117846075156365, 0.95238096, 0.9160305]

21
[0.03697672739980729, 0.991453, 0.8854962]

23
[0.10029115013038407, 0.94067794, 0.84732825]

25
[0.09631921084748295, 0.98275864, 0.870229]

27
[0.05526435227859492, 0.9836066, 0.9160305]

29
[0.06050517279462716, 0.97619045, 0.9389313]

31
[0.12462809436100046, 0.9826087, 0.86259544]

33
[0.07691007726626169, 0.9516129, 0.90076333]

vote:
precision= 0.8785714285714286
recall= 0.9389312977099237
f1= 0.9077490774907749

probability:
precision= 0.9834710743801653
recall= 0.9083969465648855
f1= 0.9444444444444445

