2.195521586327508351e-02
1.331582649383520646e-02
9.363009984925957027e-03
1.079086481036330841e-02
9.778112911906715332e-03
1.076596962252580544e-02
6.597577705260673081e-03
4.253711903459898337e-03
3.324350706906103320e-03
2.060447013513608608e-03
6.369492929216166721e-03
5.811159540859718760e-03
1.238640596731772556e-02
9.356965720338498993e-03
1.428966642764985771e-02
4.090624300381030982e-03
2.372731470756909902e-03
7.605987786567409981e-03
7.148172393132072415e-03
2.573433299361872068e-03
2.200015418203921623e-03
3.791527349342361727e-03
5.848082409222584745e-03
5.710178733543428038e-03
5.430927128702339041e-03
1.398302701571621509e-02
5.702516489089259899e-03
4.207420692716117017e-03
1.477605819054357431e-03
1.261447613653244497e-03
1.185674044012188484e-03
1.133930341746209247e-03
1.138513457752669822e-03
1.080932579481734025e-03
1.065031924141259748e-03
1.060646286275607978e-03
1.047391465000698050e-03
1.045472057709513798e-03
1.023674511831119830e-03
1.021155627960256430e-03
1.002754350901673835e-03
9.869030505087990953e-04
9.702898825993309072e-04
9.592387763277310025e-04
9.411810040296731067e-04
9.191617597904583499e-04
9.025048152405776725e-04
8.830773926499530403e-04
8.608138982460580325e-04
8.398642025968693558e-04
