5.527428034080138497e-01
1.506490891876836324e-01
9.610371901147696239e-02
7.619765489547146442e-02
6.335310158582335704e-02
6.208636605096484046e-02
5.993870665094935823e-02
5.393949276431933559e-02
4.655436137483616454e-02
5.243185132756118805e-02
4.741279166755332092e-02
4.719620114680581763e-02
4.758630001576540092e-02
4.784934737715916542e-02
4.232204909866914277e-02
3.373044590675033233e-02
3.166047639223378701e-02
3.789789999168712703e-02
3.155161239997841816e-02
2.903525424199769611e-02
3.238978502778589591e-02
2.814099466523261109e-02
2.937030568134301259e-02
3.053472052254923436e-02
2.213708224990930049e-02
2.614039592240010798e-02
2.672033984171506144e-02
2.713983486408947168e-02
2.404249922103356835e-02
2.836906800716423871e-02
1.983324560190915728e-02
2.304233128882960183e-02
2.432108030103297472e-02
2.249077245136721359e-02
1.925747014723472317e-02
1.641572715881684658e-02
2.097482938142563105e-02
1.758648155145127456e-02
1.991680328010270867e-02
1.761848711510127438e-02
1.393123219591140861e-02
1.265759919054508346e-02
1.841818954173737172e-02
1.417835309875623007e-02
1.357255220202981810e-02
1.666056665926101896e-02
1.610526744990048789e-02
1.001873883141556065e-02
1.779987510940342008e-02
1.592518168413212948e-02
1.428576649870708440e-02
1.676812632765851963e-02
2.187039603553503353e-02
9.113486517458193117e-03
8.453606090664355158e-03
8.174191256924428703e-03
1.358102446597716194e-02
1.331769608041423122e-02
1.282366500967233557e-02
8.569507341761612579e-03
1.037139032640581500e-02
7.414871109195066146e-03
1.025936897554828760e-02
1.339005456681961574e-02
6.875490411471986418e-03
1.136223674261736122e-02
1.069685738922209091e-02
8.776045515766731087e-03
1.442879017293574422e-02
4.687588157591477539e-03
8.603377382094054907e-03
5.480439282557892158e-03
8.741090513853444141e-03
1.276827794648840129e-02
6.995514375692176573e-03
7.030787467043290474e-03
5.786133545049357806e-03
5.300158692897861609e-03
1.103494509893800796e-02
5.828287143016009329e-03
5.990500468446219480e-03
5.840828333351901804e-03
6.054768862941273429e-03
5.731792516463347226e-03
7.521473006353674405e-03
1.641410957607750132e-02
3.363655422206170142e-02
1.815989960506856835e-02
8.203133266848747565e-03
1.112129677330019224e-02
5.532074296635986280e-03
4.783057809413034274e-03
8.498591489824380493e-03
1.034402905484687295e-02
6.104372185405431729e-03
1.050456018834477687e-02
4.065627836882234995e-03
2.128923166039496401e-03
2.820414273817607731e-03
3.512896760253888650e-03
4.506997452693224486e-03
5.487191086915130245e-03
9.812358998797317614e-03
6.284504562103330680e-03
5.678276520044362938e-03
6.404481789781024496e-03
8.079784072962878372e-03
6.730668613595701573e-03
2.101504715712966456e-03
7.785129170453999881e-03
6.265653086302985092e-03
3.703383394165438765e-03
8.328452558434288472e-03
7.514486717127280210e-03
4.787559891597925957e-03
2.361627083322566552e-03
1.806565698889165067e-03
5.540091820811522509e-03
4.495769892524120737e-03
3.465838197498110045e-03
3.959954379582132124e-03
1.101672481993225218e-03
3.390526944670523273e-03
5.242959971444864815e-03
2.767350131119403547e-03
3.987425502306713755e-03
5.074076325514154107e-03
2.584912379082030497e-03
7.823856527073218964e-03
4.767968189831194199e-03
1.587977270481409370e-03
1.813921898475072143e-03
2.316712237128695871e-03
3.236058061289473486e-03
4.822344028885258878e-03
6.300293111978747668e-03
1.832735989582251479e-03
1.919357898264412079e-03
1.995268822561384152e-03
1.582350892939378634e-03
3.077105078201041247e-03
3.234899464852972889e-02
1.854530059227692956e-02
3.835292258595189227e-03
4.251859057024146883e-03
1.860705184725265941e-03
2.071762458673012328e-03
1.388056616407250688e-03
2.099506643796861857e-03
2.336603714643803692e-04
