1.948051899671554565e-02
1.274509876966476440e-01
2.980769276618957520e-01
3.404255211353302002e-01
4.571428596973419189e-01
5.233644843101501465e-01
5.048543810844421387e-01
5.384615659713745117e-01
5.288461446762084961e-01
6.020408272743225098e-01
5.648148059844970703e-01
6.190476417541503906e-01
6.310679316520690918e-01
5.663716793060302734e-01
6.355140209197998047e-01
6.666666865348815918e-01
7.155963182449340820e-01
6.666666865348815918e-01
7.017543911933898926e-01
7.087378501892089844e-01
6.754385828971862793e-01
7.878788113594055176e-01
7.207207083702087402e-01
7.280701994895935059e-01
7.547169923782348633e-01
7.619047760963439941e-01
6.756756901741027832e-01
7.181817889213562012e-01
7.339449524879455566e-01
7.500000000000000000e-01
8.425925970077514648e-01
7.798165082931518555e-01
7.641509175300598145e-01
8.055555820465087891e-01
8.301886916160583496e-01
8.333333134651184082e-01
7.826086878776550293e-01
8.363636136054992676e-01
8.738738894462585449e-01
7.692307829856872559e-01
8.454545736312866211e-01
8.620689511299133301e-01
8.125000000000000000e-01
8.434782624244689941e-01
8.290598392486572266e-01
8.376068472862243652e-01
8.421052694320678711e-01
8.717948794364929199e-01
7.899159789085388184e-01
8.347826004028320312e-01
8.818181753158569336e-01
8.017241358757019043e-01
7.899159789085388184e-01
8.717948794364929199e-01
8.991596698760986328e-01
9.145299196243286133e-01
8.644067645072937012e-01
8.583333492279052734e-01
8.559321761131286621e-01
9.059829115867614746e-01
8.717948794364929199e-01
9.166666865348815918e-01
8.717948794364929199e-01
8.644067645072937012e-01
9.152542352676391602e-01
8.559321761131286621e-01
8.644067645072937012e-01
8.991596698760986328e-01
8.558558821678161621e-01
9.083333611488342285e-01
9.051724076271057129e-01
9.495798349380493164e-01
8.999999761581420898e-01
8.595041036605834961e-01
9.401709437370300293e-01
9.250000119209289551e-01
9.411764740943908691e-01
9.250000119209289551e-01
8.760330677032470703e-01
9.083333611488342285e-01
9.316239356994628906e-01
9.098360538482666016e-01
9.243697524070739746e-01
9.243697524070739746e-01
9.327731132507324219e-01
8.524590134620666504e-01
7.321428656578063965e-01
8.347826004028320312e-01
8.925619721412658691e-01
8.956521749496459961e-01
9.416666626930236816e-01
9.576271176338195801e-01
9.196428656578063965e-01
8.907563090324401855e-01
9.105691313743591309e-01
9.059829115867614746e-01
9.741379022598266602e-01
9.754098653793334961e-01
9.586777091026306152e-01
9.421487450599670410e-01
9.491525292396545410e-01
9.416666626930236816e-01
8.728813529014587402e-01
9.268292784690856934e-01
9.243697524070739746e-01
9.401709437370300293e-01
9.327731132507324219e-01
9.159663915634155273e-01
9.666666388511657715e-01
8.925619721412658691e-01
9.268292784690856934e-01
9.583333134651184082e-01
9.243697524070739746e-01
9.327731132507324219e-01
9.669421315193176270e-01
9.669421315193176270e-01
9.752066135406494141e-01
9.583333134651184082e-01
9.586777091026306152e-01
9.504132270812988281e-01
9.669421315193176270e-01
9.750000238418579102e-01
9.672130942344665527e-01
9.426229596138000488e-01
9.508196711540222168e-01
9.508196711540222168e-01
9.504132270812988281e-01
9.586777091026306152e-01
9.237288236618041992e-01
9.666666388511657715e-01
9.831932783126831055e-01
9.754098653793334961e-01
9.747899174690246582e-01
9.512194991111755371e-01
9.512194991111755371e-01
9.333333373069763184e-01
9.754098653793334961e-01
9.833333492279052734e-01
9.672130942344665527e-01
9.917355179786682129e-01
9.669421315193176270e-01
8.898305296897888184e-01
8.487395048141479492e-01
9.426229596138000488e-01
9.661017060279846191e-01
9.752066135406494141e-01
9.833333492279052734e-01
9.831932783126831055e-01
9.756097793579101562e-01
9.918699264526367188e-01
