2.459016442298889160e-02
1.065573766827583313e-01
2.540983557701110840e-01
2.622950673103332520e-01
3.934426307678222656e-01
4.590163826942443848e-01
4.262295067310333252e-01
4.590163826942443848e-01
4.508196711540222168e-01
4.836065471172332764e-01
5.000000000000000000e-01
5.327869057655334473e-01
5.327869057655334473e-01
5.245901346206665039e-01
5.573770403861999512e-01
5.901639461517333984e-01
6.393442749977111816e-01
5.737704634666442871e-01
6.557376980781555176e-01
5.983606576919555664e-01
6.311475634574890137e-01
6.393442749977111816e-01
6.557376980781555176e-01
6.803278923034667969e-01
6.557376980781555176e-01
6.557376980781555176e-01
6.147540807723999023e-01
6.475409865379333496e-01
6.557376980781555176e-01
6.639344096183776855e-01
7.459016442298889160e-01
6.967213153839111328e-01
6.639344096183776855e-01
7.131147384643554688e-01
7.213114500045776367e-01
7.377049326896667480e-01
7.377049326896667480e-01
7.540983557701110840e-01
7.950819730758666992e-01
7.377049326896667480e-01
7.622950673103332520e-01
8.196721076965332031e-01
7.459016442298889160e-01
7.950819730758666992e-01
7.950819730758666992e-01
8.032786846160888672e-01
7.868852615356445312e-01
8.360655903816223145e-01
7.704917788505554199e-01
7.868852615356445312e-01
7.950819730758666992e-01
7.622950673103332520e-01
7.704917788505554199e-01
8.360655903816223145e-01
8.770492076873779297e-01
8.770492076873779297e-01
8.360655903816223145e-01
8.442623019218444824e-01
8.278688788414001465e-01
8.688524365425109863e-01
8.360655903816223145e-01
9.016393423080444336e-01
8.360655903816223145e-01
8.360655903816223145e-01
8.852459192276000977e-01
8.278688788414001465e-01
8.360655903816223145e-01
8.770492076873779297e-01
7.786885499954223633e-01
8.934426307678222656e-01
8.606557250022888184e-01
9.262295365333557129e-01
8.852459192276000977e-01
8.524590134620666504e-01
9.016393423080444336e-01
9.098360538482666016e-01
9.180327653884887695e-01
9.098360538482666016e-01
8.688524365425109863e-01
8.934426307678222656e-01
8.934426307678222656e-01
9.098360538482666016e-01
9.016393423080444336e-01
9.016393423080444336e-01
9.098360538482666016e-01
8.524590134620666504e-01
6.721311211585998535e-01
7.868852615356445312e-01
8.852459192276000977e-01
8.442623019218444824e-01
9.262295365333557129e-01
9.262295365333557129e-01
8.442623019218444824e-01
8.688524365425109863e-01
9.180327653884887695e-01
8.688524365425109863e-01
9.262295365333557129e-01
9.754098653793334961e-01
9.508196711540222168e-01
9.344262480735778809e-01
9.180327653884887695e-01
9.262295365333557129e-01
8.442623019218444824e-01
9.344262480735778809e-01
9.016393423080444336e-01
9.016393423080444336e-01
9.098360538482666016e-01
8.934426307678222656e-01
9.508196711540222168e-01
8.852459192276000977e-01
9.344262480735778809e-01
9.426229596138000488e-01
9.016393423080444336e-01
9.098360538482666016e-01
9.590163826942443848e-01
9.590163826942443848e-01
9.672130942344665527e-01
9.426229596138000488e-01
9.508196711540222168e-01
9.426229596138000488e-01
9.590163826942443848e-01
9.590163826942443848e-01
9.672130942344665527e-01
9.426229596138000488e-01
9.508196711540222168e-01
9.508196711540222168e-01
9.426229596138000488e-01
9.508196711540222168e-01
8.934426307678222656e-01
9.508196711540222168e-01
9.590163826942443848e-01
9.754098653793334961e-01
9.508196711540222168e-01
9.590163826942443848e-01
9.590163826942443848e-01
9.180327653884887695e-01
9.754098653793334961e-01
9.672130942344665527e-01
9.672130942344665527e-01
9.836065769195556641e-01
9.590163826942443848e-01
8.606557250022888184e-01
8.278688788414001465e-01
9.426229596138000488e-01
9.344262480735778809e-01
9.672130942344665527e-01
9.672130942344665527e-01
9.590163826942443848e-01
9.836065769195556641e-01
1.000000000000000000e+00
