9.060402512550354004e-01
9.328858852386474609e-01
9.536423683166503906e-01
9.346405267715454102e-01
9.664429426193237305e-01
9.346405267715454102e-01
9.527027010917663574e-01
9.671052694320678711e-01
9.933333396911621094e-01
9.801324605941772461e-01
9.736841917037963867e-01
9.666666388511657715e-01
9.536423683166503906e-01
9.666666388511657715e-01
9.675324559211730957e-01
9.736841917037963867e-01
9.934210777282714844e-01
9.605262875556945801e-01
9.932885766029357910e-01
9.934210777282714844e-01
1.000000000000000000e+00
1.000000000000000000e+00
1.000000000000000000e+00
1.000000000000000000e+00
1.000000000000000000e+00
1.000000000000000000e+00
1.000000000000000000e+00
1.000000000000000000e+00
1.000000000000000000e+00
1.000000000000000000e+00
1.000000000000000000e+00
1.000000000000000000e+00
1.000000000000000000e+00
9.006622433662414551e-01
9.463087320327758789e-01
9.477124214172363281e-01
9.463087320327758789e-01
9.865771532058715820e-01
9.483870863914489746e-01
9.933775067329406738e-01
1.000000000000000000e+00
9.668874144554138184e-01
9.933775067329406738e-01
1.000000000000000000e+00
1.000000000000000000e+00
1.000000000000000000e+00
1.000000000000000000e+00
1.000000000000000000e+00
1.000000000000000000e+00
1.000000000000000000e+00
