1.938882057233221601e-01
6.020216420019147696e-02
4.933622429613384458e-02
3.898996421057090989e-02
3.517024051354822323e-02
3.181910217657349382e-02
3.025938166640443350e-02
3.059552796419107851e-02
2.489364829359357045e-02
2.630937769477383753e-02
2.447986957206184019e-02
2.179625739352085076e-02
2.482423398004978549e-02
2.449626440010991418e-02
2.325569077556785894e-02
2.394755319874065230e-02
2.259966406663926550e-02
2.498827219271153657e-02
1.975831935654087657e-02
2.394304226818306722e-02
1.989106736312028223e-02
2.255051889256390676e-02
2.120249892114276294e-02
1.868804996627565149e-02
2.012699692105861596e-02
1.687985347475487799e-02
1.977931032992131730e-02
1.803751176681707424e-02
2.036443140714564240e-02
1.677446574703246596e-02
1.654112771922934544e-02
2.013592769203931612e-02
1.811714346100713052e-02
1.365515379079860515e-02
1.867781372021079522e-02
1.682865043660180734e-02
1.759054359946456841e-02
1.514305677381918083e-02
1.522055810275035545e-02
1.181830760827782406e-02
1.322024509883953057e-02
1.314162934380317359e-02
1.286240401364577811e-02
1.503731578011406091e-02
1.402796862051310448e-02
1.484741112708729688e-02
1.433903602733086272e-02
1.165037978588428190e-02
1.189384975543350889e-02
1.118048814918837924e-02
1.104984558928301039e-02
9.231375876997077387e-03
1.135596885383527779e-02
1.237021570428252504e-02
1.191296679571143824e-02
1.084975065125081024e-02
9.222818854367015318e-03
7.298173552827904795e-03
1.176936191151596763e-02
1.020981440880961051e-02
9.196421264066867093e-03
8.536215588946840724e-03
1.249970910513320196e-02
1.016313472026228459e-02
7.710623731420208037e-03
1.019760140913948156e-02
1.069526105932766362e-02
9.066614624091483970e-03
1.041864250810608031e-02
6.728548958513659063e-03
7.375802222664249765e-03
8.502479773147388412e-03
9.907794179090404982e-03
5.482178050222786744e-03
8.190864481246729056e-03
6.523306465579380153e-03
8.213677539415922477e-03
7.983607903521001276e-03
9.079751660804300656e-03
7.409345620448965115e-03
5.775219066592120545e-03
4.560503470199631440e-03
4.940563254398946599e-03
7.241128739550952050e-03
5.936028139983079259e-03
5.525501874768059575e-03
5.738483640537275082e-03
5.528830050014584691e-03
5.690522736733703499e-03
6.635082068507415498e-03
4.092919881042151112e-03
5.850829425101670110e-03
6.840467438455411116e-03
5.569786098462402475e-03
5.597021398342820302e-03
4.379063777566513660e-03
7.564162431181556748e-03
5.627396024652549754e-03
2.900227646637862627e-03
5.132500763610665928e-03
4.005991864372407396e-03
5.844553070800723518e-03
2.950219230866058927e-03
4.181193552848428210e-03
3.775142153188674847e-03
5.814412455262120243e-03
2.694526647030762341e-03
5.625314570594786880e-03
4.674903431171230882e-03
2.821976407445017741e-03
3.215337740538727965e-03
5.812195636969170152e-03
4.874062659380868669e-03
2.670530197293046869e-03
4.771039167247135768e-03
2.084202096486446280e-03
4.609633510213055965e-03
3.157539132941698020e-03
5.984349506052600784e-03
5.998632313318748820e-03
3.631288055889527258e-03
2.504997403187591513e-03
5.513935937412236567e-03
3.404351726396013991e-03
1.494003382043258832e-03
1.849194784961888426e-03
9.348930855384667699e-03
4.026884084788982798e-03
2.894001786907070533e-03
1.297911577299627056e-03
3.050377697776505796e-03
7.578580131919991983e-03
5.285558081881696832e-03
1.959132318157881265e-03
3.827382849197183325e-03
2.306560314783099360e-03
2.930343319847802941e-03
2.987848054423943196e-03
2.908031973780521653e-03
9.415575508521674668e-04
6.810009519565267009e-04
8.968845092792393590e-04
5.214547170728825974e-03
2.914695789748359290e-03
1.792200014723810799e-03
3.794988051003768490e-03
1.645116219983621232e-03
6.245678735968775673e-03
3.804924515894779046e-03
3.760458104544586472e-03
