1.428571436554193497e-02
2.558139562606811523e-01
3.265306055545806885e-01
6.393442749977111816e-01
6.376811861991882324e-01
7.222222089767456055e-01
6.705882549285888672e-01
6.136363744735717773e-01
7.386363744735717773e-01
7.021276354789733887e-01
7.040816545486450195e-01
7.954545617103576660e-01
7.096773982048034668e-01
6.699029207229614258e-01
7.525773048400878906e-01
7.087378501892089844e-01
7.378640770912170410e-01
7.452830076217651367e-01
7.777777910232543945e-01
7.064220309257507324e-01
8.058252334594726562e-01
7.383177280426025391e-01
7.551020383834838867e-01
8.019801974296569824e-01
7.777777910232543945e-01
7.727272510528564453e-01
7.592592835426330566e-01
7.592592835426330566e-01
7.596153616905212402e-01
8.173077106475830078e-01
8.446602225303649902e-01
7.798165082931518555e-01
8.269230723381042480e-01
8.653846383094787598e-01
7.727272510528564453e-01
7.857142686843872070e-01
8.224298954010009766e-01
8.198198080062866211e-01
8.198198080062866211e-01
8.981481194496154785e-01
8.407079577445983887e-01
8.376068472862243652e-01
8.363636136054992676e-01
7.927927970886230469e-01
8.141592741012573242e-01
7.913043498992919922e-01
8.333333134651184082e-01
8.596491217613220215e-01
8.378378152847290039e-01
8.521739244461059570e-01
8.275862336158752441e-01
8.947368264198303223e-01
8.750000000000000000e-01
8.584070801734924316e-01
8.421052694320678711e-01
8.695651888847351074e-01
8.947368264198303223e-01
9.523809552192687988e-01
8.495575189590454102e-01
8.608695864677429199e-01
9.017857313156127930e-01
8.956521749496459961e-01
8.130081295967102051e-01
8.782608509063720703e-01
9.217391014099121094e-01
8.429751992225646973e-01
8.584070801734924316e-01
8.620689511299133301e-01
8.869565129280090332e-01
9.210526347160339355e-01
9.203540086746215820e-01
8.938053250312805176e-01
8.717948794364929199e-01
9.203540086746215820e-01
8.684210777282714844e-01
8.991596698760986328e-01
8.761062026023864746e-01
8.677685856819152832e-01
8.813559412956237793e-01
8.983050584793090820e-01
9.217391014099121094e-01
9.416666626930236816e-01
9.411764740943908691e-01
9.130434989929199219e-01
9.137930870056152344e-01
9.487179517745971680e-01
9.243697524070739746e-01
8.934426307678222656e-01
9.482758641242980957e-01
8.983050584793090820e-01
9.262295365333557129e-01
9.203540086746215820e-01
8.916666507720947266e-01
9.237288236618041992e-01
9.268292784690856934e-01
9.406779408454895020e-01
9.075630307197570801e-01
9.237288236618041992e-01
9.833333492279052734e-01
9.120000004768371582e-01
9.572649598121643066e-01
9.256198406219482422e-01
9.583333134651184082e-01
9.354838728904724121e-01
9.663865566253662109e-01
9.024389982223510742e-01
9.508196711540222168e-01
9.120000004768371582e-01
9.491525292396545410e-01
9.661017060279846191e-01
9.516128897666931152e-01
9.173553586006164551e-01
9.508196711540222168e-01
9.752066135406494141e-01
9.173553586006164551e-01
9.672130942344665527e-01
9.344262480735778809e-01
9.576271176338195801e-01
9.338843226432800293e-01
9.333333373069763184e-01
9.495798349380493164e-01
9.829059839248657227e-01
8.960000276565551758e-01
9.579831957817077637e-01
9.833333492279052734e-01
9.756097793579101562e-01
8.823529481887817383e-01
9.435483813285827637e-01
9.359999895095825195e-01
9.760000109672546387e-01
9.590163826942443848e-01
9.098360538482666016e-01
9.333333373069763184e-01
9.516128897666931152e-01
9.593495726585388184e-01
9.599999785423278809e-01
9.669421315193176270e-01
9.661017060279846191e-01
9.669421315193176270e-01
1.000000000000000000e+00
1.000000000000000000e+00
9.760000109672546387e-01
9.256198406219482422e-01
9.430894255638122559e-01
9.752066135406494141e-01
9.262295365333557129e-01
9.836065769195556641e-01
9.008264541625976562e-01
9.508196711540222168e-01
9.338843226432800293e-01
