4.441935202327509935e-02
2.816814863055559781e-02
1.632633582544731898e-02
8.145671163604022852e-03
1.169805114409638684e-02
1.283574796899058547e-02
1.728567132996770839e-02
1.007929300115759791e-02
9.317636051188628657e-03
8.616412849723453435e-03
1.508921122733510728e-02
7.816806100680709357e-03
9.630341778366894104e-03
5.935936549581291230e-03
2.529599897222446943e-03
1.793701731210007666e-03
1.698194921940314982e-03
1.439210649154744944e-03
1.433353072048589591e-03
1.454369949486803912e-03
1.548382837140516903e-03
1.450362549762969702e-03
2.659683181788900785e-02
6.472557046885726861e-02
1.058724205252173541e-02
6.580526729989126175e-03
3.002320952173037627e-03
2.636707791385200280e-03
3.987108302723243666e-03
2.849222537103514655e-03
2.285112688728756485e-03
1.013095960846164753e-02
3.107558994206944397e-02
7.830417234786455141e-03
3.846177559014673196e-03
6.446483452129754890e-03
3.495934988498195645e-03
1.676278582097060019e-03
2.177516071328573256e-03
2.046827141595429587e-03
3.943580149854631657e-03
6.810080052662949128e-03
1.352708500453011012e-02
3.714159569758814644e-03
2.470688092595480292e-02
7.266393209570174046e-03
6.964047827165482929e-03
3.268874452477306229e-03
1.406850774526197155e-03
1.442969819676069750e-03
