9.068736433982849121e-01
9.387755393981933594e-01
9.705215692520141602e-01
9.844789505004882812e-01
9.643652439117431641e-01
9.562363028526306152e-01
9.531250000000000000e-01
9.649122953414916992e-01
9.801324605941772461e-01
9.780701994895935059e-01
9.517543911933898926e-01
9.716775417327880859e-01
9.779735803604125977e-01
9.824945330619812012e-01
9.956616163253784180e-01
1.000000000000000000e+00
1.000000000000000000e+00
1.000000000000000000e+00
1.000000000000000000e+00
1.000000000000000000e+00
1.000000000000000000e+00
1.000000000000000000e+00
9.200000166893005371e-01
8.495370149612426758e-01
9.646798968315124512e-01
9.826086759567260742e-01
9.956616163253784180e-01
9.978260993957519531e-01
9.956140518188476562e-01
9.956521987915039062e-01
9.978308081626892090e-01
9.671052694320678711e-01
9.213483333587646484e-01
9.803493618965148926e-01
9.934498071670532227e-01
9.825708270072937012e-01
9.913420081138610840e-01
1.000000000000000000e+00
9.978308081626892090e-01
1.000000000000000000e+00
9.934640526771545410e-01
9.738562107086181641e-01
9.584245085716247559e-01
9.891774654388427734e-01
9.116379022598266602e-01
9.721029996871948242e-01
9.844789505004882812e-01
9.870967864990234375e-01
1.000000000000000000e+00
9.978401660919189453e-01
