9.376770257949829102e-01
9.490085244178771973e-01
9.599999785423278809e-01
9.776536226272583008e-01
9.604519605636596680e-01
9.488636255264282227e-01
9.688385128974914551e-01
9.832869172096252441e-01
9.693593382835388184e-01
9.887955188751220703e-01
9.778393507003784180e-01
9.719887971878051758e-01
9.887640476226806641e-01
9.888268113136291504e-01
9.972299337387084961e-01
1.000000000000000000e+00
1.000000000000000000e+00
1.000000000000000000e+00
1.000000000000000000e+00
1.000000000000000000e+00
1.000000000000000000e+00
1.000000000000000000e+00
1.000000000000000000e+00
1.000000000000000000e+00
1.000000000000000000e+00
1.000000000000000000e+00
9.972144961357116699e-01
8.649425506591796875e-01
9.411764740943908691e-01
9.887005686759948730e-01
9.663865566253662109e-01
9.916666746139526367e-01
9.916897416114807129e-01
9.944598078727722168e-01
9.888579249382019043e-01
9.860334992408752441e-01
1.000000000000000000e+00
1.000000000000000000e+00
1.000000000000000000e+00
9.916434288024902344e-01
9.337016344070434570e-01
9.748603105545043945e-01
9.749303460121154785e-01
9.777777791023254395e-01
9.832402467727661133e-01
9.692737460136413574e-01
9.971988797187805176e-01
1.000000000000000000e+00
1.000000000000000000e+00
1.000000000000000000e+00
