3.076708910766881022e-01
1.138264972822067289e-01
1.002347724003228857e-01
7.665777838446059811e-02
7.251819380109977842e-02
6.181306183014822347e-02
6.009914784247974429e-02
6.199006651743627083e-02
5.542474538334461742e-02
5.349759079389885402e-02
5.582583904521195434e-02
4.394928288124378551e-02
5.858907741455086221e-02
4.510576373843716569e-02
3.944924187686522921e-02
4.264831884807635670e-02
3.805538010963318424e-02
3.848758802974254489e-02
3.780582341878959557e-02
4.057603620428423125e-02
3.694255970097851116e-02
3.379904151883533769e-02
2.999806932285674702e-02
2.710727305617697397e-02
2.734980835062467142e-02
2.536798910001164878e-02
2.797630799844526631e-02
2.612506670369716885e-02
2.594882649009545156e-02
2.268792057232455264e-02
1.918135608130954253e-02
1.852726011525712008e-02
1.703120880075547142e-02
1.767083347794565912e-02
1.953562611728391560e-02
1.499325223695233307e-02
1.582293865350035619e-02
1.424322682975730746e-02
1.075053593190404035e-02
1.988059380984001645e-02
1.968699486384324973e-02
1.099536896132839725e-02
1.261172400127771702e-02
2.131208864771276176e-02
9.323453844421136089e-03
1.759139376748305311e-02
1.159922435157666881e-02
1.223220565051810413e-02
7.924365928364384554e-03
1.169344081306016893e-02
7.898775830696385183e-03
8.368148808561076332e-03
5.501923500517408479e-03
4.571669703844760679e-03
4.961478755113700803e-03
1.063195872848422645e-02
9.064258513482354243e-03
8.258407932331799164e-03
8.011033742936241042e-03
1.240505391280411623e-02
1.530198492030995089e-02
6.949342004684220739e-03
3.607808408314042408e-03
6.297438507783184244e-03
5.734371337796444722e-03
4.279042288260935349e-03
4.987321357914452705e-03
9.210066625292839468e-03
1.022861390436255111e-02
9.060790781315337938e-03
6.366309144596852404e-03
4.411116931310013131e-03
3.031166010142693611e-03
2.697947145305757462e-03
2.584526633108037968e-03
3.638811232474176670e-03
1.456006967423894086e-02
9.487592304517960748e-03
4.707946149552184184e-03
7.868363057873230260e-03
6.265040884293141682e-03
2.715150847515202925e-03
4.856483379372749341e-03
4.503696553550219292e-03
2.464194416690860482e-03
5.293270460500869301e-03
6.311797959327221028e-03
3.309012973392002049e-03
2.164762274733100181e-03
2.134734148837135435e-03
1.959651250905299329e-03
1.911814077940549158e-03
1.899123088177190766e-03
1.836887290533433404e-03
1.803668495884172725e-03
1.759120758577329075e-03
1.878765311401094920e-03
1.333856775936420255e-02
7.354807783370003946e-03
9.584329567591715754e-03
9.139195942808368833e-03
3.077531477050056245e-03
4.455112436845893448e-03
5.431292411040976320e-03
1.772964963057147188e-03
2.888657331535864504e-03
3.179062538499059874e-03
5.783867863674468576e-03
2.989460340938755300e-03
4.040194382639646087e-03
2.241640715473120892e-03
1.725460846835432998e-03
1.437964045655690725e-03
1.480335360800531536e-03
1.408671917076626456e-03
1.354416125529706418e-03
1.325436274693342440e-03
1.304446291431932527e-03
1.279984249840598366e-03
1.251139974943627636e-03
1.221669717135579966e-03
1.193835937250891993e-03
1.164740129860694076e-03
1.134562703904823519e-03
1.104306718671941613e-03
1.073784793961043765e-03
1.040309483309404112e-03
1.007831061934369356e-03
9.737228283229783492e-04
9.397857674079323955e-04
9.062532232548532827e-04
8.701590580994872587e-04
8.343632583708151607e-04
7.990301857195840785e-04
7.624497506394160807e-04
7.266715698494943289e-04
6.903901291984081926e-04
6.544832981103547356e-04
6.196836631131297235e-04
5.829616176353582266e-04
5.477955053639558787e-04
5.132230131007640061e-04
4.791119927146519106e-04
4.466275742058116471e-04
4.210125320504031518e-04
2.735647230462862067e-02
1.561442788782125071e-02
6.360834367314570359e-03
2.561029848312025917e-03
1.081056878657113375e-03
