9.375000000000000000e-01
9.455587267875671387e-01
9.444444179534912109e-01
9.682996869087219238e-01
9.658119678497314453e-01
9.684813618659973145e-01
9.740633964538574219e-01
9.685714244842529297e-01
9.773371219635009766e-01
9.830985665321350098e-01
9.688385128974914551e-01
9.571428298950195312e-01
9.885714054107666016e-01
9.689265489578247070e-01
9.716714024543762207e-01
9.887005686759948730e-01
9.858757257461547852e-01
9.914529919624328613e-01
9.775910377502441406e-01
9.802259802818298340e-01
9.828571677207946777e-01
9.914772510528564453e-01
9.971671104431152344e-01
1.000000000000000000e+00
1.000000000000000000e+00
1.000000000000000000e+00
1.000000000000000000e+00
1.000000000000000000e+00
1.000000000000000000e+00
1.000000000000000000e+00
1.000000000000000000e+00
1.000000000000000000e+00
1.000000000000000000e+00
1.000000000000000000e+00
1.000000000000000000e+00
1.000000000000000000e+00
1.000000000000000000e+00
1.000000000000000000e+00
1.000000000000000000e+00
1.000000000000000000e+00
8.917378783226013184e-01
9.350282549858093262e-01
9.601139426231384277e-01
9.659090638160705566e-01
9.859154820442199707e-01
9.943342804908752441e-01
9.915013909339904785e-01
1.000000000000000000e+00
1.000000000000000000e+00
9.971751570701599121e-01
