3.429718822066359779e-02
2.100354406239848815e-02
2.320170688442534795e-02
1.814032733957137572e-02
1.482440741736929142e-02
1.511027383935050449e-02
1.482026987325412749e-02
1.226189094423599073e-02
1.099914631898814450e-02
1.124880397094668583e-02
1.200116447641177628e-02
1.639327106739703679e-02
1.224016273045639216e-02
1.225279295442979061e-02
6.080864399708063583e-03
7.467345881526478782e-03
1.292061202102219586e-02
1.168641603823513883e-02
9.301060554703092370e-03
1.015565525377053364e-02
5.419935982044585265e-03
7.339730403874711491e-03
8.434168207699616754e-03
7.292654204118787821e-03
1.575082610188388230e-02
1.480887572131341957e-02
6.069323460649049019e-03
4.591313107262158001e-03
3.225983582669430475e-03
2.704480218755827680e-03
1.665080771607736895e-03
1.594110576133498172e-02
1.146253302289314095e-02
1.643093769635852255e-02
4.838999696697265929e-03
3.557436828421835229e-03
9.288423537937351426e-03
5.342667664464771995e-03
1.584842634689915056e-02
1.015441502460945160e-02
4.052459692069611263e-03
2.245375728097740928e-03
1.436904519229433670e-03
1.218202389349133706e-03
1.194318142281462639e-03
1.607726740500234341e-03
2.414557510306598875e-02
1.987942337010917965e-02
1.016438670764100403e-02
6.888282675958840896e-03
