9.431939721107482910e-01
9.528403282165527344e-01
9.592711925506591797e-01
9.657020568847656250e-01
9.657020568847656250e-01
9.646302461624145508e-01
9.646302461624145508e-01
9.721329212188720703e-01
9.742765426635742188e-01
9.732047319412231445e-01
9.742765426635742188e-01
9.635584354400634766e-01
9.710611104965209961e-01
9.785637855529785156e-01
9.849946498870849609e-01
9.785637855529785156e-01
9.764201641082763672e-01
9.721329212188720703e-01
9.742765426635742188e-01
9.764201641082763672e-01
9.892818927764892578e-01
9.817792177200317383e-01
9.796355962753295898e-01
9.817792177200317383e-01
9.667738676071166992e-01
9.678456783294677734e-01
9.882100820541381836e-01
9.924973249435424805e-01
9.946409463882446289e-01
9.967845678329467773e-01
9.989281892776489258e-01
9.678456783294677734e-01
9.753483533859252930e-01
9.646302461624145508e-01
9.892818927764892578e-01
9.924973249435424805e-01
9.796355962753295898e-01
9.914255142211914062e-01
9.689174890518188477e-01
9.839228391647338867e-01
9.935691356658935547e-01
9.967845678329467773e-01
1.000000000000000000e+00
1.000000000000000000e+00
1.000000000000000000e+00
1.000000000000000000e+00
9.496248364448547363e-01
9.603430032730102539e-01
9.764201641082763672e-01
9.860664606094360352e-01
