4.003155592833176207e-02
2.114587872948764380e-02
1.834823483104671901e-02
1.130953384525263186e-02
1.579702394015579381e-02
1.187726752483535785e-02
5.923439598483563884e-03
7.494772305285600858e-03
1.690339251126446105e-02
7.038272539001155272e-03
4.460915995629861734e-03
4.938481126067780988e-03
8.511165302494507964e-03
1.321298156310306109e-02
3.431966509454959392e-03
4.356601164738387738e-03
1.215283966518476526e-02
7.001599173458458378e-03
7.940210114250610338e-03
4.169281467404648348e-03
1.623465672104045746e-03
1.603423877279203363e-03
1.491976618956912743e-03
1.477403617460675434e-03
1.488725212385988992e-03
1.497097687498481072e-03
1.403269361143339366e-03
1.448641672278535002e-03
1.400696211921769949e-03
1.600921416185667684e-03
3.896022399818357268e-02
1.885006108707690947e-02
6.864818280650875765e-03
3.238553898671648300e-03
4.790582175472112361e-03
1.752167206662579024e-02
5.879501916835077127e-03
2.739166602477773309e-03
3.820884424194471302e-03
1.997241066652956885e-03
6.651592461279139459e-03
3.353007785250154259e-03
1.405144622111682579e-03
1.341055206384190405e-03
1.302636762225664125e-03
1.323527049594319443e-03
1.318352543826945781e-03
1.270138733306884699e-03
1.256699200034068530e-03
1.253428909047098888e-03
