9.378530979156494141e-01
9.303621053695678711e-01
9.461756348609924316e-01
9.690141081809997559e-01
9.492957592010498047e-01
9.772727489471435547e-01
9.803370833396911621e-01
9.748603105545043945e-01
9.550561904907226562e-01
9.859943985939025879e-01
9.915493130683898926e-01
9.833333492279052734e-01
9.692737460136413574e-01
9.664804339408874512e-01
9.861878156661987305e-01
9.943661689758300781e-01
9.630681872367858887e-01
9.747899174690246582e-01
9.777777791023254395e-01
9.887955188751220703e-01
1.000000000000000000e+00
1.000000000000000000e+00
1.000000000000000000e+00
1.000000000000000000e+00
1.000000000000000000e+00
1.000000000000000000e+00
1.000000000000000000e+00
1.000000000000000000e+00
1.000000000000000000e+00
9.972299337387084961e-01
9.098591804504394531e-01
9.353932738304138184e-01
9.696132540702819824e-01
9.972144961357116699e-01
9.805014133453369141e-01
9.495798349380493164e-01
9.722991585731506348e-01
9.916897416114807129e-01
9.889196753501892090e-01
9.972222447395324707e-01
9.720670580863952637e-01
9.915966391563415527e-01
1.000000000000000000e+00
1.000000000000000000e+00
1.000000000000000000e+00
1.000000000000000000e+00
1.000000000000000000e+00
1.000000000000000000e+00
1.000000000000000000e+00
1.000000000000000000e+00
