9.222221970558166504e-01
9.277777671813964844e-01
9.277777671813964844e-01
9.555555582046508789e-01
9.361110925674438477e-01
9.555555582046508789e-01
9.694444537162780762e-01
9.694444537162780762e-01
9.444444179534912109e-01
9.777777791023254395e-01
9.777777791023254395e-01
9.833333492279052734e-01
9.638888835906982422e-01
9.611111283302307129e-01
9.916666746139526367e-01
9.805555343627929688e-01
9.416666626930236816e-01
9.666666388511657715e-01
9.777777791023254395e-01
9.805555343627929688e-01
1.000000000000000000e+00
1.000000000000000000e+00
1.000000000000000000e+00
1.000000000000000000e+00
1.000000000000000000e+00
1.000000000000000000e+00
1.000000000000000000e+00
1.000000000000000000e+00
1.000000000000000000e+00
1.000000000000000000e+00
8.972222208976745605e-01
9.250000119209289551e-01
9.750000238418579102e-01
9.944444298744201660e-01
9.777777791023254395e-01
9.416666626930236816e-01
9.750000238418579102e-01
9.944444298744201660e-01
9.916666746139526367e-01
9.972222447395324707e-01
9.666666388511657715e-01
9.833333492279052734e-01
1.000000000000000000e+00
1.000000000000000000e+00
1.000000000000000000e+00
1.000000000000000000e+00
1.000000000000000000e+00
1.000000000000000000e+00
1.000000000000000000e+00
1.000000000000000000e+00
