4.661444641320613980e-02
2.620098886518716988e-02
2.060440575342782979e-02
1.313363996170519368e-02
1.215062209492591069e-02
1.092090473266973776e-02
1.351217216923151533e-02
1.130739353330516457e-02
9.207190203576175527e-03
7.987302334540155938e-03
1.284117355236747381e-02
1.648259103224057956e-02
1.008480049087597842e-02
4.417115275293107858e-03
1.407622782553986408e-02
3.931580785675392424e-03
4.338291370893512279e-03
3.548553058334490747e-03
1.156096196270826361e-02
1.141684529495665991e-02
9.917844819252851635e-03
5.112497016197838778e-03
1.163783062271474267e-02
1.063851649001530675e-02
4.776324214715024601e-03
2.318376745245131262e-03
1.248932760281185354e-03
1.237505278061986052e-03
1.104411484209163671e-03
1.064415812410851678e-03
1.032681407884216340e-03
1.027442545378480379e-03
1.015905103578973413e-03
9.976998581273711399e-04
9.723796731691503005e-04
9.572029445163786170e-04
9.321185849818333820e-04
9.006738075266213644e-04
8.829130644570583244e-04
8.624038848550152989e-04
8.500687124541781662e-04
8.121931807357458217e-04
3.528666824057986179e-02
3.068439529941592234e-02
8.272739852003328440e-03
1.006790688196439014e-02
7.510528833485404648e-03
6.757011192704610349e-03
4.026662997210628606e-03
2.907088994922880573e-03
