8.701298832893371582e-01
9.090909361839294434e-01
9.285714030265808105e-01
9.415584206581115723e-01
9.567099809646606445e-01
9.523809552192687988e-01
9.350649118423461914e-01
9.523809552192687988e-01
9.523809552192687988e-01
9.588744640350341797e-01
9.523809552192687988e-01
9.350649118423461914e-01
9.567099809646606445e-01
9.783549904823303223e-01
9.329004287719726562e-01
9.805194735527038574e-01
9.826839566230773926e-01
9.870129823684692383e-01
9.632034897804260254e-01
9.523809552192687988e-01
9.588744640350341797e-01
9.761904478073120117e-01
9.567099809646606445e-01
9.588744640350341797e-01
9.805194735527038574e-01
9.935064911842346191e-01
1.000000000000000000e+00
1.000000000000000000e+00
1.000000000000000000e+00
1.000000000000000000e+00
1.000000000000000000e+00
1.000000000000000000e+00
1.000000000000000000e+00
1.000000000000000000e+00
1.000000000000000000e+00
1.000000000000000000e+00
1.000000000000000000e+00
1.000000000000000000e+00
1.000000000000000000e+00
1.000000000000000000e+00
1.000000000000000000e+00
1.000000000000000000e+00
9.047619104385375977e-01
8.766233921051025391e-01
9.567099809646606445e-01
9.653679728507995605e-01
9.675324559211730957e-01
9.718614816665649414e-01
9.870129823684692383e-01
9.935064911842346191e-01
