3.418631607956589269e-01
1.411716990739023125e-01
1.348060501511024190e-01
1.122580362219080807e-01
1.053209758215088443e-01
1.025824801987061385e-01
9.726527967550357978e-02
8.509253678319247949e-02
8.809723579828540596e-02
8.225493947323508914e-02
8.140147855444740399e-02
8.134700489668547640e-02
7.585022060192939120e-02
7.355609319326801565e-02
7.182255520697836126e-02
6.762785621791958524e-02
6.396616621637590816e-02
6.676992027204237123e-02
6.230588117451144048e-02
6.483064257366309702e-02
6.145227879921501268e-02
6.328385476805062360e-02
5.408998344137522230e-02
5.402840517898335748e-02
5.629476659716908804e-02
5.103994803826426147e-02
5.121705313541268650e-02
5.318808223190810841e-02
4.863426753432967264e-02
4.598683985093196536e-02
4.683195000389034357e-02
4.517991242770542926e-02
4.408694175751434047e-02
4.774837951866416769e-02
4.302107895472159077e-02
4.015206092860887366e-02
4.415447541607230714e-02
3.987133175700543347e-02
3.956550348340208412e-02
3.609556819818379031e-02
3.746675095249467347e-02
3.656115741781430090e-02
3.551134741964654534e-02
3.644565715580194015e-02
3.188796166287534428e-02
3.594312203414556234e-02
3.092260929804816968e-02
3.428920722763220685e-02
3.058822012344054528e-02
3.037034049104103337e-02
3.256507432091015203e-02
2.890284997231503186e-02
3.088757750321033738e-02
2.882030983820365461e-02
2.848570557062838488e-02
3.046115907395393479e-02
2.943795479485333821e-02
2.591525629283819229e-02
2.763198140237870665e-02
2.535951159960132123e-02
2.653904920698876152e-02
2.577111594448522683e-02
2.396487740592095905e-02
2.152365725424242038e-02
2.097269645134260466e-02
2.323386545280571244e-02
2.191222659967409156e-02
2.152145512787165607e-02
2.006396847695078242e-02
2.191314173166984680e-02
2.139473005752468363e-02
1.727498456923944742e-02
1.627953693019309339e-02
2.150019648788061011e-02
1.896127878634427943e-02
1.936615311401744186e-02
1.583984750345989942e-02
1.371635043991660877e-02
1.413651987896843293e-02
1.573275529363978367e-02
1.433710532084225830e-02
1.722789939045236626e-02
1.268911957090334067e-02
1.086421192647230374e-02
1.462705888438894757e-02
1.675016593875928300e-02
9.549952720017891236e-03
1.050972672578336618e-02
1.050928054250151698e-02
1.025323014892058279e-02
1.100382531460085585e-02
1.112220534097499089e-02
9.193581024052663656e-03
9.103052514311704702e-03
1.053169442619385741e-02
1.006513986336839313e-02
7.379321899504492042e-03
1.047576912562207634e-02
1.053760560304927048e-02
6.961483245581960230e-03
7.126196082214560253e-03
7.143685428749124190e-03
8.519800338003502907e-03
7.467525787006377633e-03
8.315738510210177528e-03
7.186994880226276784e-03
1.260013979174390286e-02
1.232278246518861246e-02
9.223152875590976546e-03
3.115005233105925305e-03
4.855493410315574708e-03
8.467474611043718236e-03
7.083992182862076069e-03
7.184017830339691109e-03
7.165771604388281209e-03
4.334500682824444368e-03
2.598280649550328576e-03
6.002810386056924193e-03
5.251269564551373781e-03
4.983719405689924532e-03
5.882667503375781440e-03
7.128913755391446186e-03
1.790442331903525659e-03
1.242478961034059089e-02
5.277445472867295199e-03
7.857264614381869253e-03
6.497981200335462525e-03
3.549115604659436492e-03
2.734451302003910751e-03
5.175918680528007916e-03
7.706034299016224602e-03
2.447369490245489623e-03
8.038048545178881968e-03
3.431146354131258541e-03
3.124661114045134379e-03
8.779898320020716046e-03
5.026716661754426947e-03
6.576343800234174183e-03
1.588952337110341841e-03
2.338404066273213136e-03
6.282137392625421028e-03
6.321503386819277148e-03
5.338518890964564709e-03
1.975564920202091141e-03
2.556453365254313104e-03
4.343861893064513043e-03
8.635473205431922622e-03
5.483423067771465813e-03
3.317411747607114814e-03
5.024612955469276963e-03
