4.057827162727269399e-01
9.778334857548651171e-02
9.283106131379811887e-02
8.041521347785157703e-02
6.594789543597739945e-02
6.961280220257047568e-02
6.667754146413971961e-02
6.325684245997774402e-02
5.356826201497785073e-02
6.429750447097443145e-02
4.696445556171854885e-02
5.040111640312733982e-02
4.685561724059193051e-02
4.781851940933901091e-02
4.000603295273533894e-02
4.296529950432235317e-02
5.968367920331478504e-02
3.779790880320899743e-02
3.942717172262992509e-02
3.713896619474549993e-02
3.704264195674962512e-02
3.492549426117915606e-02
3.225063302003754184e-02
3.081098126823650363e-02
2.859541053879278635e-02
2.550814898445539006e-02
3.259932291024351253e-02
2.985444502222018431e-02
2.534557620160015831e-02
2.674608761064486279e-02
2.657251782426230460e-02
2.423541782730070232e-02
2.511163807257259240e-02
1.957325318005482748e-02
2.436397025521273157e-02
2.079036379039134186e-02
1.980814666416374006e-02
2.037768255310895560e-02
1.698974997994434286e-02
1.656018633706445031e-02
1.469858183274432711e-02
1.762984476643763426e-02
1.554473822935730637e-02
2.156315385711657720e-02
1.191457458311070625e-02
1.128779599972620090e-02
1.110288608920633434e-02
1.332568595101614982e-02
1.094978492937875164e-02
1.262544036208185748e-02
1.235961048264753830e-02
9.720684828099004568e-03
1.073512991766317586e-02
9.651903621372864492e-03
1.032575232491620559e-02
8.763904750255341672e-03
7.002874950077843733e-03
1.017453849782160892e-02
9.737495863868411358e-03
6.748278051581879308e-03
1.072727832220475574e-02
8.269227052134170766e-03
5.571614214982638369e-03
4.104448440777560408e-03
1.537692037305879271e-02
2.264599608012165741e-02
8.250065776236895077e-03
7.328200256421136920e-03
4.157951369685706534e-03
5.243017624737575030e-03
8.370960261789192960e-03
3.054132477667027661e-03
7.171188440391709426e-03
8.195691801088342970e-03
4.117616974368812355e-03
5.867801747004302779e-03
6.076495736270852779e-03
6.899486287401420184e-03
7.379619408612601676e-03
2.981932679997533180e-03
4.675939922680329326e-03
7.305207914039464970e-03
2.632268453318298371e-03
2.150717419090928534e-03
2.143258733435801991e-03
2.016201556847595396e-03
1.915436390473611089e-03
7.213820660212456014e-03
8.617841831893797988e-03
7.555979671715078519e-03
3.235458494679548276e-03
5.103249896287578684e-03
2.040939889846519681e-03
7.618650535594928032e-03
4.755724330861552801e-03
7.765601033784323010e-03
2.062574776356033458e-03
7.062779082452556867e-03
2.340119281210314896e-03
1.766094883245187446e-03
1.545131222097290147e-03
1.479956559857758397e-03
1.453962766093726917e-03
1.427314033173161757e-03
1.395967673007145367e-03
1.366900714438336068e-03
1.335961895413578879e-03
1.306684053250879197e-03
1.275461380489502188e-03
1.240180907611717785e-03
1.206126725775542169e-03
1.171947092836179505e-03
1.136613303325171480e-03
1.104254601771610016e-03
1.064383232491327314e-03
1.030849770523961173e-03
9.899512014247999984e-04
9.520424962303737984e-04
9.148100980770893691e-04
8.764196241504994310e-04
8.374521734750253917e-04
7.989002419440414731e-04
7.605172042976743145e-04
7.229017424912668978e-04
6.884302408408761800e-04
6.469826264280870761e-04
6.098651232827439475e-04
5.735141620260525257e-04
5.394117317334400650e-04
2.071707326276265443e-02
2.064558938023185186e-02
5.811674371118540593e-03
8.196540821712557795e-03
5.898295695923094772e-03
2.159886918026911618e-03
1.004839509686351710e-03
6.208525084811302190e-04
4.961884361936677200e-04
4.879815765707395730e-04
5.075466335635000527e-04
4.701539905332151933e-04
4.767316185727814163e-04
4.583257457500706784e-04
3.396049095685934379e-03
1.719200256231876930e-02
8.477646367519589554e-03
4.727653562702782003e-03
3.239971329920464990e-03
7.455051458639727407e-04
4.707367509485671920e-04
