1.368514752776597843e-01
6.466113985246026152e-02
5.330529373444541780e-02
5.381155647686772930e-02
4.873061214111981676e-02
4.749161548066555688e-02
4.065315359796426581e-02
3.968237940407857295e-02
3.779472210134789123e-02
3.574719941475144186e-02
3.511450225930323743e-02
3.083546788707931460e-02
3.207285595744090861e-02
3.439490484957542088e-02
2.747461484505291443e-02
3.290494364197960042e-02
3.340596189462251286e-02
2.671317407956428844e-02
3.134573595546119584e-02
2.639204637220054356e-02
2.529211049351685545e-02
2.653645679337741231e-02
2.488023862447978629e-02
2.479478563178454456e-02
2.266602173844843582e-02
2.375715860862166739e-02
2.315096652874620853e-02
2.255499106131825943e-02
2.198169913105284951e-02
2.101722739983353030e-02
2.206217625594538573e-02
2.358017426098218614e-02
2.157393109721613550e-02
2.041832162584095167e-02
2.107907933297043651e-02
1.991567971939433440e-02
2.207941328453934260e-02
1.798481521860581869e-02
1.631968962350948196e-02
1.910402437652931537e-02
1.797843587899285861e-02
1.584393688802681124e-02
1.711388436924523443e-02
1.513822246757958942e-02
1.495157324899692476e-02
1.543312930567475490e-02
1.621355113956651425e-02
1.473726645505130627e-02
1.348330908487277262e-02
1.725465848664961901e-02
1.516568618473630725e-02
1.192904966830353117e-02
1.301784307308054278e-02
1.085883638742671589e-02
1.210962886628907248e-02
1.517985149558638211e-02
1.213189352527750502e-02
1.131783553766330976e-02
1.268809796640264428e-02
1.273711458520120424e-02
9.773878138698295637e-03
9.991342478956844950e-03
9.985839432967597365e-03
1.074655573826676855e-02
8.578390356288122243e-03
1.117821056591707975e-02
1.341893391680282037e-02
1.127191265622799927e-02
9.905609635937647275e-03
1.067215403333401404e-02
9.908509867294901935e-03
1.084044521694846330e-02
1.303262967459748768e-02
1.083227802260253690e-02
9.389165689892578492e-03
7.922554468154516943e-03
7.924256000271835687e-03
8.751315863066249506e-03
8.999270643199878961e-03
7.297220118761592669e-03
7.324174674005863410e-03
7.128556666216252606e-03
8.427393647399767512e-03
6.851199611595062446e-03
8.182607991464913369e-03
7.690586503322082053e-03
7.751112398768793266e-03
9.071774527295977178e-03
8.885259146757380072e-03
8.781070239605573424e-03
7.466843141546189618e-03
6.981678510216300475e-03
4.792078318453302753e-03
5.064967004103186621e-03
6.769945598900599555e-03
7.222838958886484625e-03
7.331461759869433922e-03
5.772365278778412469e-03
5.547701736857108684e-03
6.588851983628509108e-03
5.750783886677640795e-03
6.035598638962604706e-03
6.907990800358498364e-03
4.521077445587458506e-03
4.022397892215730589e-03
8.605516920473316178e-03
5.849395532490120862e-03
4.839830027262586112e-03
4.954163772116591292e-03
4.304927755201478669e-03
2.980917135601123241e-03
3.805708703595970209e-03
2.723982970184260846e-03
5.567579029323652465e-03
3.279181130658307027e-03
4.328205902054569829e-03
3.502985333822909979e-03
7.079875929973359835e-03
4.684013030414226585e-03
3.560108071521665089e-03
4.532421719992455432e-03
6.232578721353267820e-03
5.706682420889962019e-03
4.084303132399007621e-03
3.264700888479256467e-03
2.311662936012215137e-03
1.450207977204520009e-03
3.129915281312921349e-03
3.686886750898719835e-03
2.581963407779149910e-03
2.033452884385736348e-03
5.595020846432255043e-03
3.723705409899649710e-03
2.000314198812948741e-03
2.320638136520935483e-03
4.807894393786684741e-03
6.842750319142083294e-03
4.062286651696605556e-03
3.434133901497931664e-03
3.221119831603401745e-03
3.378257339580610120e-03
4.018933657224422161e-03
1.325357061883649995e-03
1.528852864378695822e-03
4.011797346526451737e-03
2.261510798182835361e-03
1.218637077264607751e-03
2.707774930904047455e-03
1.649688681176470764e-03
3.738932050807088070e-03
