4.405782161862545343e-02
3.147330329131406423e-02
2.396912221316581035e-02
1.808547568661952529e-02
1.652253107338914895e-02
1.503785983655816540e-02
1.430788870900518393e-02
1.443607810761146290e-02
1.009220980375280692e-02
9.723174627350774854e-03
1.550113514214585680e-02
1.477943950865763176e-02
1.387749248402964791e-02
1.227319524709459715e-02
6.100141196843423402e-03
6.020790155727066481e-03
8.100807114628547773e-03
1.121880589091649692e-02
1.245244509263874685e-02
1.031456946753754600e-02
7.475121817374275404e-03
5.257823236695256287e-03
5.314984382955161533e-03
4.217094731923646048e-03
6.981990415630304030e-03
7.267522423625023299e-03
4.107093732822314144e-03
2.165468538131198276e-03
9.080839114592934372e-03
1.356820628411023119e-02
1.560046121069464352e-02
9.337776656449683563e-03
4.158246677231620600e-03
2.313641936206172877e-03
5.444890433902049680e-03
2.686465276333952976e-03
1.400695606076909558e-03
1.240390658849352531e-03
1.176601764035143955e-03
1.173888234647332916e-03
1.188086698846621287e-03
1.269263006614073947e-03
1.204268680859105732e-03
2.333840756190718249e-02
2.377539164887982129e-02
1.126705992656566561e-02
1.010836089540503163e-02
5.485623420342168426e-03
5.212498798061062852e-03
3.519855574771405069e-03
