7.194244861602783203e-02
3.039215803146362305e-01
3.706896603107452393e-01
5.663716793060302734e-01
5.593220591545104980e-01
5.121951103210449219e-01
5.966386795043945312e-01
6.355932354927062988e-01
6.562500000000000000e-01
6.062992215156555176e-01
7.622950673103332520e-01
6.893939375877380371e-01
7.031250000000000000e-01
6.793892979621887207e-01
7.443609237670898438e-01
6.875000000000000000e-01
6.718750000000000000e-01
7.301587462425231934e-01
7.482014298439025879e-01
7.669172883033752441e-01
8.560000061988830566e-01
8.074073791503906250e-01
8.000000119209289551e-01
8.062015771865844727e-01
7.669172883033752441e-01
8.208954930305480957e-01
8.561151027679443359e-01
8.046875000000000000e-01
8.409090638160705566e-01
8.550724387168884277e-01
8.731343150138854980e-01
9.044117927551269531e-01
9.218750000000000000e-01
9.185185432434082031e-01
8.776978254318237305e-01
8.602941036224365234e-01
8.978102207183837891e-01
9.197080135345458984e-01
9.097744226455688477e-01
9.208633303642272949e-01
9.044117927551269531e-01
8.633093237876892090e-01
9.558823704719543457e-01
8.561151027679443359e-01
8.776978254318237305e-01
9.562043547630310059e-01
9.420289993286132812e-01
9.407407641410827637e-01
9.044117927551269531e-01
8.785714507102966309e-01
8.962963223457336426e-01
9.782608747482299805e-01
9.710144996643066406e-01
9.503546357154846191e-01
9.416058659553527832e-01
9.492753744125366211e-01
9.197080135345458984e-01
9.705882072448730469e-01
9.078013896942138672e-01
9.489051103591918945e-01
9.716312289237976074e-01
1.000000000000000000e+00
1.000000000000000000e+00
1.000000000000000000e+00
1.000000000000000000e+00
1.000000000000000000e+00
9.202898740768432617e-01
9.136690497398376465e-01
9.285714030265808105e-01
9.708029031753540039e-01
9.929078221321105957e-01
9.855072498321533203e-01
8.482758402824401855e-01
9.710144996643066406e-01
9.499999880790710449e-01
1.000000000000000000e+00
1.000000000000000000e+00
9.928571581840515137e-01
9.712229967117309570e-01
9.642857313156127930e-01
9.785714149475097656e-01
9.280575513839721680e-01
9.295774698257446289e-01
9.357143044471740723e-01
9.927536249160766602e-01
9.929078221321105957e-01
9.568345546722412109e-01
9.785714149475097656e-01
1.000000000000000000e+00
1.000000000000000000e+00
1.000000000000000000e+00
1.000000000000000000e+00
1.000000000000000000e+00
1.000000000000000000e+00
1.000000000000000000e+00
1.000000000000000000e+00
1.000000000000000000e+00
1.000000000000000000e+00
1.000000000000000000e+00
1.000000000000000000e+00
1.000000000000000000e+00
1.000000000000000000e+00
1.000000000000000000e+00
1.000000000000000000e+00
1.000000000000000000e+00
1.000000000000000000e+00
1.000000000000000000e+00
1.000000000000000000e+00
1.000000000000000000e+00
1.000000000000000000e+00
1.000000000000000000e+00
1.000000000000000000e+00
8.840579986572265625e-01
9.078013896942138672e-01
9.568345546722412109e-01
9.712229967117309570e-01
9.787234067916870117e-01
9.718309640884399414e-01
9.784172773361206055e-01
1.000000000000000000e+00
1.000000000000000000e+00
1.000000000000000000e+00
9.785714149475097656e-01
9.568345546722412109e-01
9.333333373069763184e-01
9.428571462631225586e-01
9.640287756919860840e-01
9.785714149475097656e-01
9.856114983558654785e-01
9.929078221321105957e-01
9.857142567634582520e-01
1.000000000000000000e+00
1.000000000000000000e+00
1.000000000000000000e+00
1.000000000000000000e+00
9.785714149475097656e-01
9.142857193946838379e-01
9.499999880790710449e-01
1.000000000000000000e+00
1.000000000000000000e+00
1.000000000000000000e+00
1.000000000000000000e+00
9.929078221321105957e-01
9.416058659553527832e-01
9.859154820442199707e-01
1.000000000000000000e+00
9.928571581840515137e-01
9.714285731315612793e-01
9.357143044471740723e-01
9.856114983558654785e-01
