7.142857462167739868e-02
2.214285731315612793e-01
3.071428537368774414e-01
4.571428596973419189e-01
4.714285731315612793e-01
4.499999880790710449e-01
5.071428418159484863e-01
5.357142686843872070e-01
6.000000238418579102e-01
5.500000119209289551e-01
6.642857193946838379e-01
6.499999761581420898e-01
6.428571343421936035e-01
6.357142925262451172e-01
7.071428298950195312e-01
6.285714507102966309e-01
6.142857074737548828e-01
6.571428775787353516e-01
7.428571581840515137e-01
7.285714149475097656e-01
7.642857432365417480e-01
7.785714268684387207e-01
7.428571581840515137e-01
7.428571581840515137e-01
7.285714149475097656e-01
7.857142686843872070e-01
8.500000238418579102e-01
7.357142567634582520e-01
7.928571701049804688e-01
8.428571224212646484e-01
8.357142806053161621e-01
8.785714507102966309e-01
8.428571224212646484e-01
8.857142925262451172e-01
8.714285492897033691e-01
8.357142806053161621e-01
8.785714507102966309e-01
8.999999761581420898e-01
8.642857074737548828e-01
9.142857193946838379e-01
8.785714507102966309e-01
8.571428656578063965e-01
9.285714030265808105e-01
8.500000238418579102e-01
8.714285492897033691e-01
9.357143044471740723e-01
9.285714030265808105e-01
9.071428775787353516e-01
8.785714507102966309e-01
8.785714507102966309e-01
8.642857074737548828e-01
9.642857313156127930e-01
9.571428298950195312e-01
9.571428298950195312e-01
9.214285612106323242e-01
9.357143044471740723e-01
8.999999761581420898e-01
9.428571462631225586e-01
9.142857193946838379e-01
9.285714030265808105e-01
9.785714149475097656e-01
9.928571581840515137e-01
1.000000000000000000e+00
1.000000000000000000e+00
1.000000000000000000e+00
1.000000000000000000e+00
9.071428775787353516e-01
9.071428775787353516e-01
9.285714030265808105e-01
9.499999880790710449e-01
1.000000000000000000e+00
9.714285731315612793e-01
8.785714507102966309e-01
9.571428298950195312e-01
9.499999880790710449e-01
1.000000000000000000e+00
1.000000000000000000e+00
9.928571581840515137e-01
9.642857313156127930e-01
9.642857313156127930e-01
9.785714149475097656e-01
9.214285612106323242e-01
9.428571462631225586e-01
9.357143044471740723e-01
9.785714149475097656e-01
1.000000000000000000e+00
9.499999880790710449e-01
9.785714149475097656e-01
1.000000000000000000e+00
1.000000000000000000e+00
1.000000000000000000e+00
1.000000000000000000e+00
1.000000000000000000e+00
1.000000000000000000e+00
1.000000000000000000e+00
1.000000000000000000e+00
1.000000000000000000e+00
1.000000000000000000e+00
1.000000000000000000e+00
1.000000000000000000e+00
1.000000000000000000e+00
1.000000000000000000e+00
1.000000000000000000e+00
1.000000000000000000e+00
1.000000000000000000e+00
1.000000000000000000e+00
1.000000000000000000e+00
1.000000000000000000e+00
1.000000000000000000e+00
1.000000000000000000e+00
1.000000000000000000e+00
1.000000000000000000e+00
8.714285492897033691e-01
9.142857193946838379e-01
9.499999880790710449e-01
9.642857313156127930e-01
9.857142567634582520e-01
9.857142567634582520e-01
9.714285731315612793e-01
1.000000000000000000e+00
1.000000000000000000e+00
1.000000000000000000e+00
9.785714149475097656e-01
9.499999880790710449e-01
8.999999761581420898e-01
9.428571462631225586e-01
9.571428298950195312e-01
9.785714149475097656e-01
9.785714149475097656e-01
1.000000000000000000e+00
9.857142567634582520e-01
1.000000000000000000e+00
1.000000000000000000e+00
1.000000000000000000e+00
1.000000000000000000e+00
9.785714149475097656e-01
9.142857193946838379e-01
9.499999880790710449e-01
1.000000000000000000e+00
1.000000000000000000e+00
1.000000000000000000e+00
1.000000000000000000e+00
1.000000000000000000e+00
9.214285612106323242e-01
1.000000000000000000e+00
1.000000000000000000e+00
9.928571581840515137e-01
9.714285731315612793e-01
9.357143044471740723e-01
9.785714149475097656e-01
