5.675217652824917636e-01
2.303994569806165349e-01
1.572023365424500829e-01
1.465569369523268273e-01
1.135565756264499127e-01
1.155259641658428066e-01
9.737710419971393194e-02
9.784380146331816963e-02
8.734733998901496321e-02
8.348173177960559188e-02
9.142327603244125578e-02
7.324703153640220454e-02
7.061589819180284777e-02
7.050991405801843026e-02
8.589173282270200216e-02
6.419275688035039340e-02
7.173329359633222324e-02
6.080128411283956813e-02
6.047283292572795677e-02
5.659412608243698239e-02
6.228188583497391156e-02
5.903476237195364601e-02
5.950582355355359815e-02
5.214035784443702554e-02
4.824607531935858756e-02
5.596004334662353641e-02
4.893088504656298993e-02
4.971311282878446147e-02
5.186965763427112130e-02
4.586169727319894945e-02
4.901679910420111280e-02
4.536844775821013281e-02
4.000134363660222403e-02
4.226555893729277286e-02
4.038377048160258359e-02
4.164493865020431340e-02
3.712877589839079506e-02
3.411946316877769586e-02
3.621681391814798173e-02
3.546806401606594078e-02
3.587255360208152499e-02
3.450355055373768159e-02
3.572130838357873150e-02
3.312650304264044138e-02
3.752519819153035674e-02
3.083931207932516169e-02
2.771688076291414435e-02
3.345300219484445559e-02
3.210327297512118733e-02
3.071355515094690430e-02
3.199757005901215923e-02
2.949460450142432980e-02
3.807439263114591188e-02
2.740939965900860559e-02
2.757171392732203283e-02
2.438957971983429784e-02
2.622431287171819378e-02
2.808276589526686670e-02
2.379986905654297644e-02
2.426837647804324857e-02
2.397861402753512228e-02
2.470367191536608151e-02
2.446554040804064384e-02
2.114599416780641936e-02
2.099579322972900189e-02
1.928329763701677746e-02
2.240430650754140704e-02
1.963066375001193756e-02
2.180180341836230468e-02
2.197825408074020187e-02
1.883566930732565731e-02
1.732980983132933681e-02
2.051379351831389766e-02
1.881356319408651265e-02
1.692304354068482550e-02
1.626143752646496549e-02
1.488258639175295273e-02
1.503388163076426268e-02
1.832640728883713072e-02
1.592855111304001051e-02
1.853912289262243246e-02
1.137895291708567250e-02
1.250818548109736833e-02
1.256944356110128135e-02
1.326225241917888473e-02
1.326549370464008386e-02
9.322702197897509563e-03
1.470308912567495040e-02
1.720077460316693160e-02
1.367756161956908134e-02
1.301451845799452695e-02
1.118804242696227157e-02
8.952139848587250398e-03
8.426854180656452586e-03
9.631918402561960926e-03
1.098271404367420767e-02
1.010061551611988670e-02
1.008370186318397269e-02
5.203472868092437129e-03
1.067922343490113751e-02
1.102586299286324387e-02
7.928963982801387825e-03
9.431222787552196590e-03
9.463129018770085124e-03
2.497486506582850124e-02
1.062578660307991578e-02
5.305507209754488189e-03
5.989248563887957129e-03
1.105608697370261823e-02
7.392841910325132805e-03
7.072299922999569777e-03
5.374793178455049454e-03
6.330596536720844818e-03
6.995208783953373727e-03
4.037294804943572166e-03
6.223042447811059745e-03
1.313379857371153696e-02
1.237672230721024134e-02
1.927932718465494646e-02
8.462799919993629905e-03
8.883701417197416295e-03
6.181085157477893798e-03
6.000604302470766843e-03
5.381185585666393122e-03
8.256188183028574309e-03
6.514552349646046334e-03
6.413724240531896471e-03
3.650199689933868522e-03
5.499377527272222149e-03
5.811173344940640494e-03
2.987304810802777003e-03
1.149793578662277466e-02
1.730670298506795102e-02
4.145504520658647649e-03
3.793733923441984426e-03
4.338259010853336151e-03
2.428413282412382034e-03
3.958953468446042671e-03
1.684455751639300433e-02
3.933348633215052147e-03
4.455603221805479186e-03
5.180634092431255291e-03
3.294758875529433303e-03
3.058906402596396450e-03
7.523187056349208042e-03
1.778505370987630563e-02
4.918252905322747018e-03
2.682095638793316212e-03
5.795285790493164696e-03
4.347455203897431994e-03
