1.657821133002446157e-02
8.846072642283691473e-03
8.165239379252507354e-03
7.903462990891311699e-03
4.560028198210766201e-03
3.804973156655792194e-03
7.435291347161233910e-03
5.288346733951187345e-03
3.180799050404908759e-03
4.566628128565495583e-03
3.500390741871362878e-03
3.423958986343724094e-03
1.749466862053979934e-03
2.879281130712998179e-03
2.210006228024940112e-03
3.624792188058743869e-03
4.697571258080669027e-03
1.617804197772027951e-03
1.936036133638514671e-03
2.118343832705836538e-03
2.401078182459874099e-03
9.960948415539047900e-04
2.450332342262682116e-03
1.513682961271287097e-03
2.673874435479988571e-03
1.961707869670811528e-03
1.299631158964938745e-03
9.146635839310578251e-04
2.833529712106208198e-03
2.797970519233472075e-03
1.072955533434281124e-03
1.561979948972266235e-03
5.218900830965527565e-04
3.004321930140988871e-03
4.809343763538360787e-03
1.503695603806829610e-03
2.432712597051131694e-03
1.674787238675624033e-03
1.464213863592979913e-03
7.002043004369830782e-04
2.794201950207117697e-04
1.459718849331201654e-04
8.488375441057471838e-04
1.538073950965923023e-03
1.862277541425577622e-03
1.248309874391985647e-03
1.413677095061713395e-03
3.507200404149956371e-03
5.594111472954337722e-04
8.786042389278939145e-04
