8.536585569381713867e-01
9.391304254531860352e-01
9.338843226432800293e-01
9.411764740943908691e-01
9.572649598121643066e-01
9.504132270812988281e-01
8.790322542190551758e-01
9.499999880790710449e-01
9.666666388511657715e-01
9.256198406219482422e-01
9.504132270812988281e-01
9.750000238418579102e-01
9.750000238418579102e-01
9.669421315193176270e-01
9.830508232116699219e-01
9.426229596138000488e-01
9.344262480735778809e-01
9.836065769195556641e-01
9.915966391563415527e-01
9.674796462059020996e-01
9.512194991111755371e-01
9.918032884597778320e-01
9.669421315193176270e-01
9.672130942344665527e-01
9.752066135406494141e-01
9.833333492279052734e-01
9.834710955619812012e-01
9.916666746139526367e-01
9.520000219345092773e-01
9.669421315193176270e-01
9.916666746139526367e-01
9.752066135406494141e-01
1.000000000000000000e+00
9.663865566253662109e-01
9.416666626930236816e-01
9.916666746139526367e-01
9.590163826942443848e-01
9.672130942344665527e-01
9.833333492279052734e-01
9.918032884597778320e-01
1.000000000000000000e+00
1.000000000000000000e+00
9.756097793579101562e-01
9.834710955619812012e-01
9.831932783126831055e-01
9.916666746139526367e-01
9.834710955619812012e-01
9.512194991111755371e-01
9.918699264526367188e-01
9.834710955619812012e-01
