9.155555367469787598e-01
9.359823465347290039e-01
9.433551430702209473e-01
9.668874144554138184e-01
9.626373648643493652e-01
9.696312546730041504e-01
9.581497907638549805e-01
9.846491217613220215e-01
9.778761267662048340e-01
9.717391133308410645e-01
9.692982435226440430e-01
9.734513163566589355e-01
9.780701994895935059e-01
9.890829920768737793e-01
9.782134890556335449e-01
9.591397643089294434e-01
9.608695507049560547e-01
9.759825468063354492e-01
9.934354424476623535e-01
9.739696383476257324e-01
9.696312546730041504e-01
9.846153855323791504e-01
9.913043379783630371e-01
9.891774654388427734e-01
9.913420081138610840e-01
1.000000000000000000e+00
9.978401660919189453e-01
1.000000000000000000e+00
1.000000000000000000e+00
1.000000000000000000e+00
1.000000000000000000e+00
1.000000000000000000e+00
1.000000000000000000e+00
1.000000000000000000e+00
9.978401660919189453e-01
8.503401279449462891e-01
9.208791255950927734e-01
9.759299755096435547e-01
9.913043379783630371e-01
9.803921580314636230e-01
9.653679728507995605e-01
9.892008900642395020e-01
9.956427216529846191e-01
9.760869741439819336e-01
9.891774654388427734e-01
9.956803321838378906e-01
9.566160440444946289e-01
9.934640526771545410e-01
9.956616163253784180e-01
9.934924244880676270e-01
