3.541550495384170744e-02
2.380210627866692283e-02
1.890054577708551523e-02
1.812543469735167223e-02
1.441627854965705884e-02
1.622728222985033233e-02
1.449208274588036083e-02
1.507281571065506934e-02
1.105069997982293349e-02
8.691694814294386937e-03
6.988590081196758771e-03
5.218106869206494240e-03
1.343830647864566012e-02
1.351145225901936343e-02
5.611162414404132805e-03
5.736354300929489593e-03
9.321662857754443518e-03
4.768375661371799384e-03
5.049719230358510301e-03
7.515698254549478194e-03
7.736653418262463312e-03
4.470616746339434872e-03
4.502753503502486196e-03
7.274008494413932747e-03
7.117725583285596999e-03
1.379057132183174501e-02
1.113887500813344998e-02
5.485715116994419743e-03
5.811268852346322504e-03
7.134237218890378783e-03
4.264524076606519311e-03
1.863396209310228240e-03
3.190192757814287565e-03
6.319502753148496972e-03
3.708996360562347768e-03
8.409133206375620645e-03
7.755911479631230447e-03
7.860050723448900115e-03
2.163473258905475143e-03
2.041608527613839215e-03
4.607847104169995531e-03
8.535741644165229305e-03
8.186113904043244849e-03
4.521497448041924931e-03
3.066154455758206103e-03
1.547421622867784690e-03
4.197706506542278442e-03
1.124427377615501954e-02
7.067266079886613817e-03
9.366837591080518985e-03
