9.137930870056152344e-01
9.277456402778625488e-01
9.481267929077148438e-01
9.505813717842102051e-01
9.596541523933410645e-01
9.425287246704101562e-01
9.594202637672424316e-01
9.562682509422302246e-01
9.512894153594970703e-01
9.683908224105834961e-01
9.770773649215698242e-01
9.828571677207946777e-01
9.514285922050476074e-01
9.623188376426696777e-01
9.828571677207946777e-01
9.717513918876647949e-01
9.602272510528564453e-01
9.858757257461547852e-01
9.829545617103576660e-01
9.745042324066162109e-01
9.687500000000000000e-01
9.828571677207946777e-01
9.857954382896423340e-01
9.800570011138916016e-01
9.772079586982727051e-01
9.485714435577392578e-01
9.656160473823547363e-01
9.772727489471435547e-01
9.745762944221496582e-01
9.711815714836120605e-01
9.885386824607849121e-01
9.943661689758300781e-01
9.886363744735717773e-01
9.661971926689147949e-01
9.830985665321350098e-01
9.661017060279846191e-01
9.717513918876647949e-01
9.742857217788696289e-01
9.887955188751220703e-01
9.943502545356750488e-01
9.800570011138916016e-01
9.744318127632141113e-01
9.719101190567016602e-01
9.801699519157409668e-01
9.886685609817504883e-01
9.971751570701599121e-01
9.858757257461547852e-01
9.540230035781860352e-01
9.772079586982727051e-01
9.687500000000000000e-01
