2.684989634842216075e-02
1.560216024238419291e-02
1.294366718945241107e-02
1.276299988898206388e-02
1.094976469953140748e-02
9.574271514539234654e-03
1.076319622909591156e-02
9.007143502627710727e-03
7.550879601796746041e-03
7.261756079864095659e-03
7.939778089525284521e-03
6.719111125600222764e-03
5.491640819975000115e-03
7.072494755662489530e-03
6.796534311299036804e-03
7.689560261135625942e-03
4.976445391880501487e-03
2.643347617605972758e-03
4.636497708789642271e-03
4.364162457375403599e-03
4.697361487637315668e-03
2.321661952508900784e-03
1.789847655402964982e-03
5.472763996358653849e-03
1.404823302190916223e-02
8.552315320256491035e-03
5.584346191951685898e-03
3.784966753632318728e-03
2.732014724744550888e-03
1.539803188841545878e-03
1.039402885288669663e-03
9.313234416610437433e-04
9.028406351426691671e-04
1.100867633074797611e-02
1.418394570537187191e-02
5.625830957967291497e-03
8.369831317222537620e-03
1.938252968489178728e-03
1.262861098217960996e-03
1.389084332105733170e-03
2.593761135254992519e-03
5.343522452636095994e-03
7.107100785630174507e-03
3.493888907638588968e-03
4.518190791700468258e-03
6.795349615910553469e-03
5.492625107238537606e-03
1.033871540766264458e-03
1.318987435557885312e-03
8.226848971571214470e-04
