9.396551847457885742e-01
9.625360369682312012e-01
9.512894153594970703e-01
9.542857408523559570e-01
9.570200443267822266e-01
9.573863744735717773e-01
9.625360369682312012e-01
9.629629850387573242e-01
9.772079586982727051e-01
9.715909361839294434e-01
9.630681872367858887e-01
9.719101190567016602e-01
9.829545617103576660e-01
9.772079586982727051e-01
9.689265489578247070e-01
9.661971926689147949e-01
9.857549667358398438e-01
9.859154820442199707e-01
9.857549667358398438e-01
9.857954382896423340e-01
9.829545617103576660e-01
9.971590638160705566e-01
9.915254116058349609e-01
9.802817106246948242e-01
9.482758641242980957e-01
9.741379022598266602e-01
9.802817106246948242e-01
9.857954382896423340e-01
9.915493130683898926e-01
9.971671104431152344e-01
1.000000000000000000e+00
1.000000000000000000e+00
1.000000000000000000e+00
9.660056829452514648e-01
9.431818127632141113e-01
9.829059839248657227e-01
9.714285731315612793e-01
9.915254116058349609e-01
9.971751570701599121e-01
9.971671104431152344e-01
9.915493130683898926e-01
9.745042324066162109e-01
9.801699519157409668e-01
9.803370833396911621e-01
9.830508232116699219e-01
9.772727489471435547e-01
9.800000190734863281e-01
1.000000000000000000e+00
9.971751570701599121e-01
1.000000000000000000e+00
