3.830135389790726430e-01
2.249690911432149221e-01
1.764924558058349469e-01
1.388256788946861386e-01
1.162610933619372122e-01
1.068066121993810902e-01
1.029821052586553515e-01
9.827196443937798176e-02
8.865943323797201292e-02
8.296926108037316894e-02
7.727091571871372300e-02
8.034395592661286445e-02
7.330995789321481659e-02
7.440160742899831758e-02
6.458577113537153358e-02
6.343162123673057318e-02
6.185592874081265874e-02
6.499491362314648024e-02
7.453393238228421536e-02
5.252630619808684731e-02
5.626618112376388647e-02
5.079645733752664177e-02
5.757919425337750668e-02
4.815714809846676631e-02
5.408906565486881063e-02
5.212062502764244071e-02
4.759170044867231525e-02
6.094306355141434345e-02
5.592080090155561456e-02
4.454512847654411301e-02
3.985139079124176698e-02
4.344304084762080215e-02
4.052811990076593540e-02
4.319129788944887222e-02
3.695784061989623032e-02
4.021325487348134664e-02
3.680136471340948734e-02
3.387799914957793923e-02
3.901280154621752233e-02
3.567128933107688998e-02
3.535686392360711666e-02
3.691565920978816251e-02
2.829910574299746018e-02
2.907773644980397518e-02
3.155845698914303693e-02
3.890273535289421464e-02
3.164483942650652554e-02
3.016415751899492043e-02
2.774847334412263236e-02
3.008210133198042230e-02
2.269604042420522022e-02
2.538618292541382909e-02
2.750917707313930982e-02
2.224584467480664185e-02
2.300521888776069918e-02
2.425497251793143696e-02
3.109985281656206871e-02
2.329937432079436099e-02
2.093926818110048924e-02
2.000212793852779516e-02
2.098520117882741662e-02
2.341920516993181017e-02
2.032546823966389568e-02
2.218911667943126650e-02
2.106448688416349968e-02
1.570385440368890495e-02
1.754220231694127857e-02
1.637207188741963623e-02
1.674383886182093800e-02
1.452992253812782075e-02
1.285761402624543102e-02
2.164345378603542078e-02
3.285001983476239923e-02
1.435889809626699973e-02
1.461221639124034646e-02
1.463661245781195872e-02
1.434650241861997952e-02
1.819065571150271787e-02
1.653304694031402719e-02
1.660497907667280934e-02
1.110075908943412154e-02
1.116602277091800766e-02
9.880724881419293906e-03
9.652361699555219235e-03
1.347999806919511143e-02
1.128295947862572451e-02
1.797569651253143330e-02
1.444412191479169626e-02
1.111961856612396146e-02
7.569646616771533339e-03
7.013218067842387840e-03
5.782471977579889399e-03
1.047072124981516389e-02
5.082725427885309392e-03
9.852483456533001061e-03
2.063107870692430443e-02
1.421733635623425446e-02
1.364853391612842574e-02
7.756925130432302563e-03
7.541455605498516637e-03
1.329486646860774876e-02
7.092660059226995467e-03
3.738578391058595008e-03
7.451544984127641408e-03
7.029450953924283770e-03
8.140904393458608598e-03
7.006893760680238566e-03
8.885076137665209525e-03
1.241738932057585149e-02
7.791169366472445838e-03
4.222820451676089284e-03
7.633217921013890454e-03
5.584585191494928838e-03
6.365184413670832257e-03
1.038628569691900719e-02
7.005167879463502535e-03
4.317411020335133048e-03
3.850290557708252546e-03
5.597509147941940461e-03
1.117510457031909224e-02
7.600086439897091664e-03
1.213039819806830018e-02
8.373186104393408324e-03
1.218209847124651808e-02
3.965466035722929779e-03
4.597652409349747490e-03
2.684285118585219999e-03
2.091125792038113149e-03
1.882483753519443789e-03
1.083336471112338745e-02
9.643216254898438755e-03
1.089799675968402756e-02
7.269823020717904732e-03
5.395963132759481508e-03
3.923873754039044343e-03
4.687476040614300433e-03
1.991518556768464513e-03
5.084178380955632452e-03
1.370349072821706177e-02
9.787791647985735061e-03
7.909317820571189900e-03
4.861998249674275366e-03
2.152446397928713985e-03
2.864153111465748015e-03
3.135228191490578489e-03
1.364526511839419609e-03
1.243805373658526600e-03
1.269780956208705833e-03
1.196549280544636660e-03
1.217437971011197913e-03
