7.984790951013565063e-02
1.623931676149368286e-01
3.116883039474487305e-01
4.242424368858337402e-01
5.490196347236633301e-01
5.787401795387268066e-01
6.307692527770996094e-01
6.382978558540344238e-01
6.643109321594238281e-01
7.077465057373046875e-01
7.064846158027648926e-01
7.108843326568603516e-01
7.777777910232543945e-01
7.288135886192321777e-01
7.766323089599609375e-01
7.837837934494018555e-01
8.225256204605102539e-01
7.651006579399108887e-01
7.320261597633361816e-01
8.489933013916015625e-01
8.311688303947448730e-01
8.233333230018615723e-01
8.031746149063110352e-01
8.501628637313842773e-01
8.151814937591552734e-01
8.256579041481018066e-01
8.349206447601318359e-01
7.986798882484436035e-01
7.784810066223144531e-01
8.365384340286254883e-01
8.834951519966125488e-01
8.603895902633666992e-01
8.685897588729858398e-01
8.422712683677673340e-01
8.829113841056823730e-01
8.702531456947326660e-01
8.785942196846008301e-01
8.967741727828979492e-01
8.733766078948974609e-01
8.870967626571655273e-01
8.629283308982849121e-01
8.702531456947326660e-01
9.285714030265808105e-01
9.093750119209289551e-01
8.895899057388305664e-01
8.395061492919921875e-01
8.906752467155456543e-01
9.061488509178161621e-01
8.906250000000000000e-01
8.753799200057983398e-01
9.278996586799621582e-01
9.116719365119934082e-01
9.082278609275817871e-01
9.274448156356811523e-01
9.169231057167053223e-01
9.150943160057067871e-01
8.996865153312683105e-01
9.367088675498962402e-01
9.141104221343994141e-01
9.318885207176208496e-01
9.287925958633422852e-01
9.223602414131164551e-01
9.493671059608459473e-01
9.195046424865722656e-01
9.318885207176208496e-01
9.598765373229980469e-01
9.384615421295166016e-01
9.478527903556823730e-01
9.539877176284790039e-01
9.427710771560668945e-01
9.665653705596923828e-01
9.093655347824096680e-01
8.707692027091979980e-01
9.598765373229980469e-01
9.359756112098693848e-01
9.399399161338806152e-01
9.626168012619018555e-01
9.378882050514221191e-01
9.272727370262145996e-01
9.451219439506530762e-01
9.606060385704040527e-01
9.631901979446411133e-01
9.696048498153686523e-01
9.693251252174377441e-01
9.518072009086608887e-01
9.666666388511657715e-01
9.318885207176208496e-01
9.546827673912048340e-01
9.548192620277404785e-01
9.730538725852966309e-01
9.878048896789550781e-01
9.849849939346313477e-01
9.723076820373535156e-01
9.852507114410400391e-01
9.638554453849792480e-01
9.296635985374450684e-01
9.371257424354553223e-01
9.512194991111755371e-01
9.732142686843872070e-01
9.730538725852966309e-01
9.519519805908203125e-01
9.761193990707397461e-01
9.940298795700073242e-01
9.697884917259216309e-01
9.673590660095214844e-01
9.615384340286254883e-01
9.821428656578063965e-01
9.497041702270507812e-01
9.516616463661193848e-01
9.762611389160156250e-01
9.970059990882873535e-01
9.641790986061096191e-01
9.880239367485046387e-01
9.791666865348815918e-01
9.533527493476867676e-01
9.732142686843872070e-01
9.822485446929931641e-01
9.880952239036560059e-01
9.793510437011718750e-01
9.525222778320312500e-01
9.789789915084838867e-01
9.492537379264831543e-01
9.589442610740661621e-01
9.520958065986633301e-01
9.880952239036560059e-01
9.910447597503662109e-01
9.910979270935058594e-01
9.941002726554870605e-01
1.000000000000000000e+00
9.641790986061096191e-01
9.641790986061096191e-01
9.553571343421936035e-01
9.732937812805175781e-01
9.851190447807312012e-01
9.852070808410644531e-01
9.852941036224365234e-01
1.000000000000000000e+00
9.851632118225097656e-01
9.402984976768493652e-01
9.464285969734191895e-01
9.646017551422119141e-01
9.820895791053771973e-01
9.940828680992126465e-01
9.911504387855529785e-01
9.941002726554870605e-01
1.000000000000000000e+00
1.000000000000000000e+00
1.000000000000000000e+00
1.000000000000000000e+00
1.000000000000000000e+00
