3.440455202062233098e-01
9.880720792310881961e-02
7.573565095086846888e-02
6.133528775913671405e-02
8.020708417377311883e-02
6.637684835808183026e-02
6.126637293828243735e-02
4.699548308241302541e-02
5.249784632578019528e-02
6.083139953652234172e-02
4.514714961256385134e-02
5.286169448422307210e-02
5.679127942030270937e-02
3.948413376096414351e-02
4.027984035471476182e-02
4.470722964328799343e-02
4.540060816097886420e-02
3.981603910514115024e-02
4.853372758705304379e-02
3.308674460745143764e-02
3.934722210079639321e-02
3.377175166891788205e-02
2.748366901096408951e-02
2.767664775805517632e-02
3.147719336611673469e-02
3.339363406977723797e-02
3.083956072125684789e-02
3.073691121502062848e-02
2.901669039066134825e-02
2.327857791083848271e-02
2.734097969492829683e-02
3.329062763146324599e-02
2.374742564594708658e-02
2.470635113357483315e-02
2.229132373332516279e-02
1.771406219351664979e-02
2.141044090796558746e-02
2.423847891312533309e-02
2.302104124492531170e-02
2.019358430510100055e-02
1.592206534096209103e-02
2.450106926809791918e-02
2.239808415286732857e-02
1.502235260722209302e-02
1.650639234164013799e-02
1.518673562406571559e-02
1.596200206566944849e-02
1.316983180699692751e-02
1.818086341893544039e-02
1.383063512546718436e-02
1.429142637541323119e-02
1.091233638424227506e-02
1.259056472940527430e-02
1.324670532054202272e-02
1.425415686924480160e-02
1.062599158711149440e-02
1.244896836182691688e-02
1.326736000208767613e-02
1.363430666029222769e-02
9.074853940622712445e-03
8.775646632648169757e-03
1.003539292228228762e-02
8.387282526384166534e-03
1.077023463191180766e-02
1.358045031167480314e-02
9.557785420215415481e-03
1.068103283050211502e-02
1.574627352462129246e-02
6.747395436914042921e-03
5.687279598996308229e-03
8.755030954647045893e-03
5.820373713009330610e-03
7.150688604433709343e-03
8.803742613437408326e-03
8.448188587135800620e-03
4.886166216540513765e-03
8.740334953624417924e-03
1.554127872366190162e-02
9.294033691766748206e-03
5.195286382985144814e-03
4.286104334051571776e-03
6.796326781590652545e-03
1.356138609103391644e-02
1.081594957772725844e-02
6.848131385880355804e-03
7.134284415553854633e-03
4.289522950018180916e-03
2.771148400140633922e-03
2.592022488958275160e-03
2.538274362292904096e-03
2.475917527498209397e-03
2.502295669212891132e-03
2.429048785916763584e-03
5.004648178634330848e-03
2.718698963514267625e-02
1.350099475761156603e-02
7.124677850747421562e-03
4.235793259470202986e-03
9.496724880923504072e-03
5.653272252544264999e-03
4.256193066730357480e-03
3.294060401631445680e-03
4.137149205962908742e-03
2.072187020657303199e-03
4.549371254178770883e-03
2.334095931115681959e-03
2.035036640856141207e-03
1.937285178104719520e-03
1.914736848019858760e-03
8.906443907925391118e-03
1.424667095907366718e-02
4.731463664373395696e-03
6.815980837701287806e-03
3.863726607603089423e-03
2.754434342125152476e-03
2.039823096698583672e-03
1.784806859327303001e-03
2.815924340690509689e-03
1.714982632248700581e-02
5.411967082879717145e-03
4.748623527165816635e-03
6.026097684083052582e-03
1.958279858565869710e-03
1.630771200029267282e-03
1.641651600824736799e-03
1.630217829835871237e-03
1.553502115954004652e-03
1.530332723812525024e-03
1.507588114884047398e-03
1.486009709992246576e-03
1.462175742123774345e-03
1.434233702815729261e-03
1.406825635469124590e-03
1.378924448215254964e-03
1.348342809250631553e-03
1.318841866233399747e-03
1.288883002962533863e-03
1.255832744235776434e-03
1.227894227999303672e-03
1.188897748610288517e-03
1.151653343674057623e-03
1.114747567950083148e-03
1.079721055054793689e-03
1.044905374538980395e-03
1.000802612475249842e-03
9.630147969330050397e-04
9.238557155011402258e-04
8.806655278781606562e-04
8.402020093438929181e-04
8.008552152283161286e-04
