1.333333402872085571e-01
4.239130318164825439e-01
5.098039507865905762e-01
5.420560836791992188e-01
5.673077106475830078e-01
5.959596037864685059e-01
6.261682510375976562e-01
7.333333492279052734e-01
6.666666865348815918e-01
6.146789193153381348e-01
7.169811129570007324e-01
6.857143044471740723e-01
6.601941585540771484e-01
7.641509175300598145e-01
7.714285850524902344e-01
6.952381134033203125e-01
6.637167930603027344e-01
7.524752616882324219e-01
7.307692170143127441e-01
7.904762029647827148e-01
7.592592835426330566e-01
8.039215803146362305e-01
8.532109856605529785e-01
8.086956739425659180e-01
7.924528121948242188e-01
7.747747898101806641e-01
7.478260993957519531e-01
7.652173638343811035e-01
8.018018007278442383e-01
8.407079577445983887e-01
8.055555820465087891e-01
7.727272510528564453e-01
8.363636136054992676e-01
8.490566015243530273e-01
8.660714030265808105e-01
9.009009003639221191e-01
8.623853325843811035e-01
8.378378152847290039e-01
8.672566413879394531e-01
8.909090757369995117e-01
9.181818366050720215e-01
8.035714030265808105e-01
8.571428656578063965e-01
9.026548862457275391e-01
9.115044474601745605e-01
9.189189076423645020e-01
8.999999761581420898e-01
9.122806787490844727e-01
8.660714030265808105e-01
9.189189076423645020e-01
9.082568883895874023e-01
9.203540086746215820e-01
9.380530714988708496e-01
9.026548862457275391e-01
8.849557638168334961e-01
9.210526347160339355e-01
9.107142686843872070e-01
9.043478369712829590e-01
9.189189076423645020e-01
9.557521939277648926e-01
9.724770784378051758e-01
9.310345053672790527e-01
9.636363387107849121e-01
9.059829115867614746e-01
8.869565129280090332e-01
9.130434989929199219e-01
9.122806787490844727e-01
8.660714030265808105e-01
9.649122953414916992e-01
9.655172228813171387e-01
9.385964870452880859e-01
9.646017551422119141e-01
9.478260874748229980e-01
9.385964870452880859e-01
9.385964870452880859e-01
9.824561476707458496e-01
9.217391014099121094e-01
8.849557638168334961e-01
9.727272987365722656e-01
9.565217494964599609e-01
9.826086759567260742e-01
9.478260874748229980e-01
8.771929740905761719e-01
9.035087823867797852e-01
9.391304254531860352e-01
9.473684430122375488e-01
9.826086759567260742e-01
9.913793206214904785e-01
1.000000000000000000e+00
1.000000000000000000e+00
1.000000000000000000e+00
1.000000000000000000e+00
1.000000000000000000e+00
9.655172228813171387e-01
8.141592741012573242e-01
9.196428656578063965e-01
9.210526347160339355e-01
9.655172228813171387e-01
9.292035102844238281e-01
9.396551847457885742e-01
9.821428656578063965e-01
9.741379022598266602e-01
9.824561476707458496e-01
1.000000000000000000e+00
9.652174115180969238e-01
1.000000000000000000e+00
1.000000000000000000e+00
1.000000000000000000e+00
1.000000000000000000e+00
9.561403393745422363e-01
9.107142686843872070e-01
9.655172228813171387e-01
9.646017551422119141e-01
9.821428656578063965e-01
9.912280440330505371e-01
1.000000000000000000e+00
1.000000000000000000e+00
9.827586412429809570e-01
8.771929740905761719e-01
9.565217494964599609e-01
9.561403393745422363e-01
9.469026327133178711e-01
9.913043379783630371e-01
1.000000000000000000e+00
1.000000000000000000e+00
1.000000000000000000e+00
1.000000000000000000e+00
1.000000000000000000e+00
1.000000000000000000e+00
1.000000000000000000e+00
1.000000000000000000e+00
1.000000000000000000e+00
1.000000000000000000e+00
1.000000000000000000e+00
1.000000000000000000e+00
1.000000000000000000e+00
1.000000000000000000e+00
1.000000000000000000e+00
1.000000000000000000e+00
1.000000000000000000e+00
1.000000000000000000e+00
1.000000000000000000e+00
1.000000000000000000e+00
1.000000000000000000e+00
1.000000000000000000e+00
1.000000000000000000e+00
1.000000000000000000e+00
1.000000000000000000e+00
1.000000000000000000e+00
1.000000000000000000e+00
