6.573655685988780695e-01
2.540544754884104806e-01
2.304825279548992079e-01
2.185865775053138504e-01
2.156539037305627293e-01
1.838338499434356288e-01
1.777391261908468356e-01
1.634097778275926394e-01
1.670453921676050557e-01
1.514751013764450427e-01
1.468305499312745344e-01
1.425564844529351727e-01
1.472780920510989855e-01
1.385132693579414487e-01
1.401100139817597623e-01
1.360144687445153933e-01
1.293519134905880275e-01
1.411918774332733273e-01
1.228740997119317918e-01
1.271749694435664602e-01
1.240592273331013046e-01
1.308751874003218074e-01
1.175010698582769492e-01
1.264844198658244823e-01
1.235743407079147038e-01
1.169955824121987203e-01
1.107868176184026443e-01
1.187052415424218466e-01
1.166890396523508483e-01
1.058505291935496057e-01
1.093009332054755423e-01
1.024593057721208539e-01
1.043007188866092727e-01
1.011477795008787484e-01
1.002234713425104451e-01
9.521763982897059331e-02
9.591849973660336592e-02
9.870357906660080782e-02
1.027779307979167778e-01
9.435317761652189938e-02
8.512329667594116522e-02
8.868805251296543735e-02
1.007702200338499582e-01
8.896447674645961701e-02
9.795142557874295108e-02
8.518261903290047510e-02
8.870682574985636060e-02
8.699082913496217206e-02
8.389527230190373108e-02
8.088098491478179497e-02
8.237367546563731380e-02
8.060752260401081448e-02
7.440692346888751196e-02
7.458710235521458232e-02
7.745840544616751366e-02
6.933410770129817824e-02
7.123120103594872410e-02
7.201799128182337362e-02
6.784226023934310235e-02
6.764214480967685461e-02
7.246157635301400668e-02
6.726803032546466166e-02
6.314249368732025025e-02
5.620252332238407506e-02
6.403396500486581433e-02
5.495675324055459415e-02
5.097379455628982953e-02
5.117076566730808379e-02
6.080444751990011359e-02
5.234913634982466674e-02
5.327130425078122761e-02
5.041274381898717266e-02
4.916491668279643346e-02
4.671982899003286616e-02
4.612638449638143540e-02
4.890094132365727791e-02
4.352867817823946606e-02
4.157106509436241104e-02
3.984082012604444473e-02
4.817503456603559886e-02
4.026653496228835977e-02
3.805802095348352621e-02
3.897364291551948939e-02
3.321831305550966562e-02
3.740037111113538731e-02
3.999419792001519813e-02
3.264922909388827399e-02
2.773446057820695004e-02
2.767220842042186768e-02
2.697673636622562737e-02
3.173080313354786908e-02
2.581937034434466857e-02
2.600719754340743636e-02
2.472444070789909729e-02
2.228576104142438244e-02
2.228442083751434530e-02
2.533426264639385833e-02
2.052520728784949441e-02
1.845400336237090072e-02
2.129368430459267422e-02
2.287759333258563427e-02
1.810783611659808751e-02
1.829379994013747082e-02
1.697969986774749973e-02
2.215252646230205305e-02
1.725673184443940814e-02
2.180076400501211598e-02
1.419135119248841892e-02
1.059426521744890465e-02
7.789683032120566994e-03
3.864267193575003038e-03
5.353011148508037866e-03
1.456628815355512883e-02
2.305919562612600976e-02
2.189366576092402136e-02
1.763357586666416260e-02
9.279519859334638132e-03
1.299433636055033481e-02
1.225787950448637732e-02
3.630216146896222962e-03
3.301193284875879406e-03
2.433006173641234348e-03
4.746158429662074470e-03
2.877572303540086238e-02
3.077438762102862116e-02
1.764900655973636323e-02
8.662829179451561612e-03
1.205389218000289288e-02
1.466014516586698450e-02
3.354306372904188906e-03
2.879487209013955468e-03
1.646202294738022221e-03
1.358010894711492817e-03
1.348248419593710062e-03
1.283434344503670997e-03
1.256512240719840105e-03
1.242741714621373910e-03
1.247943090226703118e-03
1.182208213111816519e-03
1.202016535878509948e-03
1.116943785956987008e-03
1.095660196543816415e-03
1.111918935183303994e-03
1.095484889556644359e-03
1.031674321692133221e-03
1.119399987872349983e-03
7.160796720604686860e-02
2.825179590948550049e-02
2.252812333498204617e-02
1.259236295147295182e-02
