8.469945192337036133e-02
2.695924639701843262e-01
3.140243887901306152e-01
3.333333432674407959e-01
3.730407655239105225e-01
4.309764206409454346e-01
4.129032194614410400e-01
4.877192974090576172e-01
5.000000000000000000e-01
5.088339447975158691e-01
5.068027377128601074e-01
5.441696047782897949e-01
5.590277910232543945e-01
5.586206912994384766e-01
5.808581113815307617e-01
5.929824709892272949e-01
5.921052694320678711e-01
5.690789222717285156e-01
6.203389763832092285e-01
6.195651888847351074e-01
6.511628031730651855e-01
6.185566782951354980e-01
6.862068772315979004e-01
6.133333444595336914e-01
6.040268540382385254e-01
6.533333063125610352e-01
6.941580772399902344e-01
6.337579488754272461e-01
6.449511647224426270e-01
6.835442781448364258e-01
6.711409687995910645e-01
7.218543291091918945e-01
7.176079750061035156e-01
7.087378501892089844e-01
7.015873193740844727e-01
7.402597665786743164e-01
7.500000000000000000e-01
7.288135886192321777e-01
7.087378501892089844e-01
7.586206793785095215e-01
7.530487775802612305e-01
7.588424682617187500e-01
6.927710771560668945e-01
7.447447180747985840e-01
7.056962251663208008e-01
7.760252356529235840e-01
7.524116039276123047e-01
7.537993788719177246e-01
7.546584010124206543e-01
7.597597837448120117e-01
7.863501310348510742e-01
7.641791105270385742e-01
8.165137767791748047e-01
8.082596063613891602e-01
7.549296021461486816e-01
8.224852085113525391e-01
8.264706134796142578e-01
7.790368199348449707e-01
8.047337532043457031e-01
8.333333134651184082e-01
7.994186282157897949e-01
8.144044280052185059e-01
8.533724546432495117e-01
8.571428656578063965e-01
8.404558300971984863e-01
8.583106398582458496e-01
8.923512697219848633e-01
8.664849996566772461e-01
8.300835490226745605e-01
8.722826242446899414e-01
8.440860509872436523e-01
8.736559152603149414e-01
8.706199526786804199e-01
8.923884630203247070e-01
8.753315806388854980e-01
8.989361524581909180e-01
9.090909361839294434e-01
8.997361660003662109e-01
8.847118020057678223e-01
8.647214770317077637e-01
8.820512890815734863e-01
8.841309547424316406e-01
8.956742882728576660e-01
9.285714030265808105e-01
9.010152220726013184e-01
8.762376308441162109e-01
9.106699824333190918e-01
9.219512343406677246e-01
9.271844625473022461e-01
9.140811562538146973e-01
9.031476974487304688e-01
9.277108311653137207e-01
9.180722832679748535e-01
9.206730723381042480e-01
9.196217656135559082e-01
9.341176748275756836e-01
9.219858050346374512e-01
9.315068721771240234e-01
9.528301954269409180e-01
9.322429895401000977e-01
9.320843219757080078e-01
9.419953823089599609e-01
9.443155527114868164e-01
9.584295749664306641e-01
9.284064769744873047e-01
9.353348612785339355e-01
9.369158744812011719e-01
9.592760205268859863e-01
9.726651310920715332e-01
9.863636493682861328e-01
9.955752491950988770e-01
9.910112619400024414e-01
9.486607313156127930e-01
9.285714030265808105e-01
9.149425029754638672e-01
9.324324131011962891e-01
9.730337262153625488e-01
9.661399722099304199e-01
9.664429426193237305e-01
9.955947399139404297e-01
9.977875947952270508e-01
9.977924823760986328e-01
9.867549538612365723e-01
8.846153616905212402e-01
8.937644362449645996e-01
9.391891956329345703e-01
9.689579010009765625e-01
9.683257937431335449e-01
9.655172228813171387e-01
9.977875947952270508e-01
9.955947399139404297e-01
1.000000000000000000e+00
1.000000000000000000e+00
1.000000000000000000e+00
1.000000000000000000e+00
1.000000000000000000e+00
1.000000000000000000e+00
1.000000000000000000e+00
1.000000000000000000e+00
1.000000000000000000e+00
1.000000000000000000e+00
1.000000000000000000e+00
1.000000000000000000e+00
1.000000000000000000e+00
1.000000000000000000e+00
1.000000000000000000e+00
7.874395847320556641e-01
9.002320170402526855e-01
9.266055226325988770e-01
9.573033452033996582e-01
