6.828194111585617065e-02
1.894273161888122559e-01
2.268722504377365112e-01
2.334801703691482544e-01
2.621145248413085938e-01
2.819383144378662109e-01
2.819383144378662109e-01
3.061673939228057861e-01
3.281938433647155762e-01
3.171806037425994873e-01
3.281938433647155762e-01
3.392070531845092773e-01
3.546255528926849365e-01
3.568281829357147217e-01
3.876652121543884277e-01
3.722466826438903809e-01
3.964757621288299561e-01
3.810572624206542969e-01
4.030837118625640869e-01
3.766519725322723389e-01
4.317180514335632324e-01
3.964757621288299561e-01
4.383260011672973633e-01
4.052863419055938721e-01
3.964757621288299561e-01
4.317180514335632324e-01
4.449339210987091064e-01
4.383260011672973633e-01
4.361233413219451904e-01
4.757709205150604248e-01
4.405286312103271484e-01
4.801762104034423828e-01
4.757709205150604248e-01
4.823788404464721680e-01
4.867841303348541260e-01
5.022026300430297852e-01
5.088105797767639160e-01
4.735682904720306396e-01
4.823788404464721680e-01
5.330396294593811035e-01
5.440528392791748047e-01
5.198237895965576172e-01
5.066079497337341309e-01
5.462555289268493652e-01
4.911894202232360840e-01
5.418502092361450195e-01
5.154185295104980469e-01
5.462555289268493652e-01
5.352423191070556641e-01
5.572687387466430664e-01
5.837004184722900391e-01
5.638766288757324219e-01
5.881057381629943848e-01
6.035242080688476562e-01
5.903083682060241699e-01
6.123347878456115723e-01
6.189427375793457031e-01
6.057268977165222168e-01
5.991189479827880859e-01
6.167401075363159180e-01
6.057268977165222168e-01
6.475771069526672363e-01
6.409691572189331055e-01
6.740087866783142090e-01
6.497797369956970215e-01
6.938325762748718262e-01
6.938325762748718262e-01
7.004405260086059570e-01
6.563876867294311523e-01
7.070484757423400879e-01
6.916299462318420410e-01
7.158590555191040039e-01
7.114537358283996582e-01
7.488986849784851074e-01
7.268722653388977051e-01
7.444933652877807617e-01
7.488986849784851074e-01
7.511013150215148926e-01
7.775330543518066406e-01
7.180616855621337891e-01
7.577092647552490234e-01
7.731277346611022949e-01
7.753304243087768555e-01
8.017621040344238281e-01
7.819383144378662109e-01
7.797356843948364258e-01
8.083700537681579590e-01
8.325991034507751465e-01
8.414096832275390625e-01
8.436123132705688477e-01
8.215858936309814453e-01
8.480176329612731934e-01
8.392070531845092773e-01
8.436123132705688477e-01
8.568282127380371094e-01
8.744493126869201660e-01
8.590308427810668945e-01
8.986784219741821289e-01
8.898678421974182129e-01
8.788546323776245117e-01
8.766520023345947266e-01
8.942731022834777832e-01
8.964757919311523438e-01
9.140968918800354004e-01
8.854625821113586426e-01
8.920704722404479980e-01
8.832598924636840820e-01
9.339206814765930176e-01
9.405286312103271484e-01
9.559471607208251953e-01
9.911894202232360840e-01
9.713656306266784668e-01
9.361233711242675781e-01
8.876652121543884277e-01
8.766520023345947266e-01
9.118942618370056152e-01
9.537444710731506348e-01
9.427312612533569336e-01
9.515418410301208496e-01
9.955947399139404297e-01
9.933920502662658691e-01
9.955947399139404297e-01
9.845814704895019531e-01
8.612334728240966797e-01
8.524228930473327637e-01
9.185022115707397461e-01
9.625550508499145508e-01
9.427312612533569336e-01
9.251101613044738770e-01
9.933920502662658691e-01
9.955947399139404297e-01
1.000000000000000000e+00
1.000000000000000000e+00
1.000000000000000000e+00
1.000000000000000000e+00
1.000000000000000000e+00
1.000000000000000000e+00
1.000000000000000000e+00
1.000000000000000000e+00
1.000000000000000000e+00
1.000000000000000000e+00
1.000000000000000000e+00
1.000000000000000000e+00
1.000000000000000000e+00
1.000000000000000000e+00
1.000000000000000000e+00
7.180616855621337891e-01
8.546255230903625488e-01
8.898678421974182129e-01
9.383260011672973633e-01
