2.409959932689627674e-02
1.444761043238725062e-02
1.328724970189711953e-02
9.570047136522938716e-03
9.055213555434324726e-03
5.694603029572263379e-03
7.808465386898604844e-03
1.132085692203745574e-02
5.213389552557770069e-03
2.744189971263469134e-03
3.658596007135384801e-03
1.466939668135093695e-03
2.481572143130266785e-03
4.230289912313707143e-03
4.243785315054582168e-03
5.428523300806231688e-03
4.995496546493429814e-03
2.400390463841579371e-03
3.202422309750784825e-03
4.322506730824317127e-03
3.852567303922511174e-03
8.979730570237948011e-04
6.822393661957703876e-04
7.365593413983695555e-04
7.207058035182981005e-04
6.633705118032170349e-04
6.362984694500164974e-04
7.086211933602405699e-04
6.872983672377010016e-03
8.502008737700905705e-03
1.746179429023351614e-03
5.836776562797860515e-03
6.685923667070337202e-03
3.243840398720328026e-03
1.837201648962965509e-03
1.557175371754836819e-03
3.427903754301714779e-03
6.624825494792470869e-04
6.617194222400148282e-04
7.412386687644609848e-04
6.043118832482361142e-04
5.776936130087508567e-04
1.976604546238045108e-03
5.983709819288599886e-03
5.535073892535009171e-03
7.926043072227051400e-03
1.933196033743676129e-03
1.031046452440828598e-03
5.461752539356897959e-03
2.043702743764914780e-03
