8.999999761581420898e-01
9.072847962379455566e-01
8.645161390304565430e-01
9.319728016853332520e-01
9.527027010917663574e-01
9.399999976158142090e-01
9.602649211883544922e-01
9.798657894134521484e-01
8.961039185523986816e-01
9.605262875556945801e-01
9.864864945411682129e-01
9.932885766029357910e-01
1.000000000000000000e+00
9.607843160629272461e-01
9.530201554298400879e-01
9.470198750495910645e-01
9.602649211883544922e-01
9.735099077224731445e-01
9.671052694320678711e-01
9.470198750495910645e-01
9.933775067329406738e-01
9.533333182334899902e-01
9.673202633857727051e-01
9.866666793823242188e-01
9.668874144554138184e-01
9.934210777282714844e-01
9.738562107086181641e-01
9.933775067329406738e-01
9.735099077224731445e-01
9.803921580314636230e-01
9.869281053543090820e-01
9.597315192222595215e-01
9.350649118423461914e-01
9.599999785423278809e-01
9.868420958518981934e-01
9.802631735801696777e-01
1.000000000000000000e+00
1.000000000000000000e+00
1.000000000000000000e+00
1.000000000000000000e+00
1.000000000000000000e+00
1.000000000000000000e+00
1.000000000000000000e+00
1.000000000000000000e+00
1.000000000000000000e+00
1.000000000000000000e+00
1.000000000000000000e+00
9.673202633857727051e-01
9.205297827720642090e-01
9.155844449996948242e-01
