9.558823704719543457e-01
9.426934123039245605e-01
9.421965479850769043e-01
9.571428298950195312e-01
9.570200443267822266e-01
9.623188376426696777e-01
9.570200443267822266e-01
9.508670568466186523e-01
9.544159770011901855e-01
9.740633964538574219e-01
9.487179517745971680e-01
9.602272510528564453e-01
9.798850417137145996e-01
9.771428704261779785e-01
9.683908224105834961e-01
9.576271176338195801e-01
9.771428704261779785e-01
9.857954382896423340e-01
9.746478796005249023e-01
9.654178619384765625e-01
9.770773649215698242e-01
9.689265489578247070e-01
9.799426794052124023e-01
9.943342804908752441e-01
1.000000000000000000e+00
9.857142567634582520e-01
9.772727489471435547e-01
9.770773649215698242e-01
9.438202381134033203e-01
9.542857408523559570e-01
9.828571677207946777e-01
9.859154820442199707e-01
9.971751570701599121e-01
1.000000000000000000e+00
9.971830844879150391e-01
1.000000000000000000e+00
9.712643623352050781e-01
9.147727489471435547e-01
9.715099930763244629e-01
9.886685609817504883e-01
9.971751570701599121e-01
1.000000000000000000e+00
9.716714024543762207e-01
9.886685609817504883e-01
9.943661689758300781e-01
9.575070738792419434e-01
9.522472023963928223e-01
9.942693114280700684e-01
9.943342804908752441e-01
9.971671104431152344e-01
