4.497807248087120069e-01
1.386912448010468590e-01
1.278881900810563965e-01
9.593589848220025751e-02
9.686660272201086386e-02
8.699190125664536810e-02
8.191746824809219285e-02
7.616441970300692754e-02
7.827626121765592082e-02
6.948049794032605531e-02
6.775053174934318745e-02
6.345614265399852905e-02
6.927000637881440548e-02
6.470807506620007699e-02
5.421824113099223130e-02
6.089758636877920517e-02
5.690586568509665988e-02
5.801796988920471937e-02
5.665142811857860894e-02
5.172715997733953741e-02
4.445162026120864224e-02
5.528739610671051796e-02
5.543657914610768123e-02
4.972315565391233899e-02
4.252434517303733952e-02
4.116836319802140431e-02
4.091489559135991216e-02
3.752942789311405902e-02
3.922533709483836534e-02
3.712376054990042945e-02
3.653306472968750884e-02
3.676561013797596117e-02
3.539807794288619275e-02
3.973071609983150343e-02
3.334915685508477862e-02
2.747932127197917629e-02
3.714902416931872842e-02
2.938792121013927491e-02
3.101823921189322819e-02
2.923073540949489707e-02
2.805202370559924802e-02
2.286285767007593256e-02
2.284534530330965124e-02
2.078072656283107625e-02
2.187659787064546307e-02
2.204755887825672958e-02
2.645433820317350318e-02
2.122522158042599097e-02
1.835807758129193862e-02
2.101235237434990327e-02
2.087754089088515383e-02
1.818889059120614923e-02
1.928296999837295772e-02
1.670261307231281009e-02
2.208414424768283951e-02
1.395079067908947673e-02
1.670583728477589153e-02
1.933540917690973124e-02
1.507961768865850351e-02
1.384256178137182984e-02
2.119254490341890285e-02
1.341557056965034071e-02
1.382796176113562821e-02
1.242719350522420059e-02
1.241429411710368892e-02
1.037135386799173387e-02
1.358760820290438182e-02
1.097338583607771097e-02
1.883512926763334164e-02
9.997722351734870949e-03
1.082955682592585955e-02
7.670249370750031014e-03
8.853443214174271103e-03
1.126810170606366499e-02
8.166109856393847719e-03
7.422078540944836156e-03
8.244363614844197469e-03
1.046713116727855837e-02
8.566320788083571156e-03
6.426828217599756671e-03
8.161963109857613835e-03
1.004553064869605911e-02
6.974784227891927049e-03
1.219001472769168197e-02
8.195110969101377513e-03
6.589710487705372106e-03
6.206545606219517237e-03
6.271741185510172276e-03
6.826625274723339791e-03
1.466406066217715472e-02
1.001096127247934862e-02
5.341753480654880780e-03
6.533407841716177417e-03
1.700110060064884132e-02
1.126773677473168894e-02
3.870078951983992824e-03
3.571086350507164317e-03
2.357805998148130265e-03
7.251476086222344124e-03
5.549256852809959610e-03
3.296028073208675992e-03
3.141010931548240959e-03
6.982043724397610750e-03
4.674357580156436424e-03
5.527686906261088280e-03
8.227081683429055339e-03
4.134948678172069986e-03
2.959169263390381763e-03
4.239312896025291579e-03
1.123036849200840723e-02
7.430746370230708296e-03
5.770781744154110729e-03
3.430569545875108203e-03
9.109532530797674957e-03
6.409724071018300072e-03
6.771246661800870911e-03
9.053105106850983450e-03
2.685648976369240347e-03
2.034201255941162599e-03
1.268420708135248711e-03
1.266092436272169778e-03
1.203652240273997247e-03
1.208772804848820938e-03
1.161030604419775909e-03
6.494219667888307887e-03
1.227142350360670500e-02
8.867801037600460748e-03
3.547083845845375432e-03
1.402347665724876756e-02
2.925402842633489583e-03
3.291899443075366367e-03
2.154798471287457714e-03
1.250283571668919921e-03
1.440088837897320062e-03
3.158097120188464550e-03
1.070443709132067869e-03
9.683314542489937895e-04
9.526909965184810836e-04
9.341494698683915944e-04
9.118818993714752083e-04
3.906329458274022080e-03
1.856487255072767142e-02
8.621085507180095350e-03
3.788431344679156834e-03
4.151692535448747202e-03
4.623853935365265094e-03
3.004918143776953536e-03
5.347199343492068518e-03
1.355441515308740755e-03
8.736918892852576363e-04
