4.175821570171395214e-02
2.905519320058106564e-02
2.367980556927097580e-02
1.226492162043639998e-02
2.030936612681378747e-02
2.055614120813675436e-02
1.475550711950087551e-02
1.488185425472537265e-02
1.212451613117155984e-02
9.304938144413570089e-03
1.369044567724111115e-02
1.463962297947178810e-02
1.307986133988450761e-02
1.040153354937344878e-02
1.156038242926846031e-02
1.327348423063948353e-02
1.615537182966353055e-02
1.284655067973395313e-02
3.173064288680237793e-02
8.359436405938919235e-03
1.047113818983671368e-02
7.716900757441143288e-03
3.931189060863592676e-03
5.852840037613819824e-03
3.802147387043806372e-03
1.350107636252084915e-02
2.274046408676862890e-02
1.285605936070337643e-02
3.923816798231343113e-03
5.216580921346977186e-03
1.320961212618115659e-02
9.045228091450819782e-03
2.300534838040915742e-02
6.017216539030008707e-03
4.017721932327912061e-03
1.077246870737074910e-02
5.114089625326038828e-03
6.079828328050195310e-03
1.231577639397644051e-02
8.983142778953597321e-03
3.359290823428723663e-03
7.668449296383353549e-03
3.974275257474771741e-03
1.281491667602007237e-02
1.674651381724009958e-02
3.936723619666172153e-03
6.209155479859044049e-03
6.175537033936634793e-03
6.424032397352404979e-03
1.390333546663522109e-02
