8.971428275108337402e-01
9.208211302757263184e-01
9.300291538238525391e-01
9.634831547737121582e-01
9.423630833625793457e-01
9.398280978202819824e-01
9.510086178779602051e-01
9.541547298431396484e-01
9.626436829566955566e-01
9.770773649215698242e-01
9.544159770011901855e-01
9.492957592010498047e-01
9.604519605636596680e-01
9.690141081809997559e-01
9.631727933883666992e-01
9.517045617103576660e-01
9.626436829566955566e-01
9.573863744735717773e-01
8.825215101242065430e-01
9.800570011138916016e-01
9.526462554931640625e-01
9.803370833396911621e-01
9.888579249382019043e-01
9.887640476226806641e-01
9.916201233863830566e-01
9.545454382896423340e-01
9.232954382896423340e-01
9.491525292396545410e-01
1.000000000000000000e+00
9.832402467727661133e-01
9.467787146568298340e-01
9.719101190567016602e-01
9.365994334220886230e-01
9.858757257461547852e-01
9.860724210739135742e-01
9.661017060279846191e-01
9.805555343627929688e-01
9.831932783126831055e-01
9.545454382896423340e-01
9.610027670860290527e-01
9.944134354591369629e-01
9.748603105545043945e-01
9.887640476226806641e-01
9.556786417961120605e-01
9.544159770011901855e-01
9.915730357170104980e-01
9.775910377502441406e-01
9.775910377502441406e-01
9.722222089767456055e-01
9.601139426231384277e-01
