8.722222447395324707e-01
8.722222447395324707e-01
8.861111402511596680e-01
9.527778029441833496e-01
9.083333611488342285e-01
9.111111164093017578e-01
9.166666865348815918e-01
9.250000119209289551e-01
9.305555820465087891e-01
9.472222328186035156e-01
9.305555820465087891e-01
9.361110925674438477e-01
9.444444179534912109e-01
9.555555582046508789e-01
9.444444179534912109e-01
9.305555820465087891e-01
9.305555820465087891e-01
9.361110925674438477e-01
8.555555343627929688e-01
9.555555582046508789e-01
9.499999880790710449e-01
9.694444537162780762e-01
9.861111044883728027e-01
9.777777791023254395e-01
9.861111044883728027e-01
9.333333373069763184e-01
9.027777910232543945e-01
9.333333373069763184e-01
9.777777791023254395e-01
9.777777791023254395e-01
9.388889074325561523e-01
9.611111283302307129e-01
9.027777910232543945e-01
9.694444537162780762e-01
9.833333492279052734e-01
9.499999880790710449e-01
9.805555343627929688e-01
9.750000238418579102e-01
9.333333373069763184e-01
9.583333134651184082e-01
9.888888597488403320e-01
9.694444537162780762e-01
9.777777791023254395e-01
9.583333134651184082e-01
9.305555820465087891e-01
9.805555343627929688e-01
9.694444537162780762e-01
9.694444537162780762e-01
9.722222089767456055e-01
9.361110925674438477e-01
