1.160870931895267855e-02
1.070952377298234511e-02
1.027183625035817983e-02
9.325941861643375491e-03
6.296303279589307057e-03
9.518941499500032863e-03
7.599352626501379611e-03
7.898086780025615622e-03
6.711814066975347118e-03
5.132486801036398143e-03
5.564273112891841497e-03
4.939462027132431217e-03
6.438145337889386761e-03
5.533886763631513939e-03
5.482548718531103822e-03
3.948286077496085573e-03
3.439340007854316955e-03
3.290276857963631094e-03
5.256622615039330954e-03
5.269051167372901419e-03
3.902301476662726164e-03
3.082269162043559455e-03
5.444221129730417337e-03
4.604309246864381373e-03
6.952796466862420054e-03
3.982398138163056357e-03
5.091146667194940308e-03
3.766575230535086985e-03
6.160520361819760843e-03
4.413190492471878376e-03
4.567804531601285523e-03
3.914021000967437235e-03
3.453602985781745356e-03
2.185735665869016024e-03
2.538031221172290172e-03
3.022697566871544034e-03
3.663505062106395174e-03
2.400458866777746645e-03
2.813371668892694979e-03
1.233972015225092951e-03
1.784743680397320826e-03
3.563581942189530949e-03
1.486200638212435178e-03
2.547243264179947699e-03
3.855961141363120626e-03
1.504038141054870768e-03
2.700387642625482615e-03
5.393904429480583622e-03
2.220336710890479567e-03
1.309206647941947100e-03
