0.000000000000000000e+00
3.521126881241798401e-02
0.000000000000000000e+00
2.127659507095813751e-02
5.714285746216773987e-02
4.347826167941093445e-02
4.411764815449714661e-02
6.896551698446273804e-02
1.403508782386779785e-01
1.269841343164443970e-01
1.692307740449905396e-01
2.545454502105712891e-01
2.535211145877838135e-01
2.500000000000000000e-01
2.345678955316543579e-01
4.242424368858337402e-01
2.676056325435638428e-01
3.095238208770751953e-01
3.750000000000000000e-01
3.617021143436431885e-01
3.218390941619873047e-01
4.482758641242980957e-01
4.431818127632141113e-01
4.270833432674407959e-01
4.842105209827423096e-01
4.607843160629272461e-01
4.803921580314636230e-01
4.727272689342498779e-01
5.247524976730346680e-01
5.309734344482421875e-01
5.140187144279479980e-01
4.913793206214904785e-01
5.526315569877624512e-01
5.847457647323608398e-01
6.428571343421936035e-01
6.696428656578063965e-01
5.983606576919555664e-01
5.833333134651184082e-01
6.076923012733459473e-01
6.250000000000000000e-01
6.048387289047241211e-01
6.153846383094787598e-01
6.323529481887817383e-01
6.488549709320068359e-01
6.470588445663452148e-01
6.838235259056091309e-01
7.028985619544982910e-01
7.132353186607360840e-01
7.132353186607360840e-01
6.363636255264282227e-01
7.034482955932617188e-01
7.394366264343261719e-01
6.999999880790710449e-01
7.591241002082824707e-01
6.602563858032226562e-01
6.993864774703979492e-01
7.278911471366882324e-01
7.546012401580810547e-01
7.763158082962036133e-01
7.434210777282714844e-01
7.465753555297851562e-01
7.843137383460998535e-01
7.972972989082336426e-01
7.564102411270141602e-01
8.299319744110107422e-01
7.361963391304016113e-01
7.806451320648193359e-01
7.439024448394775391e-01
7.636363506317138672e-01
7.812500000000000000e-01
8.157894611358642578e-01
8.117647171020507812e-01
8.048780560493469238e-01
8.456789851188659668e-01
7.921348214149475098e-01
8.439306616783142090e-01
7.836257219314575195e-01
8.125000000000000000e-01
8.622754216194152832e-01
8.588235378265380859e-01
7.795698642730712891e-01
8.793103694915771484e-01
8.538011908531188965e-01
8.720930218696594238e-01
8.448275923728942871e-01
8.181818127632141113e-01
8.087431788444519043e-01
8.388888835906982422e-01
8.633880019187927246e-01
8.636363744735717773e-01
8.432432413101196289e-01
8.835979104042053223e-01
8.473684191703796387e-01
8.643215894699096680e-01
8.383838534355163574e-01
8.789473772048950195e-01
8.494623899459838867e-01
8.489583134651184082e-01
9.226804375648498535e-01
9.137055873870849609e-01
9.025641083717346191e-01
8.928571343421936035e-01
7.989417910575866699e-01
8.878048658370971680e-01
9.187816977500915527e-01
8.926829099655151367e-01
9.029126167297363281e-01
9.417475461959838867e-01
8.949999809265136719e-01
8.660287261009216309e-01
9.521530866622924805e-01
8.829268217086791992e-01
8.932038545608520508e-01
9.120370149612426758e-01
8.774510025978088379e-01
9.074074029922485352e-01
9.245283007621765137e-01
9.526066184043884277e-01
8.862559199333190918e-01
9.348837137222290039e-01
8.947368264198303223e-01
9.292452931404113770e-01
9.526066184043884277e-01
9.227272868156433105e-01
9.112149477005004883e-01
9.241706132888793945e-01
9.590908885002136230e-01
9.549549818038940430e-01
9.674418568611145020e-01
8.457943797111511230e-01
9.629629850387573242e-01
9.555555582046508789e-01
9.545454382896423340e-01
9.009433984756469727e-01
9.769585132598876953e-01
9.351851940155029297e-01
9.636363387107849121e-01
9.541284441947937012e-01
9.154929518699645996e-01
9.216589927673339844e-01
9.590908885002136230e-01
8.868778347969055176e-01
9.551569223403930664e-01
9.599999785423278809e-01
9.377777576446533203e-01
9.686098694801330566e-01
9.823008775711059570e-01
9.013453125953674316e-01
9.216589927673339844e-01
9.200000166893005371e-01
