0.000000000000000000e+00
2.192982472479343414e-02
0.000000000000000000e+00
8.771929889917373657e-03
1.754385977983474731e-02
1.315789483487606049e-02
1.315789483487606049e-02
1.754385977983474731e-02
3.508771955966949463e-02
3.508771955966949463e-02
4.824561253190040588e-02
6.140350922942161560e-02
7.894736528396606445e-02
6.578947603702545166e-02
8.333333581686019897e-02
1.228070184588432312e-01
8.333333581686019897e-02
1.140350848436355591e-01
1.447368413209915161e-01
1.491228044033050537e-01
1.228070184588432312e-01
1.710526347160339355e-01
1.710526347160339355e-01
1.798245608806610107e-01
2.017543911933898926e-01
2.061403542757034302e-01
2.149122804403305054e-01
2.280701696872711182e-01
2.324561476707458496e-01
2.631579041481018066e-01
2.412280738353729248e-01
2.500000000000000000e-01
2.763157784938812256e-01
3.026315867900848389e-01
3.157894611358642578e-01
3.289473652839660645e-01
3.201754391193389893e-01
3.070175349712371826e-01
3.464912176132202148e-01
3.728070259094238281e-01
3.289473652839660645e-01
3.859649002552032471e-01
3.771929740905761719e-01
3.728070259094238281e-01
3.859649002552032471e-01
4.078947305679321289e-01
4.254385828971862793e-01
4.254385828971862793e-01
4.254385828971862793e-01
3.991228044033050537e-01
4.473684132099151611e-01
4.605263173580169678e-01
4.298245608806610107e-01
4.561403393745422363e-01
4.517543911933898926e-01
5.000000000000000000e-01
4.692982435226440430e-01
5.394737124443054199e-01
5.175438523292541504e-01
4.956140220165252686e-01
4.780701696872711182e-01
5.263158082962036133e-01
5.175438523292541504e-01
5.175438523292541504e-01
5.350877046585083008e-01
5.263158082962036133e-01
5.307017564773559570e-01
5.350877046585083008e-01
5.526315569877624512e-01
5.482456088066101074e-01
5.438596606254577637e-01
6.052631735801696777e-01
5.789473652839660645e-01
6.008771657943725586e-01
6.184210777282714844e-01
6.403508782386779785e-01
5.877193212509155273e-01
6.271929740905761719e-01
6.315789222717285156e-01
6.403508782386779785e-01
6.359649300575256348e-01
6.710526347160339355e-01
6.403508782386779785e-01
6.578947305679321289e-01
6.447368264198303223e-01
6.710526347160339355e-01
6.491228342056274414e-01
6.622806787490844727e-01
6.929824352264404297e-01
6.666666865348815918e-01
6.842105388641357422e-01
7.324561476707458496e-01
7.061403393745422363e-01
7.543859481811523438e-01
7.280701994895935059e-01
7.324561476707458496e-01
6.929824352264404297e-01
7.149122953414916992e-01
7.850877046585083008e-01
7.894737124443054199e-01
7.719298005104064941e-01
7.675438523292541504e-01
6.622806787490844727e-01
7.982456088066101074e-01
7.938596606254577637e-01
8.026315569877624512e-01
8.157894611358642578e-01
8.508771657943725586e-01
7.850877046585083008e-01
7.938596606254577637e-01
8.728070259094238281e-01
7.938596606254577637e-01
8.070175647735595703e-01
8.640350699424743652e-01
7.850877046585083008e-01
8.596491217613220215e-01
8.596491217613220215e-01
8.815789222717285156e-01
8.201754093170166016e-01
8.815789222717285156e-01
8.201754093170166016e-01
8.640350699424743652e-01
8.815789222717285156e-01
8.903508782386779785e-01
8.552631735801696777e-01
8.552631735801696777e-01
9.254385828971862793e-01
9.298245906829833984e-01
9.122806787490844727e-01
7.938596606254577637e-01
9.122806787490844727e-01
9.429824352264404297e-01
9.210526347160339355e-01
8.377193212509155273e-01
9.298245906829833984e-01
8.859649300575256348e-01
9.298245906829833984e-01
9.122806787490844727e-01
8.552631735801696777e-01
8.771929740905761719e-01
9.254385828971862793e-01
8.596491217613220215e-01
9.342105388641357422e-01
9.473684430122375488e-01
9.254385828971862793e-01
9.473684430122375488e-01
9.736841917037963867e-01
8.815789222717285156e-01
8.771929740905761719e-01
9.078947305679321289e-01
