4.631139468819432947e-01
1.638336559759030753e-01
1.374815372031323313e-01
9.028326376857724600e-02
8.144709630383140109e-02
7.947693107403347446e-02
7.383564435815681559e-02
6.069494488851469305e-02
7.577010023005001371e-02
7.536176327624619087e-02
6.860417856533031211e-02
6.971369218297319981e-02
5.675818735542033366e-02
5.332932932977978852e-02
5.304944826821578197e-02
5.137003993807102986e-02
5.416160357765974209e-02
4.964895907152740845e-02
4.702836742994864760e-02
5.001324406059347999e-02
4.578325910636347335e-02
4.682191290474177481e-02
4.364529747101035528e-02
4.292170874261616587e-02
3.933915693445415307e-02
4.905307498938430572e-02
4.524926462607588989e-02
4.455029253602281469e-02
3.723463531488470368e-02
3.044780441368976839e-02
3.323054567198373277e-02
3.154162642504942243e-02
3.547335630289962655e-02
3.559945458841595745e-02
3.061418509008528507e-02
3.002754189160473236e-02
2.490722904902323287e-02
2.485383433064378145e-02
3.132403849668034118e-02
2.462423741471739605e-02
2.683655562258144625e-02
2.667755137823597106e-02
2.810745973972645501e-02
2.073800094045370052e-02
1.830072973675489836e-02
2.113648512374036517e-02
2.184467800451357633e-02
1.713141070697557500e-02
1.637934125982922276e-02
1.995469011223751851e-02
1.917647806227449139e-02
1.549634899315982528e-02
2.053784571907843817e-02
1.702679746855577728e-02
1.309095949261562288e-02
1.973447557149796486e-02
1.328077515924301968e-02
1.958485458216184180e-02
1.553656820896422326e-02
1.899916300195725327e-02
1.032667562447643975e-02
1.086546255279928833e-02
8.693499218352709543e-03
1.003459919955687965e-02
1.132077724137685662e-02
1.553664067907767343e-02
1.848988557682420750e-02
1.209919851659368648e-02
1.278262046019547349e-02
1.119665081856940914e-02
1.322120192373561764e-02
7.451673449764038316e-03
1.204576695749171728e-02
8.640011400308485537e-03
5.496971244719930753e-03
5.045487949507971789e-03
7.245050168618536943e-03
1.053357005932520352e-02
2.140465625385305076e-02
1.553036814464770453e-02
1.218880356087047485e-02
4.782539164454424618e-03
4.364863375514423452e-03
8.532845573276512038e-03
8.103685926578287416e-03
6.002016330594506406e-03
9.636982936521577836e-03
5.988567664913907983e-03
3.546495419874360743e-03
4.280713735809528117e-03
7.163039299681759828e-03
1.870395401719603112e-02
9.645514344877209253e-03
8.349601163155034519e-03
2.379541663753339826e-03
2.590447552617400253e-03
2.064354563663495234e-02
9.508992464635275532e-03
8.720696164037216105e-03
3.792715597248075103e-03
2.448629847189666420e-03
2.740489743752239516e-03
2.618857429630057701e-03
2.837004452441046175e-03
1.170063156219327584e-02
4.855521191999155085e-03
3.286050431997920938e-03
7.502525447102873293e-03
1.223477492030070404e-02
1.410492993866029401e-02
6.578780106742047711e-03
4.429846119685912527e-03
4.257914511798768960e-03
2.355232612879576588e-03
4.714497039580756860e-03
2.794570760435531945e-03
5.872530881056168932e-03
5.222318398590471492e-03
5.547261798872460750e-03
5.739854057359077520e-03
9.824044726322976248e-03
3.939091563239197936e-03
1.263263606409090710e-02
7.153463117023447018e-03
4.036364116225527217e-03
5.456964948847717323e-03
5.276762351609063859e-03
4.635573669472869106e-03
5.196677876239511745e-03
5.347882275835503726e-03
3.754626218213685893e-03
2.351751903969468739e-03
3.994110769560532855e-03
6.867227408702198006e-03
3.917183519675261454e-03
6.007035866657766364e-03
7.018258217837422021e-03
4.803021809004091348e-03
2.246425376898174807e-03
3.161895033659965076e-03
1.449835899790888729e-03
5.016726263231912827e-03
4.294398289363995924e-03
2.075823090991404159e-03
5.883164324618339776e-03
3.549266976523317643e-03
8.462254447417372899e-03
4.589714759230405922e-03
2.088979929210207399e-03
4.736200010757648550e-03
