3.731343150138854980e-02
1.573033779859542847e-01
1.886792480945587158e-01
3.956044018268585205e-01
5.111111402511596680e-01
4.622641503810882568e-01
4.684684574604034424e-01
5.918367505073547363e-01
5.049505233764648438e-01
5.225225090980529785e-01
5.940594077110290527e-01
5.833333134651184082e-01
6.153846383094787598e-01
6.237623691558837891e-01
6.800000071525573730e-01
6.534653306007385254e-01
6.074766516685485840e-01
6.285714507102966309e-01
6.923077106475830078e-01
6.972476840019226074e-01
6.504854559898376465e-01
6.296296119689941406e-01
6.576576828956604004e-01
6.666666865348815918e-01
6.991150379180908203e-01
6.415094137191772461e-01
6.796116232872009277e-01
6.818181872367858887e-01
7.064220309257507324e-01
7.452830076217651367e-01
7.454545497894287109e-01
7.714285850524902344e-01
7.500000000000000000e-01
8.130841255187988281e-01
8.173077106475830078e-01
7.641509175300598145e-01
8.392857313156127930e-01
8.288288116455078125e-01
7.327586412429809570e-01
8.425925970077514648e-01
8.000000119209289551e-01
8.113207817077636719e-01
7.678571343421936035e-01
8.532109856605529785e-01
9.009009003639221191e-01
8.737863898277282715e-01
8.260869383811950684e-01
8.571428656578063965e-01
8.947368264198303223e-01
8.468468189239501953e-01
8.333333134651184082e-01
8.990825414657592773e-01
8.205128312110900879e-01
8.796296119689941406e-01
9.107142686843872070e-01
8.407079577445983887e-01
9.210526347160339355e-01
8.318583965301513672e-01
8.849557638168334961e-01
8.173912763595581055e-01
9.043478369712829590e-01
9.115044474601745605e-01
9.396551847457885742e-01
9.043478369712829590e-01
9.145299196243286133e-01
8.947368264198303223e-01
8.220338821411132812e-01
9.043478369712829590e-01
9.203540086746215820e-01
9.115044474601745605e-01
8.898305296897888184e-01
9.159663915634155273e-01
8.888888955116271973e-01
9.316239356994628906e-01
9.827586412429809570e-01
9.827586412429809570e-01
9.565217494964599609e-01
9.310345053672790527e-01
8.534482717514038086e-01
8.596491217613220215e-01
9.017857313156127930e-01
9.741379022598266602e-01
9.741379022598266602e-01
9.391304254531860352e-01
9.396551847457885742e-01
9.655172228813171387e-01
9.043478369712829590e-01
9.646017551422119141e-01
9.914529919624328613e-01
9.745762944221496582e-01
9.401709437370300293e-01
8.793103694915771484e-01
9.279279112815856934e-01
9.561403393745422363e-01
1.000000000000000000e+00
1.000000000000000000e+00
8.448275923728942871e-01
9.130434989929199219e-01
9.646017551422119141e-01
9.661017060279846191e-01
9.913793206214904785e-01
9.830508232116699219e-01
9.829059839248657227e-01
9.829059839248657227e-01
8.813559412956237793e-01
9.649122953414916992e-01
9.827586412429809570e-01
9.230769276618957520e-01
9.051724076271057129e-01
8.879310488700866699e-01
9.401709437370300293e-01
9.739130139350891113e-01
9.741379022598266602e-01
9.829059839248657227e-01
9.576271176338195801e-01
9.666666388511657715e-01
9.482758641242980957e-01
9.655172228813171387e-01
9.491525292396545410e-01
9.487179517745971680e-01
9.230769276618957520e-01
9.739130139350891113e-01
9.043478369712829590e-01
9.230769276618957520e-01
9.741379022598266602e-01
9.478260874748229980e-01
9.487179517745971680e-01
9.652174115180969238e-01
9.741379022598266602e-01
9.739130139350891113e-01
9.741379022598266602e-01
9.830508232116699219e-01
9.658119678497314453e-01
9.557521939277648926e-01
9.579831957817077637e-01
9.478260874748229980e-01
9.482758641242980957e-01
9.572649598121643066e-01
9.827586412429809570e-01
9.829059839248657227e-01
9.914529919624328613e-01
9.736841917037963867e-01
9.576271176338195801e-01
9.830508232116699219e-01
9.561403393745422363e-01
9.658119678497314453e-01
9.322034120559692383e-01
9.652174115180969238e-01
9.829059839248657227e-01
9.655172228813171387e-01
