2.146307660204812839e-01
1.238504570764068086e-01
8.119246133150098688e-02
7.498166388317031861e-02
6.587368920330197164e-02
7.133723692846040410e-02
5.646802341221195815e-02
5.691302580973572889e-02
6.007212748475897202e-02
5.873125382430408048e-02
5.943691434319961497e-02
5.294257040695220240e-02
4.568678258190022462e-02
4.184009857354750728e-02
3.967630895746371983e-02
4.595414301623969994e-02
4.105733780151453460e-02
3.959146805672293656e-02
3.841008454682240392e-02
3.391529222819248540e-02
3.806077953995611052e-02
3.458104143387365215e-02
3.471538059309712404e-02
3.632201954336334443e-02
4.018804711942998431e-02
3.130016862346350626e-02
3.572130904512080957e-02
3.162964320491656878e-02
2.889638755770150905e-02
2.732804149809910793e-02
2.472718798159999690e-02
2.545755968212343873e-02
3.240070254624765472e-02
2.428946854893841364e-02
2.227268315857450567e-02
2.523373836566451464e-02
2.296335696641064669e-02
1.893226853633055845e-02
1.939341048756866581e-02
2.290821244561294309e-02
1.806994679305422985e-02
2.461291586242656676e-02
1.886397486837827070e-02
1.625778847312798342e-02
1.560162015587713766e-02
1.816174676116017253e-02
1.195228529110124553e-02
1.684410768911841910e-02
2.160855590589834396e-02
1.162788312599835096e-02
9.151698135873857082e-03
1.166612825090640460e-02
1.702829721698512905e-02
2.658643809918599318e-02
1.373200742412597659e-02
1.205913613068497307e-02
1.319581246232557660e-02
1.214095695363465698e-02
1.221876251687744469e-02
1.150270533868257873e-02
1.174051289274504958e-02
1.169401184243005348e-02
1.311268696341049908e-02
1.311691203864099632e-02
5.175087970990488624e-03
1.060495024859582636e-02
1.089152003503753886e-02
6.806446647391080698e-03
1.769059869098460469e-02
6.532276173864836645e-03
7.118256438137460229e-03
6.468920880958886968e-03
9.222422741038028768e-03
4.503060179983668296e-03
5.861758447503592241e-03
7.062057477954345429e-03
1.355075540578558856e-02
9.198318610482108040e-03
4.146642912372267009e-03
1.137274320504562571e-02
1.096486365199319558e-02
7.395814344350303167e-03
1.137231825184644579e-02
7.435131474482349449e-03
5.429099593383576380e-03
6.775660246750375530e-03
5.123147159873897745e-03
6.065535582461569798e-03
8.699485221362693657e-03
2.847470250917052709e-03
3.435537737649443923e-03
9.685718067449914856e-03
8.569008904478274749e-03
8.100620776520031652e-03
6.876719213661299478e-03
6.711603529111691974e-03
2.670182484365590716e-03
2.085176785332449462e-03
4.130074961888131717e-03
4.793969046019092538e-03
1.470708029212506457e-02
4.952970875084273389e-03
2.984396717349054561e-03
9.214820825204552562e-03
9.098967506221805265e-03
6.384264324915617586e-03
3.730832716779263446e-03
3.110812230385718875e-03
2.592516492289467442e-03
3.354532489832562879e-03
2.754853074442471534e-03
4.061852271988417376e-03
1.602868010395848376e-03
3.324746807182909440e-03
3.769184554201728855e-03
5.522123511577397940e-03
2.536069622815407404e-02
1.020659808955772657e-02
3.818172735845625637e-03
1.569668572591956246e-03
5.489713173108975303e-03
2.224416057316316950e-03
3.427444241147946640e-03
1.915528892401868006e-03
1.185253957860540495e-03
1.279113756522265530e-03
3.000956808043282395e-03
2.746857461258077424e-03
8.627620669714213680e-03
1.443113650811860557e-03
2.724630817409377185e-03
5.382938094824993649e-03
5.898710701482086545e-03
9.973541943663235057e-03
4.444010594729348208e-03
5.951848492056580411e-03
3.534438798732750069e-03
3.282456107225847994e-03
1.157579785031003687e-03
1.385163134957929400e-03
5.044954131596505326e-03
1.349342695632927899e-03
1.973098682975057971e-03
1.104360308805343686e-03
8.743145191222313718e-04
8.887528294729096605e-04
4.781227739101415360e-03
5.320530001949936270e-03
6.699424389217118435e-03
4.935657602647709925e-03
