1.507936567068099976e-01
3.174603283405303955e-01
4.920634925365447998e-01
5.476190447807312012e-01
5.396825671195983887e-01
5.555555820465087891e-01
6.111111044883728027e-01
5.555555820465087891e-01
5.952380895614624023e-01
6.031746268272399902e-01
5.952380895614624023e-01
6.269841194152832031e-01
6.349206566810607910e-01
7.063491940498352051e-01
6.904761791229248047e-01
6.984127163887023926e-01
7.063491940498352051e-01
7.222222089767456055e-01
6.984127163887023926e-01
7.301587462425231934e-01
7.142857313156127930e-01
7.063491940498352051e-01
7.222222089767456055e-01
6.825397014617919922e-01
6.984127163887023926e-01
7.460317611694335938e-01
7.380952239036560059e-01
7.222222089767456055e-01
7.539682388305664062e-01
7.698412537574768066e-01
7.857142686843872070e-01
7.698412537574768066e-01
7.142857313156127930e-01
7.777777910232543945e-01
8.095238208770751953e-01
7.777777910232543945e-01
7.857142686843872070e-01
8.571428656578063965e-01
8.333333134651184082e-01
8.174602985382080078e-01
8.333333134651184082e-01
7.619047760963439941e-01
8.174602985382080078e-01
8.492063283920288086e-01
8.650793433189392090e-01
8.650793433189392090e-01
9.047619104385375977e-01
8.571428656578063965e-01
7.777777910232543945e-01
9.047619104385375977e-01
9.444444179534912109e-01
9.126983880996704102e-01
8.492063283920288086e-01
7.460317611694335938e-01
8.730158805847167969e-01
8.968253731727600098e-01
8.809523582458496094e-01
8.809523582458496094e-01
9.047619104385375977e-01
9.047619104385375977e-01
9.047619104385375977e-01
9.047619104385375977e-01
8.730158805847167969e-01
8.968253731727600098e-01
9.682539701461791992e-01
9.047619104385375977e-01
9.126983880996704102e-01
9.523809552192687988e-01
8.095238208770751953e-01
9.682539701461791992e-01
9.523809552192687988e-01
9.365079402923583984e-01
9.365079402923583984e-01
9.682539701461791992e-01
9.603174328804016113e-01
9.365079402923583984e-01
8.730158805847167969e-01
8.968253731727600098e-01
9.603174328804016113e-01
8.730158805847167969e-01
8.968253731727600098e-01
9.206349253654479980e-01
8.809523582458496094e-01
9.285714030265808105e-01
9.603174328804016113e-01
9.206349253654479980e-01
9.365079402923583984e-01
9.365079402923583984e-01
8.968253731727600098e-01
9.920634627342224121e-01
9.682539701461791992e-01
9.047619104385375977e-01
9.126983880996704102e-01
9.126983880996704102e-01
9.523809552192687988e-01
9.285714030265808105e-01
9.841269850730895996e-01
9.920634627342224121e-01
9.682539701461791992e-01
9.444444179534912109e-01
8.809523582458496094e-01
9.444444179534912109e-01
9.682539701461791992e-01
9.126983880996704102e-01
9.126983880996704102e-01
9.126983880996704102e-01
9.603174328804016113e-01
9.603174328804016113e-01
9.761904478073120117e-01
9.603174328804016113e-01
9.761904478073120117e-01
9.523809552192687988e-01
9.920634627342224121e-01
9.761904478073120117e-01
9.603174328804016113e-01
9.523809552192687988e-01
7.857142686843872070e-01
8.888888955116271973e-01
9.603174328804016113e-01
9.920634627342224121e-01
9.523809552192687988e-01
9.682539701461791992e-01
9.761904478073120117e-01
9.682539701461791992e-01
1.000000000000000000e+00
9.920634627342224121e-01
9.920634627342224121e-01
9.603174328804016113e-01
9.285714030265808105e-01
9.920634627342224121e-01
9.682539701461791992e-01
9.444444179534912109e-01
9.523809552192687988e-01
9.047619104385375977e-01
9.523809552192687988e-01
9.285714030265808105e-01
9.444444179534912109e-01
9.603174328804016113e-01
1.000000000000000000e+00
9.761904478073120117e-01
9.444444179534912109e-01
9.920634627342224121e-01
9.841269850730895996e-01
9.920634627342224121e-01
1.000000000000000000e+00
1.000000000000000000e+00
9.603174328804016113e-01
9.365079402923583984e-01
9.365079402923583984e-01
9.444444179534912109e-01
