3.888630190750005378e-01
2.124241301826896300e-01
1.491949959212705290e-01
1.173361767270852396e-01
1.151968429758987306e-01
9.165234102759250989e-02
9.542064494140303776e-02
8.976527248893177713e-02
8.558410396866390768e-02
8.792681334386667769e-02
7.956594636549593758e-02
6.970627580302714288e-02
7.574672993784474506e-02
6.719166050942705637e-02
6.698738203917573020e-02
5.822650999901914787e-02
6.019649746932136808e-02
6.157581495668494609e-02
5.249720055680824615e-02
6.421904329454672378e-02
5.661074461190947205e-02
5.142948549595242197e-02
5.310359169766464688e-02
5.393692938551842425e-02
4.891246445414001998e-02
4.087856960740830076e-02
4.137911327793627331e-02
5.228054671250992325e-02
4.037084907521720084e-02
4.052295833274753567e-02
4.150034007803393016e-02
4.008819259750414504e-02
4.243915842708208264e-02
3.444836590962827017e-02
3.955473452853727756e-02
3.774168917417022179e-02
3.280620425309489774e-02
2.908342832018154592e-02
3.033572980767828761e-02
3.301972879919894827e-02
3.451451886468911295e-02
2.817136920405744621e-02
2.751140770146005138e-02
2.921154768495617601e-02
2.764867514647527738e-02
3.142580990106592226e-02
3.073109948909182043e-02
2.582462842987720206e-02
2.971836317507806080e-02
2.213645261482002913e-02
2.485273086369415782e-02
2.465381207728234783e-02
1.952133791076204536e-02
2.241527103643714894e-02
2.220886915481115609e-02
2.380024001289781158e-02
1.987335657885979517e-02
2.135244171582083642e-02
1.821432700983187727e-02
2.016503944646480528e-02
2.028693447239996242e-02
2.378762442423680568e-02
2.372493906832648727e-02
1.956492532958251096e-02
2.370234357705044287e-02
1.772514355821775203e-02
1.933110608790172130e-02
1.935297734346280024e-02
1.848537867538331547e-02
1.665418223351886051e-02
1.573910044575105999e-02
1.751073379912285524e-02
1.340809283685529853e-02
1.269168504608310724e-02
1.576292118486843918e-02
1.396871411649167581e-02
1.152488318230586624e-02
1.237159225447831933e-02
1.583927786284880512e-02
1.608950573165386991e-02
1.214012536039107276e-02
1.817103796526317247e-02
1.081559284568526028e-02
1.369679365531555233e-02
1.170690623681054990e-02
1.045959451513455568e-02
1.425167428042117476e-02
7.939229552037463389e-03
8.237245613590954765e-03
1.085465504376347673e-02
1.187661013898713355e-02
8.069080161659272082e-03
7.091256629392095508e-03
1.088470818628468374e-02
8.412861837936569734e-03
8.706014216198225755e-03
9.964367893522499062e-03
1.020791901281422470e-02
1.334199286540517330e-02
1.672660290149392825e-02
4.545861043599109565e-03
6.576691391871922893e-03
1.218987822048287276e-02
5.691316552621649046e-03
4.393085366386691518e-03
1.129619734334202236e-02
1.239398242199860403e-02
5.058263413584446547e-03
3.474771753170115881e-03
8.285478810311134798e-03
3.948441555479395570e-03
5.960684492357122902e-03
5.476837055570589821e-03
9.326800976822794201e-03
1.192780604593881091e-02
1.565825197034481989e-02
9.555915888816306908e-03
8.001030778362717283e-03
3.096586887785735681e-03
5.234396519222105949e-03
1.058301310081538951e-02
2.518864311533832584e-03
3.106440057088059783e-03
2.613550395051107787e-03
2.386261882894450022e-03
2.314295006077145798e-03
8.450111249524777310e-03
8.622987780131274177e-03
8.188136416442108600e-03
1.002997656461111255e-02
8.495974208082585771e-03
2.486728613420407467e-03
1.911730683698116074e-03
2.475892256149908079e-03
1.140342000921120910e-02
8.681315380536475806e-03
4.770706773146861195e-03
5.602702463772266453e-03
2.423143957093767519e-03
8.928633539781887646e-03
3.879416679794138196e-03
1.144907362922537725e-02
3.570388626173359118e-03
5.892800456877742357e-03
1.813552643410688186e-03
4.827872988990415150e-03
1.731595916183267759e-03
1.565681634210916396e-03
1.477933279738759438e-02
6.334538489322219697e-03
