9.615384787321090698e-02
2.649572789669036865e-01
4.308943152427673340e-01
5.289575457572937012e-01
5.281690359115600586e-01
6.642335653305053711e-01
6.094276309013366699e-01
6.573426723480224609e-01
7.282230257987976074e-01
6.938775777816772461e-01
6.854304671287536621e-01
7.206896543502807617e-01
7.226027250289916992e-01
7.633333206176757812e-01
7.619047760963439941e-01
8.178694248199462891e-01
7.676767706871032715e-01
7.993420958518981934e-01
8.006756901741027832e-01
7.557755708694458008e-01
7.953020334243774414e-01
8.157894611358642578e-01
7.887789011001586914e-01
7.986798882484436035e-01
8.175675868988037109e-01
8.705501556396484375e-01
8.631922006607055664e-01
7.831715345382690430e-01
8.729097247123718262e-01
8.387096524238586426e-01
8.589743375778198242e-01
8.311688303947448730e-01
8.414239287376403809e-01
8.649517893791198730e-01
8.414239287376403809e-01
8.397436141967773438e-01
8.878205418586730957e-01
8.983606696128845215e-01
8.785942196846008301e-01
8.738170266151428223e-01
8.589743375778198242e-01
9.213114976882934570e-01
9.006410241127014160e-01
8.910256624221801758e-01
8.958990573883056641e-01
8.773584961891174316e-01
8.753893971443176270e-01
8.993710875511169434e-01
8.825396895408630371e-01
9.150943160057067871e-01
9.009287953376770020e-01
9.156249761581420898e-01
9.285714030265808105e-01
9.127725958824157715e-01
9.177215099334716797e-01
9.142857193946838379e-01
9.184952974319458008e-01
9.235668778419494629e-01
9.316770434379577637e-01
9.276729822158813477e-01
9.161490797996520996e-01
8.940809965133666992e-01
8.965517282485961914e-01
9.221183657646179199e-01
8.871951103210449219e-01
9.254658222198486328e-01
9.192546606063842773e-01
9.276729822158813477e-01
9.221183657646179199e-01
9.318885207176208496e-01
9.204893112182617188e-01
9.347826242446899414e-01
9.393939375877380371e-01
9.538461565971374512e-01
9.349845051765441895e-01
9.506173133850097656e-01
9.544072747230529785e-01
9.628483057022094727e-01
9.233129024505615234e-01
9.115853905677795410e-01
9.571865200996398926e-01
9.287925958633422852e-01
9.484848380088806152e-01
9.567901492118835449e-01
9.476923346519470215e-01
9.628483057022094727e-01
9.444444179534912109e-01
9.875389337539672852e-01
9.579579830169677734e-01
9.626168012619018555e-01
9.456193447113037109e-01
9.694189429283142090e-01
9.695122241973876953e-01
9.476923346519470215e-01
9.695122241973876953e-01
9.634146094322204590e-01
9.571865200996398926e-01
9.604862928390502930e-01
9.541284441947937012e-01
9.442724585533142090e-01
9.818181991577148438e-01
9.757575988769531250e-01
9.537037014961242676e-01
9.756838679313659668e-01
9.878787994384765625e-01
9.571865200996398926e-01
9.393939375877380371e-01
9.877300858497619629e-01
9.879518151283264160e-01
9.635258316993713379e-01
9.848484992980957031e-01
9.785276055335998535e-01
9.729729890823364258e-01
9.661538600921630859e-01
9.462686777114868164e-01
9.447852969169616699e-01
9.631901979446411133e-01
9.755351543426513672e-01
9.879153966903686523e-01
9.758307933807373047e-01
9.601227045059204102e-01
9.909638762474060059e-01
9.939393997192382812e-01
9.969696998596191406e-01
9.969696998596191406e-01
9.969788789749145508e-01
9.636363387107849121e-01
9.606060385704040527e-01
9.723926186561584473e-01
9.578313231468200684e-01
9.607250690460205078e-01
9.939576983451843262e-01
9.969788789749145508e-01
9.939393997192382812e-01
9.454545378684997559e-01
9.578313231468200684e-01
9.848024249076843262e-01
9.788519740104675293e-01
9.969604611396789551e-01
9.697884917259216309e-01
9.909090995788574219e-01
9.663608670234680176e-01
9.819276928901672363e-01
9.817629456520080566e-01
9.909909963607788086e-01
9.789156913757324219e-01
9.969788789749145508e-01
1.000000000000000000e+00
9.486404657363891602e-01
9.787234067916870117e-01
