6.443146698887376456e-01
3.048980714631808753e-01
2.287105017137716079e-01
2.052962085951781090e-01
1.887505934622505099e-01
1.538321575271355268e-01
1.550444364738698122e-01
1.406051628047279567e-01
1.259767490852297112e-01
1.246825714730066120e-01
1.045664558102174235e-01
1.067205423078490256e-01
9.430303516668887831e-02
8.505914289879205892e-02
8.207182313065977675e-02
7.892803943049354898e-02
7.791172214051798883e-02
7.327171015699562862e-02
6.469003778236050162e-02
6.833464011488166179e-02
7.070422403800838418e-02
6.596648733412774357e-02
6.203727308327954687e-02
5.908058495483688860e-02
5.476775459434080062e-02
5.611027158695686134e-02
6.116012822362024842e-02
5.507940610388382952e-02
5.495292470624401487e-02
5.639624574396841922e-02
5.052957626335572577e-02
5.057475871880055124e-02
4.857347125810269894e-02
4.880946887045525817e-02
4.810009479882175476e-02
5.169744135666592272e-02
4.165896143844295685e-02
4.678291099492139227e-02
3.705292131444259951e-02
4.231078678112275976e-02
4.185980889402804439e-02
4.658503762428440470e-02
4.604965752581133970e-02
3.827762185117455224e-02
3.498719125730538615e-02
3.305343263970370038e-02
3.457537910115020263e-02
3.087425698360159176e-02
3.422508051866771789e-02
3.535066044015638953e-02
3.227637104164911286e-02
2.898306630915497770e-02
2.638726109134007305e-02
3.011002109329508764e-02
3.184380356357192215e-02
2.578493886024512544e-02
3.290389952749361857e-02
2.665339316323236604e-02
2.269487218377368165e-02
2.198157440049554670e-02
2.152917025125660258e-02
2.435289406569732945e-02
2.698592534618746500e-02
2.339982705227988680e-02
1.686235964715991978e-02
1.995641928200553306e-02
1.867378999279370455e-02
2.144620516539305285e-02
2.268795309850894781e-02
1.780450507167191665e-02
2.677956658211539179e-02
1.387738766081285727e-02
1.634848440263267366e-02
1.738141622335347830e-02
1.718343640335362119e-02
1.802657850576747794e-02
1.514211478873053913e-02
1.365697891309245078e-02
1.337138837406287584e-02
1.708897291410600705e-02
1.576684601109965000e-02
1.426560027602760856e-02
1.255109264347540818e-02
1.156792119515745974e-02
1.207927655522728072e-02
2.115437610157724219e-02
9.639235309813462549e-03
1.127937531979495561e-02
8.865704524948283052e-03
1.303035656930692787e-02
9.834721223393275494e-03
1.150325447453633132e-02
8.790985197499337489e-03
6.648961301398724662e-03
8.810836996825582856e-03
2.402467125660960601e-02
2.509789662372462551e-02
6.952707406538519673e-03
1.132585542040248291e-02
6.346894005774086564e-03
7.651716062681145243e-03
1.095004259660289567e-02
7.468330972384601245e-03
9.330826907011806337e-03
8.368627962231905276e-03
9.741814575297423964e-03
1.285304434009842782e-02
8.205758154924426215e-03
9.837455270584438694e-03
5.106185463457580537e-03
9.647840024433718478e-03
7.209260039655663622e-03
1.124470156318723227e-02
9.410576364801283289e-03
6.064822260308638455e-03
8.781731884264487240e-03
4.185278929069306472e-03
6.949696104950386054e-03
1.060128594229831252e-02
8.453687734036929857e-03
1.659853412050794549e-02
6.584083846753728021e-03
5.447952489621720601e-03
7.351048849207127145e-03
6.336765136440553579e-03
4.821637210787561162e-03
4.951828291613006444e-03
6.667034021995419876e-03
2.876153576499868459e-03
9.319887820545611282e-03
1.266263592470461170e-02
1.110667053127750541e-02
9.144617950886380769e-03
9.433774473012206466e-03
5.462714455459411964e-03
3.815463454807665328e-03
2.398681812408905937e-03
2.905540376156708939e-03
3.339698741456814668e-03
1.547767716832739761e-02
7.777203503336871208e-03
4.390149705215187770e-03
7.609208414623850128e-03
7.716280196593632706e-03
2.717855185357368700e-03
2.224627127003836122e-03
2.192763950573220749e-03
2.181878687566040070e-03
2.094167275224379388e-03
2.099224542770668049e-03
