1.417497247457504272e-01
3.610188364982604980e-01
5.049833655357360840e-01
5.448504686355590820e-01
5.924695730209350586e-01
6.611295938491821289e-01
6.423034071922302246e-01
6.854928135871887207e-01
7.198228240013122559e-01
7.176079750061035156e-01
7.707641124725341797e-01
7.475082874298095703e-01
7.807309031486511230e-01
8.150609135627746582e-01
8.128460645675659180e-01
8.272425532341003418e-01
8.349944353103637695e-01
8.383167386054992676e-01
8.504983186721801758e-01
8.471760749816894531e-01
8.471760749816894531e-01
8.626799583435058594e-01
8.726467490196228027e-01
8.715392947196960449e-01
8.815060853958129883e-01
8.759689927101135254e-01
8.571428656578063965e-01
8.826135396957397461e-01
8.826135396957397461e-01
8.759689927101135254e-01
8.914728760719299316e-01
8.848283290863037109e-01
8.914728760719299316e-01
8.936877250671386719e-01
8.959025740623474121e-01
8.925802707672119141e-01
9.036544561386108398e-01
9.014396667480468750e-01
9.235880374908447266e-01
9.058693051338195801e-01
9.080841541290283203e-01
8.925802707672119141e-01
8.992248177528381348e-01
9.202657938003540039e-01
9.158360958099365234e-01
9.291251301765441895e-01
9.224806427955627441e-01
9.302325844764709473e-01
9.246954321861267090e-01
9.246954321861267090e-01
9.346622228622436523e-01
9.401993155479431152e-01
9.390919208526611328e-01
9.346622228622436523e-01
9.335548281669616699e-01
9.468438625335693359e-01
9.324473738670349121e-01
9.401993155479431152e-01
9.523809552192687988e-01
9.512735605239868164e-01
9.568106532096862793e-01
9.424141645431518555e-01
9.368770718574523926e-01
9.534883499145507812e-01
9.601328969001770020e-01
9.545958042144775391e-01
9.534883499145507812e-01
9.523809552192687988e-01
9.534883499145507812e-01
9.612402915954589844e-01
9.357696771621704102e-01
9.767441749572753906e-01
9.656699895858764648e-01
9.634551405906677246e-01
9.689922332763671875e-01
9.523809552192687988e-01
9.723145365715026855e-01
9.756367802619934082e-01
9.712070822715759277e-01
9.645625948905944824e-01
9.634551405906677246e-01
9.734219312667846680e-01
9.789590239524841309e-01
9.778516292572021484e-01
9.756367802619934082e-01
9.557031989097595215e-01
9.822812676429748535e-01
9.789590239524841309e-01
9.833887219429016113e-01
9.689922332763671875e-01
9.811738729476928711e-01
9.844961166381835938e-01
9.833887219429016113e-01
9.900332093238830566e-01
9.800664186477661133e-01
9.501661062240600586e-01
9.523809552192687988e-01
9.867109656333923340e-01
9.789590239524841309e-01
9.900332093238830566e-01
9.867109656333923340e-01
9.800664186477661133e-01
9.822812676429748535e-01
9.844961166381835938e-01
9.822812676429748535e-01
9.778516292572021484e-01
9.767441749572753906e-01
9.856035709381103516e-01
9.800664186477661133e-01
9.933554530143737793e-01
9.822812676429748535e-01
9.889258146286010742e-01
9.822812676429748535e-01
9.844961166381835938e-01
9.911406636238098145e-01
9.800664186477661133e-01
9.955703020095825195e-01
9.856035709381103516e-01
9.867109656333923340e-01
9.844961166381835938e-01
9.700996875762939453e-01
9.922480583190917969e-01
9.911406636238098145e-01
9.867109656333923340e-01
9.922480583190917969e-01
9.933554530143737793e-01
9.955703020095825195e-01
9.911406636238098145e-01
9.977851510047912598e-01
9.833887219429016113e-01
9.811738729476928711e-01
9.789590239524841309e-01
9.867109656333923340e-01
9.878183603286743164e-01
9.922480583190917969e-01
9.944629073143005371e-01
1.000000000000000000e+00
9.977851510047912598e-01
9.944629073143005371e-01
9.700996875762939453e-01
9.856035709381103516e-01
9.944629073143005371e-01
9.900332093238830566e-01
9.878183603286743164e-01
9.977851510047912598e-01
1.000000000000000000e+00
1.000000000000000000e+00
1.000000000000000000e+00
1.000000000000000000e+00
1.000000000000000000e+00
