8.838389650364597561e-03
8.581243424476215145e-03
6.942077223766942098e-03
5.452705149600610077e-03
6.641063907668980776e-03
4.678813139059815294e-03
4.921387841757434746e-03
3.297733234917420327e-03
4.085634185005232802e-03
2.232695931071756405e-03
5.356115782626120862e-03
5.363801903200591213e-03
4.686281403504633826e-03
5.272355085963917679e-03
5.807559067571558924e-03
2.992142507567558882e-03
4.358350388717923719e-03
3.160548456799096382e-03
1.831788693968975160e-03
2.321222392627538943e-03
1.864425498176413166e-03
2.524308838735246467e-03
2.536678186257699044e-03
1.804892881473780901e-03
4.172663317095080295e-03
2.297736523172377258e-03
1.497746893567772830e-03
2.410981505676269496e-03
2.137231824182302554e-03
2.839794508770509748e-03
3.092981158806129994e-03
3.069820913593305188e-03
2.718128169121421505e-03
2.428224625904816785e-03
1.303194383628991562e-03
1.190430072980765662e-03
3.350059807334356769e-03
2.299571139783426841e-03
4.309244051191403815e-03
1.135795133327791723e-03
8.130833732105590631e-04
3.253384202708760591e-03
2.924908402928918030e-03
2.579370760859048609e-03
1.411152745506772787e-03
1.646832932852038004e-03
7.473424696244882924e-04
2.852579997671071243e-03
1.962769730613129950e-03
2.756293054749623609e-03
