1.202672570943832397e-01
2.694877386093139648e-01
3.452115952968597412e-01
3.630289435386657715e-01
4.031180441379547119e-01
4.342984557151794434e-01
4.365256130695343018e-01
4.276169240474700928e-01
4.654788374900817871e-01
4.142538905143737793e-01
4.654788374900817871e-01
4.899777173995971680e-01
4.877505600452423096e-01
5.144765973091125488e-01
4.988864064216613770e-01
5.345211625099182129e-01
5.100222826004028320e-01
5.233852863311767578e-01
5.501113533973693848e-01
5.367483496665954590e-01
5.478841662406921387e-01
5.634744167327880859e-01
5.412026643753051758e-01
5.812917351722717285e-01
6.057906746864318848e-01
6.236079931259155273e-01
6.080178022384643555e-01
6.258351802825927734e-01
5.946547985076904297e-01
6.258351802825927734e-01
6.436525583267211914e-01
6.481069326400756836e-01
6.659242510795593262e-01
7.126948833465576172e-01
6.748329401016235352e-01
6.837416291236877441e-01
6.815145015716552734e-01
7.193763852119445801e-01
7.171491980552673340e-01
7.282850742340087891e-01
7.260578870773315430e-01
7.104676961898803711e-01
7.594654560089111328e-01
7.527839541435241699e-01
7.594654560089111328e-01
7.683741450309753418e-01
7.661470174789428711e-01
7.839643359184265137e-01
7.928730249404907227e-01
6.614699363708496094e-01
7.928730249404907227e-01
8.017817139625549316e-01
8.106904029846191406e-01
8.084632754325866699e-01
8.195990920066833496e-01
8.106904029846191406e-01
8.329621553421020508e-01
8.262805938720703125e-01
8.329621553421020508e-01
8.463251590728759766e-01
8.329621553421020508e-01
8.195990920066833496e-01
8.307349681854248047e-01
8.841871023178100586e-01
8.619153499603271484e-01
8.485523462295532227e-01
8.797327280044555664e-01
8.864142298698425293e-01
9.042316079139709473e-01
8.485523462295532227e-01
8.485523462295532227e-01
8.708240389823913574e-01
8.841871023178100586e-01
8.596882224082946777e-01
9.309576749801635742e-01
9.309576749801635742e-01
9.309576749801635742e-01
9.331848621368408203e-01
9.242761731147766113e-01
8.953229188919067383e-01
9.376391768455505371e-01
9.131402969360351562e-01
9.287304878234863281e-01
8.864142298698425293e-01
9.242761731147766113e-01
9.398663640022277832e-01
9.354120492935180664e-01
9.354120492935180664e-01
9.621380567550659180e-01
9.242761731147766113e-01
9.665924310684204102e-01
9.309576749801635742e-01
9.287304878234863281e-01
9.510022401809692383e-01
9.621380567550659180e-01
9.665924310684204102e-01
9.710467457771301270e-01
9.665924310684204102e-01
9.109131693840026855e-01
9.220489859580993652e-01
9.665924310684204102e-01
9.532294273376464844e-01
9.420935511589050293e-01
9.576837420463562012e-01
9.643652439117431641e-01
9.866369962692260742e-01
9.910913109779357910e-01
9.933184981346130371e-01
9.888641238212585449e-01
9.354120492935180664e-01
9.665924310684204102e-01
9.443207383155822754e-01
9.599109292030334473e-01
9.821826219558715820e-01
9.465478658676147461e-01
9.242761731147766113e-01
9.755011200904846191e-01
9.888641238212585449e-01
9.287304878234863281e-01
9.844098091125488281e-01
9.755011200904846191e-01
9.331848621368408203e-01
9.866369962692260742e-01
9.955456852912902832e-01
9.755011200904846191e-01
9.643652439117431641e-01
9.777283072471618652e-01
9.688196182250976562e-01
9.933184981346130371e-01
9.554565548896789551e-01
9.688196182250976562e-01
1.000000000000000000e+00
9.955456852912902832e-01
9.977728128433227539e-01
1.000000000000000000e+00
1.000000000000000000e+00
1.000000000000000000e+00
1.000000000000000000e+00
1.000000000000000000e+00
1.000000000000000000e+00
1.000000000000000000e+00
1.000000000000000000e+00
1.000000000000000000e+00
1.000000000000000000e+00
1.000000000000000000e+00
1.000000000000000000e+00
1.000000000000000000e+00
1.000000000000000000e+00
1.000000000000000000e+00
1.000000000000000000e+00
