5.364184109877415674e-01
1.383826164564854189e-01
1.009969654146794238e-01
9.207785165974949337e-02
6.808371967576984374e-02
5.956163971158347920e-02
8.026834559877712993e-02
5.730006047980233663e-02
5.473277991845489077e-02
5.823483641462651877e-02
4.543758508020889070e-02
4.250987618139145247e-02
4.543481861486062950e-02
4.523263319285585754e-02
3.250662464802242524e-02
4.387904872918686056e-02
3.948572232392790621e-02
3.649154287983109174e-02
3.860716774514563049e-02
3.484300231177042684e-02
3.299224732084517914e-02
3.742135417098946953e-02
2.851019378825840264e-02
3.067515222160684812e-02
2.933286008357103083e-02
2.746081404509327986e-02
2.502841405257725388e-02
3.117425014356866447e-02
3.446181966595321389e-02
2.368761692652777279e-02
1.909423975019460332e-02
2.677071903314426696e-02
3.066790268207471651e-02
2.851943824498026636e-02
2.144166385585542095e-02
2.046105155638499803e-02
2.103130113131695261e-02
2.047782166650056676e-02
1.882698906018718393e-02
1.706413746505409251e-02
1.908645115346785034e-02
2.238030036596155500e-02
1.961164355194912681e-02
1.766130097096314799e-02
1.789906880040961767e-02
1.933827649982992197e-02
1.833774675353411210e-02
1.330672514708980750e-02
1.111124976919442703e-02
1.181149188901035874e-02
1.342589602262517917e-02
1.555870392527841477e-02
1.642723727395906108e-02
1.638844787035305048e-02
1.398918555020914854e-02
1.883534622292246455e-02
1.922973479374978645e-02
9.923522893953953122e-03
1.219093615558082370e-02
1.213935488165065676e-02
1.398743546840597318e-02
1.895088302580599793e-02
8.535699137307747528e-03
9.360871034061231041e-03
7.284909392723564608e-03
8.769490673399722713e-03
1.113883593358673367e-02
8.080364009224650160e-03
1.461675373292627318e-02
8.799582519908248635e-03
7.916765215416426971e-03
1.292188581793884093e-02
9.227926554355312533e-03
9.475781359853396174e-03
1.254960833835500576e-02
1.110414423246775840e-02
1.264323835210464340e-02
9.633332410953930267e-03
1.216922743474626450e-02
8.762633295183791179e-03
1.040116708944453620e-02
9.346028540022031580e-03
1.315465699334031346e-02
8.726830796340876578e-03
6.414469325612553313e-03
6.808759631006873654e-03
5.706626130111403655e-03
5.661331918546081560e-03
5.108835235441059816e-03
6.323697563123491065e-03
7.823977642024141504e-03
7.465549780431937101e-03
4.374805402960884985e-03
6.774739798579474358e-03
8.248231499788642729e-03
5.642332638209787005e-03
3.945583465309599781e-03
8.064781802004702266e-03
6.736051167572124423e-03
1.168513430786555403e-02
7.854321174632906272e-03
2.712855909994565506e-03
1.649547988285364475e-03
4.677909250587091068e-03
4.526407752127056469e-03
5.883884733141400702e-03
5.107930347445029454e-03
4.388469079113447441e-03
2.159295899944332908e-03
5.964931641615664817e-03
9.803386203150250833e-03
7.976556689832657240e-03
9.652615900258497764e-03
6.189662804813409781e-03
1.144407753049735479e-02
6.154924219702369130e-03
5.342693913003980499e-03
3.002018019040027328e-03
3.197866511242659481e-03
2.085326741411161391e-03
2.782558449186248607e-03
2.909194529851789977e-03
4.182031231880494089e-03
5.260522620047274056e-03
3.479184109956022768e-03
5.346465127680105969e-03
4.963004843021778280e-03
4.906744952620909449e-03
2.566518269150453498e-03
3.402719319853332418e-03
9.046741969809176179e-03
3.609708655166111134e-03
5.904374604277850625e-04
5.605248647764667601e-04
9.937350698732340826e-04
9.955738380514831884e-03
2.986885589435042329e-03
1.227422879289669783e-02
4.590413266068488207e-03
4.650539781935044033e-03
2.583107489930052975e-03
8.001099650923594554e-04
2.486610675396819410e-03
2.077335175461847774e-03
6.777092742364725433e-03
3.429338209976441273e-03
1.307376444723908375e-03
1.267896484425345451e-03
1.893985115482136163e-03
4.749575952981969183e-03
