1.398601382970809937e-02
1.212121248245239258e-01
1.875000000000000000e-01
3.714285790920257568e-01
4.433962404727935791e-01
5.000000000000000000e-01
4.107142984867095947e-01
4.857142865657806396e-01
5.315315127372741699e-01
4.324324429035186768e-01
5.865384340286254883e-01
6.034482717514038086e-01
6.000000238418579102e-01
5.752212405204772949e-01
6.761904954910278320e-01
6.126126050949096680e-01
5.877193212509155273e-01
6.545454263687133789e-01
6.603773832321166992e-01
6.886792182922363281e-01
7.043478488922119141e-01
6.635513901710510254e-01
7.500000000000000000e-01
6.869565248489379883e-01
7.079645991325378418e-01
7.064220309257507324e-01
7.478260993957519531e-01
6.944444179534912109e-01
6.347826123237609863e-01
7.699115276336669922e-01
8.440366983413696289e-01
7.614678740501403809e-01
7.636363506317138672e-01
6.949152350425720215e-01
7.894737124443054199e-01
8.086956739425659180e-01
8.053097128868103027e-01
7.931034564971923828e-01
7.933884263038635254e-01
8.260869383811950684e-01
8.389830589294433594e-01
7.685950398445129395e-01
8.125000000000000000e-01
8.230088353157043457e-01
7.539682388305664062e-01
8.157894611358642578e-01
8.389830589294433594e-01
8.536585569381713867e-01
8.888888955116271973e-01
8.991596698760986328e-01
8.709677457809448242e-01
8.500000238418579102e-01
8.771929740905761719e-01
8.320000171661376953e-01
8.677685856819152832e-01
8.110235929489135742e-01
8.319327831268310547e-01
9.105691313743591309e-01
8.548387289047241211e-01
8.688524365425109863e-01
8.360655903816223145e-01
8.196721076965332031e-01
9.133858084678649902e-01
9.055117964744567871e-01
9.274193644523620605e-01
9.426229596138000488e-01
8.960000276565551758e-01
9.268292784690856934e-01
8.799999952316284180e-01
9.344262480735778809e-01
8.914728760719299316e-01
8.730158805847167969e-01
9.193548560142517090e-01
9.105691313743591309e-01
8.661417365074157715e-01
9.032257795333862305e-01
8.870967626571655273e-01
9.200000166893005371e-01
8.780487775802612305e-01
9.268292784690856934e-01
9.039999842643737793e-01
9.024389982223510742e-01
8.799999952316284180e-01
9.120000004768371582e-01
9.307692050933837891e-01
9.440000057220458984e-01
9.453125000000000000e-01
9.307692050933837891e-01
9.679999947547912598e-01
9.302325844764709473e-01
9.212598204612731934e-01
9.426229596138000488e-01
9.527559280395507812e-01
9.153845906257629395e-01
9.279999732971191406e-01
9.444444179534912109e-01
9.606299400329589844e-01
9.279999732971191406e-01
9.370078444480895996e-01
9.200000166893005371e-01
9.370078444480895996e-01
9.767441749572753906e-01
1.000000000000000000e+00
9.682539701461791992e-01
9.606299400329589844e-01
9.224806427955627441e-01
9.603174328804016113e-01
9.606299400329589844e-01
9.921259880065917969e-01
9.448819160461425781e-01
8.984375000000000000e-01
8.880596756935119629e-01
9.047619104385375977e-01
9.302325844764709473e-01
8.931297659873962402e-01
9.379844665527343750e-01
9.527559280395507812e-01
9.763779640197753906e-01
9.761904478073120117e-01
9.921875000000000000e-01
9.765625000000000000e-01
9.689922332763671875e-01
9.534883499145507812e-01
9.687500000000000000e-01
9.612402915954589844e-01
9.236640930175781250e-01
9.448819160461425781e-01
9.384615421295166016e-01
9.692307710647583008e-01
9.609375000000000000e-01
9.007633328437805176e-01
9.615384340286254883e-01
1.000000000000000000e+00
9.923076629638671875e-01
9.846153855323791504e-01
9.236640930175781250e-01
9.615384340286254883e-01
8.769230842590332031e-01
9.606299400329589844e-01
9.534883499145507812e-01
9.763779640197753906e-01
9.922480583190917969e-01
9.767441749572753906e-01
9.767441749572753906e-01
9.379844665527343750e-01
9.687500000000000000e-01
9.844961166381835938e-01
9.843750000000000000e-01
9.769230484962463379e-01
9.465649127960205078e-01
