3.059458799322863909e-01
1.460048439497948491e-01
1.302859026095138650e-01
1.200405317813228734e-01
1.082518451632802636e-01
1.012276760872920789e-01
9.499284791305498410e-02
9.183279142929277883e-02
8.924777704271594225e-02
8.802172720111493820e-02
8.889720366836117993e-02
8.560003950236898251e-02
7.912554583009959175e-02
7.170171026133645431e-02
7.503165385666961396e-02
6.789962449927497423e-02
6.824241057051182169e-02
6.770243847851475927e-02
6.369337613707659607e-02
6.477426150914404601e-02
6.472612259238966215e-02
5.978791221655492538e-02
6.322861224931070057e-02
5.671761044356411763e-02
5.870997115130166533e-02
5.587776353473664775e-02
5.429868623029389385e-02
5.384377803527849032e-02
5.439410601722654420e-02
5.351840979004179183e-02
5.141613212536082222e-02
4.846486479577563622e-02
5.043729989363288785e-02
5.069971334234976701e-02
5.074351149357018975e-02
4.851475259161217024e-02
4.643640072927260332e-02
4.690349909459645694e-02
4.447581613929202371e-02
4.658962337637982676e-02
4.290720842336220864e-02
4.040086168151996171e-02
4.133247254598537007e-02
4.107305143483835214e-02
4.135632094950262433e-02
3.837772908216494083e-02
3.967744675912586449e-02
3.867912053662652533e-02
3.744898781337004795e-02
3.820462742075342311e-02
3.874390124623518922e-02
3.679547332075849136e-02
3.680167269948125819e-02
3.538282648106360478e-02
3.558948401184939409e-02
3.753229398048620741e-02
3.617914478229115188e-02
3.483404163831854000e-02
3.291618605781436446e-02
3.600356414378780290e-02
3.154164645710493681e-02
3.363676946761501307e-02
3.052140159715169970e-02
3.393466059741805096e-02
3.237446528407731533e-02
2.884188284241249664e-02
2.981620312863863045e-02
2.941554577017144873e-02
2.749994303986298683e-02
3.125611177319548295e-02
3.004371381264930516e-02
2.765889958780306038e-02
2.624453456883795235e-02
2.479073663373515882e-02
2.502364697035892871e-02
2.649712405156345874e-02
2.528239873259566575e-02
2.446292706391427207e-02
2.378951071286115534e-02
2.347235613916559896e-02
2.478464276905357339e-02
2.424151437149770286e-02
2.289020724965273521e-02
2.230418751157075066e-02
2.124833808516795458e-02
2.472907819053611622e-02
2.365025189221413998e-02
2.135139352815866934e-02
1.927904542548994002e-02
1.901195455437811044e-02
1.904497398813144102e-02
1.900047909964802662e-02
2.166132427542696859e-02
1.676800861524826644e-02
1.835836497782714072e-02
1.954157525663254014e-02
1.692895375752991385e-02
1.738500713787773100e-02
1.365766576245969373e-02
1.691587598230481077e-02
1.611302143722430011e-02
1.512562991399391508e-02
1.409403056349516591e-02
1.228944558424195817e-02
1.582712605935844563e-02
1.340526044821288044e-02
1.207081101340809308e-02
1.214037329638827968e-02
1.135294779644776750e-02
1.123349795859519135e-02
1.319920391092247076e-02
1.361487236335437272e-02
9.439905111095138468e-03
1.281671990063333946e-02
1.131811358842741040e-02
1.013040762596630236e-02
1.131326251967270692e-02
9.896402333930721940e-03
5.690466444576212576e-03
7.271554153724814513e-03
9.527978938408513537e-03
1.158623887297123393e-02
1.134587116465558300e-02
8.928129896196687967e-03
7.676760035509493270e-03
8.227055374141173383e-03
5.234174222549466994e-03
9.104206334340924842e-03
6.784267618988874989e-03
6.240481398330790207e-03
5.259260420419936688e-03
1.021167400974035480e-02
7.160800147041813772e-03
3.900304907327067049e-03
7.353606654488998966e-03
8.139607990668023402e-03
5.650037390715237189e-03
5.948026260104804369e-03
7.227581329542330339e-03
5.843483103428037846e-03
4.546799065648792632e-03
1.987139335633687689e-03
4.240706497983992053e-03
7.175252092539596664e-03
6.004777248345703582e-03
8.055628791800660202e-03
6.453366237989192032e-03
1.895706173399845738e-03
9.043459131367909826e-03
4.578886837162111229e-03
