2.162162214517593384e-02
2.343750000000000000e-02
3.030303120613098145e-02
2.830188721418380737e-02
8.988764137029647827e-02
1.041666641831398010e-01
1.917808204889297485e-01
1.647058874368667603e-01
2.025316506624221802e-01
2.359550595283508301e-01
2.195121943950653076e-01
2.065217345952987671e-01
2.988505661487579346e-01
3.255814015865325928e-01
3.780487775802612305e-01
3.793103396892547607e-01
3.440860211849212646e-01
3.829787373542785645e-01
3.750000000000000000e-01
3.469387888908386230e-01
4.302325546741485596e-01
4.356435537338256836e-01
3.437500000000000000e-01
4.528301954269409180e-01
5.104166865348815918e-01
5.102040767669677734e-01
5.196078419685363770e-01
5.225225090980529785e-01
4.903846085071563721e-01
4.803921580314636230e-01
5.517241358757019043e-01
5.596330165863037109e-01
5.279999971389770508e-01
5.044247508049011230e-01
5.039370059967041016e-01
4.803149700164794922e-01
5.929203629493713379e-01
5.500000119209289551e-01
6.033057570457458496e-01
5.517241358757019043e-01
6.412213444709777832e-01
6.250000000000000000e-01
6.240000128746032715e-01
6.370370388031005859e-01
6.854838728904724121e-01
6.766917109489440918e-01
6.283783912658691406e-01
6.439393758773803711e-01
7.165354490280151367e-01
6.917293071746826172e-01
6.277372241020202637e-01
6.666666865348815918e-01
6.620689630508422852e-01
7.092198729515075684e-01
6.690647602081298828e-01
7.066666483879089355e-01
6.622516512870788574e-01
6.987179517745971680e-01
7.189542651176452637e-01
7.241379022598266602e-01
7.341772317886352539e-01
7.025316357612609863e-01
7.922077775001525879e-01
7.062500119209289551e-01
7.385621070861816406e-01
7.647058963775634766e-01
7.515528202056884766e-01
7.594936490058898926e-01
7.777777910232543945e-01
7.209302186965942383e-01
7.730061411857604980e-01
8.000000119209289551e-01
8.062499761581420898e-01
8.081395626068115234e-01
8.023256063461303711e-01
8.095238208770751953e-01
7.777777910232543945e-01
8.171428442001342773e-01
8.172042965888977051e-01
8.089887499809265137e-01
8.076922893524169922e-01
7.956989407539367676e-01
7.958115339279174805e-01
8.397790193557739258e-01
8.478260636329650879e-01
7.731958627700805664e-01
7.748690843582153320e-01
8.288770318031311035e-01
8.645833134651184082e-01
8.376963138580322266e-01
8.736842274665832520e-01
8.593750000000000000e-01
8.502673506736755371e-01
8.717948794364929199e-01
8.349999785423278809e-01
8.426395654678344727e-01
8.730158805847167969e-01
8.680202960968017578e-01
9.121951460838317871e-01
8.413461446762084961e-01
8.682926893234252930e-01
8.939393758773803711e-01
8.523809313774108887e-01
9.056603908538818359e-01
8.379629850387573242e-01
8.999999761581420898e-01
8.796296119689941406e-01
8.947368264198303223e-01
9.186602830886840820e-01
9.045454263687133789e-01
8.862559199333190918e-01
8.598130941390991211e-01
9.181818366050720215e-01
8.853210806846618652e-01
8.954545259475708008e-01
9.311926364898681641e-01
8.883928656578063965e-01
9.004524946212768555e-01
9.475982785224914551e-01
9.173913002014160156e-01
9.103139042854309082e-01
8.711110949516296387e-01
8.854625821113586426e-01
9.173913002014160156e-01
9.333333373069763184e-01
9.008620977401733398e-01
9.649122953414916992e-01
8.947368264198303223e-01
9.473684430122375488e-01
9.439654946327209473e-01
9.444444179534912109e-01
8.995633125305175781e-01
9.173913002014160156e-01
9.655172228813171387e-01
9.230769276618957520e-01
9.059829115867614746e-01
9.350649118423461914e-01
9.613733887672424316e-01
9.267241358757019043e-01
9.478260874748229980e-01
9.579831957817077637e-01
9.789029359817504883e-01
9.543568491935729980e-01
9.437229633331298828e-01
9.358974099159240723e-01
9.071729779243469238e-01
9.285714030265808105e-01
9.832636117935180664e-01
8.949579596519470215e-01
9.451476931571960449e-01
