5.838421060023307740e-01
2.708544443957062731e-01
2.259582934804197918e-01
2.068757093603697250e-01
2.051106643920816708e-01
2.045658475661908948e-01
1.822416981355327870e-01
1.749995235093283197e-01
1.825047640624171130e-01
1.615315055644055142e-01
1.729377750381995427e-01
1.489753677689953371e-01
1.520209904154330993e-01
1.430815244260775498e-01
1.476182018885145997e-01
1.488779546725792768e-01
1.327950020890023564e-01
1.507174460228090929e-01
1.312965884071833067e-01
1.325980629014319734e-01
1.319642439072334639e-01
1.307429353227614888e-01
1.261986583274657125e-01
1.356074140337682754e-01
1.160310447342979417e-01
1.250520000805345477e-01
1.144163106324456586e-01
1.077469538420919165e-01
1.284086524358690196e-01
1.111523060246793065e-01
1.166774261559101605e-01
1.128905176404503552e-01
1.107862804370954718e-01
1.058558904555214203e-01
1.100756406428112372e-01
1.048806925443236254e-01
1.063780699040845629e-01
1.033820140226937440e-01
1.111129333924666673e-01
1.023134820590757554e-01
9.661237774470475548e-02
1.047855533546202811e-01
1.029402228919522461e-01
9.279802521451303854e-02
9.288308821078883337e-02
9.240651833380271463e-02
9.077730632621935913e-02
9.800458276748737207e-02
9.805615745459315968e-02
8.563063694689984628e-02
8.826958267209938924e-02
8.592616260149892049e-02
8.695248566623281494e-02
9.398252837483428435e-02
8.084464788894733800e-02
8.207539148466296008e-02
8.250563749078196341e-02
7.874212696962261393e-02
7.894949027845693523e-02
7.988490810146270382e-02
8.015529749566370488e-02
7.506345146746601360e-02
7.613951029316813612e-02
7.156828880457227759e-02
8.159764468760744016e-02
8.046155614262061329e-02
6.479396995957879823e-02
6.878314249157303772e-02
7.379892617380057196e-02
6.433861787030892287e-02
6.578113020317681581e-02
6.180639727406560258e-02
6.881864100529284933e-02
6.133749183757168655e-02
5.946975724170650013e-02
6.223154072014660393e-02
5.752419496863563075e-02
6.254696081791738527e-02
6.021028299908750409e-02
5.801605722769487272e-02
5.351596289286871672e-02
4.964834884707742396e-02
5.233102217393634931e-02
5.693226980130534909e-02
7.227196183749794167e-02
5.485427336919619645e-02
6.522283406863153832e-02
5.278518654584665737e-02
7.364991874925501392e-02
5.328424534412948971e-02
5.467227914612391576e-02
4.411138325200327642e-02
5.138720301442190053e-02
4.526349821353606306e-02
3.863011572448475650e-02
3.953406436870615659e-02
4.575299593290348132e-02
4.009325884109594951e-02
4.085966708612452647e-02
3.569233659298599176e-02
3.547576363051056086e-02
3.270548522085166970e-02
4.085005273319317759e-02
3.627298607400220032e-02
3.302869047919758383e-02
3.161926414691909604e-02
3.889117341972501973e-02
3.535324207490622012e-02
2.663624632691852928e-02
3.040613114494027103e-02
2.888791631437946303e-02
2.633097233398684622e-02
2.566770987731928702e-02
3.347920056273103601e-02
2.590920218995938773e-02
2.031485954882414000e-02
2.238119583917850403e-02
2.700409307670021547e-02
1.991782820096167292e-02
1.765773783786074233e-02
3.317953431620231791e-02
2.462573866466649664e-02
1.871513146034340866e-02
1.494559182203501237e-02
2.076788428905754907e-02
1.515958985810198466e-02
2.185664701036804658e-02
1.875587975315249831e-02
1.671895826115663355e-02
1.678885687339795943e-02
1.542783770460928218e-02
2.118081862170236376e-02
1.036350613956486810e-02
9.800501865760527162e-03
1.414766671269578925e-02
1.902962527132627882e-02
2.321300824374025046e-02
1.494823709701775284e-02
1.840290337826882075e-02
7.436020925924509591e-03
1.551607633279467741e-02
1.589804923249450372e-02
1.106613245494186132e-02
1.046139255460198578e-02
1.028763489806228809e-02
5.461791451814820494e-03
5.457968221441257366e-03
1.978705138692671631e-02
3.039716055060494304e-02
1.843523194514878200e-02
