8.728813529014587402e-01
8.965517282485961914e-01
8.536585569381713867e-01
9.572649598121643066e-01
9.250000119209289551e-01
8.898305296897888184e-01
9.327731132507324219e-01
8.916666507720947266e-01
8.991596698760986328e-01
9.304347634315490723e-01
9.217391014099121094e-01
9.333333373069763184e-01
9.333333373069763184e-01
9.180327653884887695e-01
9.583333134651184082e-01
9.499999880790710449e-01
9.333333373069763184e-01
9.426229596138000488e-01
9.499999880790710449e-01
9.478260874748229980e-01
9.338843226432800293e-01
9.663865566253662109e-01
9.666666388511657715e-01
9.152542352676391602e-01
9.572649598121643066e-01
9.411764740943908691e-01
9.316239356994628906e-01
9.745762944221496582e-01
9.666666388511657715e-01
9.752066135406494141e-01
9.669421315193176270e-01
9.590163826942443848e-01
9.741379022598266602e-01
9.508196711540222168e-01
9.583333134651184082e-01
9.590163826942443848e-01
9.333333373069763184e-01
9.666666388511657715e-01
9.836065769195556641e-01
1.000000000000000000e+00
9.590163826942443848e-01
9.750000238418579102e-01
9.747899174690246582e-01
9.830508232116699219e-01
9.918032884597778320e-01
9.440000057220458984e-01
9.669421315193176270e-01
9.586777091026306152e-01
9.916666746139526367e-01
1.000000000000000000e+00
