2.328780676617932255e-01
1.430295314489897496e-01
1.267847606364764790e-01
1.216483966907763031e-01
1.032045556445057161e-01
9.923156183651686557e-02
9.493768666139509871e-02
8.794302224674407920e-02
8.591471462672989334e-02
8.112868838557041329e-02
7.908341003610300235e-02
7.376050603422554253e-02
7.564104647342856369e-02
6.736709990526286440e-02
6.580301306232025360e-02
6.714468216245322862e-02
6.494372612647963949e-02
6.322563824497264007e-02
6.088480635180158057e-02
5.855342703245351027e-02
5.954022049548041845e-02
6.002594346791875063e-02
5.410257671836781607e-02
5.647433651894932793e-02
5.530227927704160773e-02
5.038221067726569163e-02
5.049351619898945903e-02
5.392030556003353514e-02
5.137228651320073503e-02
5.118244914614358820e-02
5.244246116442825845e-02
4.570377446460540533e-02
4.481399930672931575e-02
4.340648143970012030e-02
4.160446475914732212e-02
4.390946283158628227e-02
4.276058658393160766e-02
4.113686514219433432e-02
4.303427276532219986e-02
4.175429538003439661e-02
3.785631469031650737e-02
3.826239998350280253e-02
3.748395512910476096e-02
3.861203326300648858e-02
3.565883019749885308e-02
3.609260273000364921e-02
3.456539283969405768e-02
3.541778934259451339e-02
3.588015885477989497e-02
3.237749125421932050e-02
3.684709671751328075e-02
3.131063101707754620e-02
3.212893853873419886e-02
2.944436203951644043e-02
3.219655510049518332e-02
3.007086355383360027e-02
3.193712431181656292e-02
2.744233069050867196e-02
2.964284828443418396e-02
2.903652771034915051e-02
2.741929982404752927e-02
2.806586052573623730e-02
2.592844313009607868e-02
2.779194940850363005e-02
2.586456048506753300e-02
2.778949396729278598e-02
2.363090244813363314e-02
2.612205678929559877e-02
2.289398423129709176e-02
2.361036279953680414e-02
2.176373177567432135e-02
2.376286267163689458e-02
2.543616663309039225e-02
2.320811904733506223e-02
2.149145640084272613e-02
2.059738764191074850e-02
2.006863333234823812e-02
2.167586663479851433e-02
1.805550289803529995e-02
2.037718511977276714e-02
1.859297466536927179e-02
2.384676478109781783e-02
1.798033038580888060e-02
1.798537784630331246e-02
1.980845844891466340e-02
1.653136864653115962e-02
1.625854386788138164e-02
1.806968075989321548e-02
1.558912234403925408e-02
1.584803456168707922e-02
1.608686268183205995e-02
1.304113163378676186e-02
1.397878749723310485e-02
1.291837155605019688e-02
1.401851899919686825e-02
1.481314273998391232e-02
1.135342365854071119e-02
1.237926625825231351e-02
1.199710198899617795e-02
1.381426875640970678e-02
1.047132297383189699e-02
1.416959683003573764e-02
1.178294109791679610e-02
1.050224629047342463e-02
1.516417021002127059e-02
1.180927288002866019e-02
8.542534386745480324e-03
7.438878968430879222e-03
8.216843418686111539e-03
8.009670977426677774e-03
6.006721979281675304e-03
1.208787705501049303e-02
1.150134490295509106e-02
1.274046854197461061e-02
7.794241078455652928e-03
5.799066763399532247e-03
6.758812684253145790e-03
6.836409782153666376e-03
6.656911108737521322e-03
6.829070454063389771e-03
9.526053760468540174e-03
9.589850487869821388e-03
8.658775073541754783e-03
3.370859095726407191e-03
8.603350011098047020e-03
1.079670002494529865e-02
4.998226371224035597e-03
4.210992781826594991e-03
5.740476308160299794e-03
5.652344095375732604e-03
5.750480366882705294e-03
8.218785350994125410e-03
1.109775294425743158e-02
6.388697782367618212e-03
4.612461467891817296e-03
6.899234773049004767e-03
5.321842010336575585e-03
4.152463155438141859e-03
7.789946076737146868e-03
4.293523432466383495e-03
3.897903236892220555e-03
6.103115300738619006e-03
6.005245578264434801e-03
5.456600511328966834e-03
7.010725909651342735e-03
8.331641507728599488e-03
2.439621470678372903e-03
3.758331750817116117e-03
5.522160560250195110e-03
4.548660623078105980e-03
