2.531645633280277252e-02
2.419354766607284546e-02
3.906250000000000000e-02
5.376344174146652222e-02
7.865168899297714233e-02
1.325301229953765869e-01
2.025316506624221802e-01
1.190476194024085999e-01
1.230769231915473938e-01
2.297297269105911255e-01
2.674418687820434570e-01
2.465753406286239624e-01
2.888889014720916748e-01
3.924050629138946533e-01
2.839506268501281738e-01
3.111111223697662354e-01
3.289473652839660645e-01
4.230769276618957520e-01
2.954545319080352783e-01
3.608247339725494385e-01
4.065934121608734131e-01
4.725274741649627686e-01
4.893617033958435059e-01
4.433962404727935791e-01
4.018691480159759521e-01
5.268816947937011719e-01
5.288461446762084961e-01
4.454545378684997559e-01
4.622641503810882568e-01
5.876288414001464844e-01
4.953271150588989258e-01
6.160714030265808105e-01
5.982906222343444824e-01
6.033057570457458496e-01
6.610169410705566406e-01
6.000000238418579102e-01
6.460176706314086914e-01
6.269841194152832031e-01
6.771653294563293457e-01
6.535432934761047363e-01
7.213114500045776367e-01
7.120000123977661133e-01
7.244094610214233398e-01
6.875000000000000000e-01
7.259259223937988281e-01
7.307692170143127441e-01
6.783216595649719238e-01
6.971830725669860840e-01
7.333333492279052734e-01
7.464788556098937988e-01
6.734693646430969238e-01
7.307692170143127441e-01
6.862745285034179688e-01
7.960526347160339355e-01
7.484276890754699707e-01
7.891156673431396484e-01
7.307692170143127441e-01
8.243243098258972168e-01
7.727272510528564453e-01
7.974683642387390137e-01
7.961783409118652344e-01
8.079470396041870117e-01
8.086419701576232910e-01
8.246753215789794922e-01
8.246753215789794922e-01
7.636363506317138672e-01
8.452380895614624023e-01
8.148148059844970703e-01
8.703703880310058594e-01
8.192771077156066895e-01
8.430232405662536621e-01
7.942857146263122559e-01
7.953216433525085449e-01
7.897727489471435547e-01
8.587570786476135254e-01
8.361582159996032715e-01
8.448275923728942871e-01
8.370786309242248535e-01
8.820225000381469727e-01
8.229166865348815918e-01
8.263157606124877930e-01
7.814207673072814941e-01
8.595505356788635254e-01
8.502673506736755371e-01
8.232043981552124023e-01
8.541666865348815918e-01
8.571428656578063965e-01
8.393782377243041992e-01
8.994709253311157227e-01
8.520408272743225098e-01
8.249999880790710449e-01
9.009901285171508789e-01
8.731707334518432617e-01
9.119170904159545898e-01
9.090909361839294434e-01
8.640776872634887695e-01
9.082125425338745117e-01
9.049999713897705078e-01
8.888888955116271973e-01
8.640776872634887695e-01
8.878504633903503418e-01
8.965517282485961914e-01
8.883495330810546875e-01
8.967136144638061523e-01
8.689320683479309082e-01
8.846153616905212402e-01
9.285714030265808105e-01
9.181818366050720215e-01
9.255813956260681152e-01
9.269406199455261230e-01
9.452054500579833984e-01
8.767772316932678223e-01
8.862559199333190918e-01
8.744186162948608398e-01
9.279279112815856934e-01
9.497717022895812988e-01
9.241071343421936035e-01
9.369369149208068848e-01
9.241071343421936035e-01
9.369369149208068848e-01
8.928571343421936035e-01
9.162790775299072266e-01
9.181818366050720215e-01
9.647576808929443359e-01
9.178082346916198730e-01
8.844444155693054199e-01
9.599999785423278809e-01
9.561403393745422363e-01
9.330357313156127930e-01
9.385964870452880859e-01
9.247787594795227051e-01
9.107142686843872070e-01
8.893805146217346191e-01
9.237667918205261230e-01
9.434782862663269043e-01
9.336283206939697266e-01
9.596412777900695801e-01
9.605262875556945801e-01
9.247787594795227051e-01
9.437229633331298828e-01
9.690265655517578125e-01
9.327354431152343750e-01
9.339206814765930176e-01
9.466666579246520996e-01
9.213973879814147949e-01
9.107142686843872070e-01
9.911504387855529785e-01
9.515418410301208496e-01
9.598214030265808105e-01
9.475982785224914551e-01
