1.716738194227218628e-02
1.287553645670413971e-02
2.145922742784023285e-02
2.145922742784023285e-02
3.004291839897632599e-02
4.721030220389366150e-02
6.866952776908874512e-02
4.291845485568046570e-02
3.433476388454437256e-02
7.296137511730194092e-02
9.871244430541992188e-02
7.725322246551513672e-02
1.115879863500595093e-01
1.330472081899642944e-01
9.871244430541992188e-02
1.201716735959053040e-01
1.072961390018463135e-01
1.416309028863906860e-01
1.115879863500595093e-01
1.502145975828170776e-01
1.587982773780822754e-01
1.845493614673614502e-01
1.974248886108398438e-01
2.017167359590530396e-01
1.845493614673614502e-01
2.103004306554794312e-01
2.360514998435974121e-01
2.103004306554794312e-01
2.103004306554794312e-01
2.446351945400238037e-01
2.274678051471710205e-01
2.961373329162597656e-01
3.004291951656341553e-01
3.133047223091125488e-01
3.347639441490173340e-01
3.090128898620605469e-01
3.133047223091125488e-01
3.390558063983917236e-01
3.690987229347229004e-01
3.562231659889221191e-01
3.776824176311492920e-01
3.819742500782012939e-01
3.948497772216796875e-01
3.776824176311492920e-01
4.206008613109588623e-01
4.077253341674804688e-01
4.163089990615844727e-01
4.248926937580108643e-01
4.248926937580108643e-01
4.549356102943420410e-01
4.248926937580108643e-01
4.892703890800476074e-01
4.506437778472900391e-01
5.193132758140563965e-01
5.107296109199523926e-01
4.978540837764739990e-01
4.892703890800476074e-01
5.236051678657531738e-01
5.107296109199523926e-01
5.407725572586059570e-01
5.364806652069091797e-01
5.236051678657531738e-01
5.622317790985107422e-01
5.450643897056579590e-01
5.450643897056579590e-01
5.407725572586059570e-01
6.094420552253723145e-01
5.665236115455627441e-01
6.051502227783203125e-01
5.836910009384155273e-01
6.223176121711730957e-01
5.965664982795715332e-01
5.836910009384155273e-01
5.965664982795715332e-01
6.523604989051818848e-01
6.351931095123291016e-01
6.309012770652770996e-01
6.394850015640258789e-01
6.738197207450866699e-01
6.781116127967834473e-01
6.738197207450866699e-01
6.137338876724243164e-01
6.566523313522338867e-01
6.824034452438354492e-01
6.394850015640258789e-01
7.038626670837402344e-01
7.210300564765930176e-01
6.952789425849914551e-01
7.296137213706970215e-01
7.167382240295410156e-01
7.081544995307922363e-01
7.811158895492553711e-01
7.682403326034545898e-01
7.553648352622985840e-01
7.725321650505065918e-01
7.639485001564025879e-01
8.068669438362121582e-01
7.768240571022033691e-01
7.896995544433593750e-01
7.639485001564025879e-01
8.154506683349609375e-01
7.811158895492553711e-01
7.854077219963073730e-01
8.197425007820129395e-01
7.682403326034545898e-01
7.896995544433593750e-01
8.369098901748657227e-01
8.669527769088745117e-01
8.540772795677185059e-01
8.712446093559265137e-01
8.884119987487792969e-01
7.939913868904113770e-01
8.025751113891601562e-01
8.068669438362121582e-01
8.841201663017272949e-01
8.927038908004760742e-01
8.884119987487792969e-01
8.927038908004760742e-01
8.884119987487792969e-01
8.927038908004760742e-01
8.583691120147705078e-01
8.454935550689697266e-01
8.669527769088745117e-01
9.399141669273376465e-01
8.626609444618225098e-01
8.540772795677185059e-01
9.270386099815368652e-01
9.356223344802856445e-01
8.969957232475280762e-01
9.184549450874328613e-01
8.969957232475280762e-01
8.755365014076232910e-01
8.626609444618225098e-01
8.841201663017272949e-01
9.313304424285888672e-01
9.055793881416320801e-01
9.184549450874328613e-01
9.399141669273376465e-01
8.969957232475280762e-01
9.356223344802856445e-01
9.399141669273376465e-01
8.927038908004760742e-01
9.098712205886840820e-01
9.141631126403808594e-01
9.055793881416320801e-01
8.755365014076232910e-01
9.613733887672424316e-01
9.270386099815368652e-01
9.227467775344848633e-01
9.313304424285888672e-01
