1.711589333931544388e-02
9.055614117687828257e-03
7.110915804924320544e-03
7.821842515859133912e-03
7.420418808241759784e-03
7.656136307071632029e-03
6.661416458996691214e-03
2.444862048057025276e-03
4.158346124957852490e-03
3.147669471274522519e-03
3.955431118746534878e-03
5.455828686867828480e-03
5.600412607209919423e-03
3.934355553315933493e-03
2.912844370615546869e-03
4.330931876750759336e-03
4.110216224952892988e-03
2.810949919751088311e-03
3.066415017193769698e-03
8.440158725338027176e-03
4.960677933761070343e-03
7.120827115601835108e-03
9.856014278658276756e-03
6.719333920417150559e-03
4.054363371618164257e-03
3.420184840619627450e-03
7.011558124863982201e-04
8.110736861118393723e-04
2.014960974187655560e-03
6.790029375067691041e-04
1.235162290169699618e-03
1.335262686793158623e-03
3.150574694546436592e-03
1.071558075505744598e-02
9.818616522735738872e-03
4.410167849728548368e-03
4.275341583183575427e-03
6.664576595404227838e-04
2.288816096253940956e-03
4.161865889677837313e-03
2.093354761767959437e-03
6.961119256105867403e-03
5.899175011703408633e-03
1.380616614154964172e-03
2.761251995396171461e-03
4.137573682426489742e-03
3.100413092241348020e-03
1.045535494346886123e-03
6.398724553039137654e-03
6.262937416891550682e-04
