4.445969010670435817e-01
1.992692361298700754e-01
1.611419195212028810e-01
1.420370530932030251e-01
1.374121517813874371e-01
1.299246277687156614e-01
1.246450716654175367e-01
1.345198560543027222e-01
1.199374323541606280e-01
1.105304249000217953e-01
1.106779777854178526e-01
1.024266137330704096e-01
1.109959818411375282e-01
1.205733598368738113e-01
9.983367039874854743e-02
9.759377552853172599e-02
9.519689555941361625e-02
9.029343309623356906e-02
8.977612075257425384e-02
8.802900977125935333e-02
8.226182820912801563e-02
8.130609508955138898e-02
7.309873825691079463e-02
8.368410455631847267e-02
7.497689200395264708e-02
7.129366322019632662e-02
7.745282298224785700e-02
7.327572394421630331e-02
7.412674036811452150e-02
7.184171878668127453e-02
6.235259490817879335e-02
6.632354615698299316e-02
6.685754738780808060e-02
6.416029076560032796e-02
5.276159065096803352e-02
5.496785329005637183e-02
5.603860816761777053e-02
5.538941900467280605e-02
4.583541737541844269e-02
4.792378391243408420e-02
4.879508504958632309e-02
4.432500248710748852e-02
4.428102729815993482e-02
4.189563664132193305e-02
3.658183945012315197e-02
4.716998873113112389e-02
3.619952507479217568e-02
3.407046639422246087e-02
4.252894015784244863e-02
3.927467609837055618e-02
3.419622439593061197e-02
4.160639535549305601e-02
2.806384783857468132e-02
2.348015219189361277e-02
2.614674670997631234e-02
2.859177229703507850e-02
2.843705056887224636e-02
2.703658952637996715e-02
3.080590456815329378e-02
2.449210044108860243e-02
1.929727176871770186e-02
2.277304864053379327e-02
2.732277287039351979e-02
2.686256856712852109e-02
1.581137766528700056e-02
2.845967806479082415e-02
2.146604227753230731e-02
1.402968549404357695e-02
1.535764475118685246e-02
1.726403971967465506e-02
1.757189864640071666e-02
1.281432194680092070e-02
1.572463768621908814e-02
1.766206930987472210e-02
1.049734114141034902e-02
1.155110873251314479e-02
1.476125222008172443e-02
2.053448035829648355e-02
1.843085224809958705e-02
2.655550242296318350e-02
1.190100673936696392e-02
1.382049725663030658e-02
1.025434340303416417e-02
6.259361529999532721e-03
8.424883812509498249e-03
9.233496919275472475e-03
7.400088607438942007e-03
1.289616323226444941e-02
1.640403796504272260e-02
2.229265678043362842e-02
1.048550589417971551e-02
8.901238772549748685e-03
6.392902840997312375e-03
2.888903883383358608e-03
2.667629683647760284e-03
1.324403369225446610e-02
1.075927057724852982e-02
7.418788301832597055e-03
1.006594494280550062e-02
1.408509211571906325e-02
1.200584184778149058e-02
1.757567119456353993e-02
1.440204349935018252e-02
6.150585625364826843e-03
4.708681688743433097e-03
8.180438831182679921e-03
9.300979107195919693e-03
7.214202409600826635e-03
6.889228651756265989e-03
3.803009744763071517e-03
1.978375780736071812e-03
2.267210174270474325e-03
7.617500536687138446e-03
2.298615016220657836e-02
1.553415443511860401e-02
1.154567764926775313e-02
7.503804277323770054e-03
7.237968569337107846e-03
8.925782622784414477e-03
4.234258287072031370e-03
6.862640729332172493e-03
4.808711835123348315e-03
2.469306297902304492e-03
6.477052657458658332e-03
4.575431791619585450e-03
3.756252766083543245e-03
6.011691163061353045e-03
4.667705866386192247e-03
1.228740939115769565e-02
4.619797249664814136e-03
6.076711919883810015e-03
7.345677716402492993e-03
6.590583721065690348e-03
5.127551275166708153e-03
1.325740305970401871e-02
1.038801249078500320e-02
9.446257225784380346e-03
1.794895777346352563e-03
1.421681954323197883e-03
1.470372709269610880e-03
1.375922503969844715e-03
1.360600094915295028e-03
2.023769131915582539e-03
1.610128118441420814e-02
1.385891056208782453e-02
4.398022132998581461e-03
1.542959224311474123e-03
2.498015643758721375e-03
2.269526499099827881e-03
2.040158811518626419e-03
