1.428571492433547974e-01
4.022556245326995850e-01
5.321428775787353516e-01
5.520833134651184082e-01
5.964912176132202148e-01
6.306620240211486816e-01
6.310344934463500977e-01
5.902777910232543945e-01
6.140939593315124512e-01
6.597222089767456055e-01
6.574394702911376953e-01
6.989619135856628418e-01
6.563574075698852539e-01
6.292517185211181641e-01
7.194244861602783203e-01
7.067137956619262695e-01
7.157534360885620117e-01
7.235494852066040039e-01
7.089040875434875488e-01
7.377622127532958984e-01
7.830882072448730469e-01
7.363013625144958496e-01
7.958477735519409180e-01
7.370242476463317871e-01
7.689769268035888672e-01
7.910959124565124512e-01
7.739726305007934570e-01
7.758620977401733398e-01
7.661017179489135742e-01
7.793103456497192383e-01
8.114477992057800293e-01
8.033898472785949707e-01
7.823129296302795410e-01
7.926421165466308594e-01
8.355262875556945801e-01
8.481848239898681641e-01
8.382838368415832520e-01
8.098360896110534668e-01
8.724831938743591309e-01
8.855218887329101562e-01
8.633333444595336914e-01
8.833333253860473633e-01
8.940397500991821289e-01
8.653846383094787598e-01
8.954248428344726562e-01
8.658146858215332031e-01
9.166666865348815918e-01
8.955696225166320801e-01
8.741722106933593750e-01
8.831169009208679199e-01
9.253246784210205078e-01
8.512658476829528809e-01
9.216300845146179199e-01
9.462025165557861328e-01
9.207317233085632324e-01
9.135802388191223145e-01
9.206349253654479980e-01
9.187499880790710449e-01
9.163987040519714355e-01
9.261538386344909668e-01
9.561128616333007812e-01
9.233129024505615234e-01
9.247648715972900391e-01
9.310345053672790527e-01
9.569230675697326660e-01
9.252336621284484863e-01
9.287925958633422852e-01
9.756097793579101562e-01
9.575757384300231934e-01
9.480122327804565430e-01
9.456193447113037109e-01
9.665653705596923828e-01
9.483282566070556641e-01
9.539877176284790039e-01
9.671641588211059570e-01
9.698795080184936523e-01
9.518072009086608887e-01
9.285714030265808105e-01
9.277108311653137207e-01
9.283488988876342773e-01
9.582089781761169434e-01
9.548192620277404785e-01
9.700598716735839844e-01
1.000000000000000000e+00
9.792899489402770996e-01
9.728915691375732422e-01
9.820895791053771973e-01
9.667673707008361816e-01
9.487951993942260742e-01
9.164178967475891113e-01
9.757575988769531250e-01
9.791666865348815918e-01
9.909638762474060059e-01
1.000000000000000000e+00
1.000000000000000000e+00
9.730538725852966309e-01
9.700598716735839844e-01
9.821428656578063965e-01
9.728096723556518555e-01
9.577039480209350586e-01
9.671641588211059570e-01
9.345238208770751953e-01
9.489489197731018066e-01
9.880596995353698730e-01
9.910979270935058594e-01
9.848942756652832031e-01
9.791666865348815918e-01
9.791666865348815918e-01
9.761193990707397461e-01
9.911242723464965820e-01
1.000000000000000000e+00
1.000000000000000000e+00
9.879153966903686523e-01
9.228486418724060059e-01
9.307228922843933105e-01
9.519519805908203125e-01
9.761193990707397461e-01
9.762611389160156250e-01
9.730538725852966309e-01
9.882352948188781738e-01
9.764011502265930176e-01
9.881305694580078125e-01
9.941176176071166992e-01
9.733727574348449707e-01
9.880596995353698730e-01
9.852070808410644531e-01
9.705014824867248535e-01
9.853372573852539062e-01
9.640718698501586914e-01
9.850746393203735352e-01
9.794721603393554688e-01
9.880952239036560059e-01
9.733727574348449707e-01
9.824047088623046875e-01
9.554896354675292969e-01
9.759759902954101562e-01
9.791044592857360840e-01
1.000000000000000000e+00
1.000000000000000000e+00
1.000000000000000000e+00
1.000000000000000000e+00
1.000000000000000000e+00
9.941176176071166992e-01
9.418604373931884766e-01
9.609609842300415039e-01
9.880596995353698730e-01
1.000000000000000000e+00
9.911504387855529785e-01
9.940828680992126465e-01
9.941002726554870605e-01
