8.907563090324401855e-01
9.230769276618957520e-01
9.166666865348815918e-01
9.487179517745971680e-01
9.090909361839294434e-01
9.499999880790710449e-01
9.250000119209289551e-01
9.349593520164489746e-01
9.576271176338195801e-01
9.112903475761413574e-01
9.586777091026306152e-01
9.916666746139526367e-01
9.590163826942443848e-01
9.833333492279052734e-01
9.750000238418579102e-01
9.090909361839294434e-01
8.770492076873779297e-01
9.593495726585388184e-01
9.918032884597778320e-01
9.593495726585388184e-01
9.836065769195556641e-01
9.918032884597778320e-01
9.586777091026306152e-01
8.861788511276245117e-01
9.508196711540222168e-01
9.754098653793334961e-01
9.508196711540222168e-01
9.504132270812988281e-01
9.590163826942443848e-01
9.752066135406494141e-01
1.000000000000000000e+00
1.000000000000000000e+00
1.000000000000000000e+00
1.000000000000000000e+00
1.000000000000000000e+00
1.000000000000000000e+00
1.000000000000000000e+00
1.000000000000000000e+00
1.000000000000000000e+00
1.000000000000000000e+00
1.000000000000000000e+00
1.000000000000000000e+00
1.000000000000000000e+00
1.000000000000000000e+00
1.000000000000000000e+00
1.000000000000000000e+00
1.000000000000000000e+00
1.000000000000000000e+00
1.000000000000000000e+00
1.000000000000000000e+00
