9.333333373069763184e-01
9.579831957817077637e-01
9.421487450599670410e-01
9.652174115180969238e-01
9.090909361839294434e-01
9.105691313743591309e-01
9.512194991111755371e-01
9.915254116058349609e-01
9.411764740943908691e-01
9.661017060279846191e-01
9.512194991111755371e-01
9.262295365333557129e-01
9.504132270812988281e-01
9.596773982048034668e-01
9.590163826942443848e-01
9.750000238418579102e-01
9.499999880790710449e-01
9.752066135406494141e-01
9.512194991111755371e-01
9.750000238418579102e-01
9.747899174690246582e-01
9.586777091026306152e-01
9.834710955619812012e-01
9.504132270812988281e-01
9.836065769195556641e-01
9.750000238418579102e-01
9.661017060279846191e-01
9.487179517745971680e-01
9.674796462059020996e-01
9.916666746139526367e-01
9.593495726585388184e-01
9.754098653793334961e-01
9.752066135406494141e-01
9.344262480735778809e-01
9.186992049217224121e-01
9.747899174690246582e-01
9.750000238418579102e-01
9.674796462059020996e-01
9.917355179786682129e-01
1.000000000000000000e+00
9.672130942344665527e-01
9.499999880790710449e-01
9.586777091026306152e-01
9.750000238418579102e-01
9.915966391563415527e-01
9.586777091026306152e-01
9.752066135406494141e-01
9.836065769195556641e-01
9.836065769195556641e-01
9.596773982048034668e-01
