9.019659814320551972e-01
3.778607295631598584e-01
2.651641008485904893e-01
2.155917211737984895e-01
1.853015256099911356e-01
1.833246001473158027e-01
1.520851382322235823e-01
1.485276775654367498e-01
1.340817371466858088e-01
1.330596897339668128e-01
1.238759007410220325e-01
1.213534521286527140e-01
1.069394438756756938e-01
1.266156908479942889e-01
1.074803304484642785e-01
9.892466269627275821e-02
9.824941509452084221e-02
8.765126658098745804e-02
8.741773737294693258e-02
9.223265540173514188e-02
8.202468078405147911e-02
8.325479421785675349e-02
8.299260856636371531e-02
7.422090383787852130e-02
7.586021321326145983e-02
7.402752659319034034e-02
7.069824556674410287e-02
7.078940646854203766e-02
6.482564723642196547e-02
6.454115557981759954e-02
7.004761604576055511e-02
6.325879362185372889e-02
6.281970734190220340e-02
6.082214678251884887e-02
5.649956469822504934e-02
6.227086654239742669e-02
5.439333543195461196e-02
5.426068860227280938e-02
5.369863098089172615e-02
5.020463225806305607e-02
5.096493255848305592e-02
4.753415999176521800e-02
4.360285690956483551e-02
4.532968250706741198e-02
5.170687722878392067e-02
3.759674937595938737e-02
4.112252326161960903e-02
4.501258937850498992e-02
3.568343916297789936e-02
3.592212263173874542e-02
3.890574269763397847e-02
3.960346556333575740e-02
3.527672464492082743e-02
4.043078068099688338e-02
3.266919721290047901e-02
3.646096097666291086e-02
3.386511159404308885e-02
2.774645865435336131e-02
2.953840777758176203e-02
3.091114948391689848e-02
2.981794707524835011e-02
3.056815097219413649e-02
2.761200460715200478e-02
2.531027458903028354e-02
2.559136891680710915e-02
2.430295073429014976e-02
2.372061041040894255e-02
2.316079370556711758e-02
3.016633280534318159e-02
2.463635993904486621e-02
1.879263478178563179e-02
1.777816887199316909e-02
2.662440752512271538e-02
1.987588978777971374e-02
1.793946986024531551e-02
2.192137380150949513e-02
1.651405489898563617e-02
1.664570726926764554e-02
1.686712865990822041e-02
1.864795791841074649e-02
2.047272162519667843e-02
2.212028260575519753e-02
1.497606703644015214e-02
1.281405454368112623e-02
1.600552903733307858e-02
1.845183032714012988e-02
1.112305790219628686e-02
2.026828329815696592e-02
1.278437946788275881e-02
1.439222393431404193e-02
1.097300356886564757e-02
1.363796427459103289e-02
1.462732048600257767e-02
1.826331941379305199e-02
1.188905505258821757e-02
8.822692529225698022e-03
1.536196209074310731e-02
1.274995436455564346e-02
1.661878073231000744e-02
1.509999841050751503e-02
9.778863699426414841e-03
6.400594146359856428e-03
8.160356547324708679e-03
7.663249819709042412e-03
1.019179504231331780e-02
2.190349979815485806e-02
1.154267022684932545e-02
1.159988255566495041e-02
7.793775132407574670e-03
6.826838559748045661e-03
1.009756230297745826e-02
1.204600742013399797e-02
7.394797735364143539e-03
6.900142883629876468e-03
7.689133141169804050e-03
1.030909822142868706e-02
1.098386284103108033e-02
7.343142847992168223e-03
1.120549862757830653e-02
9.729386296153455516e-03
5.608765712024379492e-03
7.549426028181304218e-03
6.217137160804016988e-03
2.547603179828803951e-02
1.115078277946644596e-02
5.549352587593169885e-03
3.514875578572934992e-03
7.430469174728940827e-03
6.060968627651210430e-03
7.648751399185981653e-03
4.595086827194560207e-03
5.303903113607608133e-03
1.222156137586078058e-02
1.399137251678667440e-02
5.602284137751448179e-03
3.271373561199064812e-03
3.453034876248649385e-03
1.038119920698453262e-02
9.417650426530496319e-03
1.514850696930581005e-02
9.392512404288615169e-03
7.318031416133135778e-03
2.413199329827734989e-03
4.672250502433555885e-03
9.912077960204733473e-03
1.525633605419985696e-02
1.614331917286472573e-02
5.726968637315497934e-03
3.769060340911835078e-03
3.208852842533690703e-03
