1.186666637659072876e-01
2.518518567085266113e-01
4.576023519039154053e-01
5.737482905387878418e-01
6.535947918891906738e-01
6.772553920745849609e-01
7.280701994895935059e-01
7.490729093551635742e-01
7.685748934745788574e-01
7.619047760963439941e-01
7.834928035736083984e-01
7.956989407539367676e-01
8.155688643455505371e-01
7.649123072624206543e-01
8.162790536880493164e-01
8.337292075157165527e-01
8.345070481300354004e-01
8.576388955116271973e-01
8.659673929214477539e-01
8.510392904281616211e-01
8.779069781303405762e-01
8.823529481887817383e-01
8.690205216407775879e-01
8.943662047386169434e-01
8.874710202217102051e-01
8.876146674156188965e-01
8.923611044883728027e-01
8.792325258255004883e-01
8.988505601882934570e-01
9.002267718315124512e-01
8.863636255264282227e-01
9.096109867095947266e-01
9.059633016586303711e-01
8.927374482154846191e-01
9.126436710357666016e-01
8.903954625129699707e-01
9.236901998519897461e-01
9.173272848129272461e-01
9.175141453742980957e-01
9.162895679473876953e-01
9.214122891426086426e-01
9.317406415939331055e-01
9.365079402923583984e-01
9.304152727127075195e-01
9.152731299400329590e-01
9.430803656578063965e-01
9.331823587417602539e-01
9.305710792541503906e-01
9.505618214607238770e-01
9.494949579238891602e-01
9.415730237960815430e-01
9.348314404487609863e-01
9.449438452720642090e-01
9.350503683090209961e-01
9.563758373260498047e-01
9.406495094299316406e-01
9.392265081405639648e-01
9.597765207290649414e-01
9.566666483879089355e-01
9.573512673377990723e-01
9.467849135398864746e-01
9.564245939254760742e-01
9.548457860946655273e-01
9.549450278282165527e-01
9.578713774681091309e-01
9.578246474266052246e-01
9.634551405906677246e-01
9.603524208068847656e-01
9.498327970504760742e-01
9.654788374900817871e-01
9.722838401794433594e-01
9.779492616653442383e-01
9.599999785423278809e-01
9.712070822715759277e-01
9.702315330505371094e-01
9.637362360954284668e-01
9.725877046585083008e-01
9.746695756912231445e-01
9.713656306266784668e-01
9.735682606697082520e-01
9.660831689834594727e-01
9.573304057121276855e-01
9.770240783691406250e-01
9.835164546966552734e-01
9.800664186477661133e-01
9.745856523513793945e-01
9.813800454139709473e-01
9.682017564773559570e-01
9.813596606254577637e-01
9.769989252090454102e-01
9.867987036705017090e-01
9.759299755096435547e-01
9.736263751983642578e-01
9.661202430725097656e-01
9.812981486320495605e-01
9.868852496147155762e-01
9.714912176132202148e-01
9.813392162322998047e-01
9.724669456481933594e-01
9.738562107086181641e-01
9.846659302711486816e-01
9.934425950050354004e-01
9.826275706291198730e-01
9.890829920768737793e-01
9.825518131256103516e-01
9.680967926979064941e-01
9.835526347160339355e-01
9.803278446197509766e-01
9.858695864677429199e-01
9.945235252380371094e-01
9.858387708663940430e-01
9.823788404464721680e-01
9.869138598442077637e-01
9.891304373741149902e-01
9.890829920768737793e-01
9.825136661529541016e-01
9.868708848953247070e-01
9.880304932594299316e-01
9.824945330619812012e-01
9.815016388893127441e-01
9.901853799819946289e-01
9.815418124198913574e-01
9.923664331436157227e-01
9.604395627975463867e-01
9.846994280815124512e-01
9.945414662361145020e-01
9.945533871650695801e-01
9.880043864250183105e-01
9.912663698196411133e-01
9.868995547294616699e-01
9.945474267005920410e-01
9.945533871650695801e-01
9.792349934577941895e-01
9.781181812286376953e-01
9.934425950050354004e-01
9.967355728149414062e-01
9.945592880249023438e-01
9.825708270072937012e-01
9.879781603813171387e-01
9.750000238418579102e-01
9.836065769195556641e-01
9.912376999855041504e-01
9.989094734191894531e-01
9.913138151168823242e-01
9.868995547294616699e-01
9.760348796844482422e-01
9.748083353042602539e-01
9.891422390937805176e-01
9.956427216529846191e-01
9.956427216529846191e-01
