9.673912823200225830e-02
1.847826093435287476e-01
3.402173817157745361e-01
4.608695507049560547e-01
5.434782505035400391e-01
5.793478488922119141e-01
6.315217614173889160e-01
6.586956381797790527e-01
6.858695745468139648e-01
6.782608628273010254e-01
7.119565010070800781e-01
7.239130139350891113e-01
7.402173876762390137e-01
7.108695507049560547e-01
7.630434632301330566e-01
7.630434632301330566e-01
7.728260755538940430e-01
8.054347634315490723e-01
8.076087236404418945e-01
8.010869622230529785e-01
8.206521868705749512e-01
8.152173757553100586e-01
8.293478488922119141e-01
8.282608985900878906e-01
8.315217494964599609e-01
8.413043618202209473e-01
8.380434513092041016e-01
8.467391133308410645e-01
8.500000238418579102e-01
8.630434870719909668e-01
8.478260636329650879e-01
8.641304373741149902e-01
8.586956262588500977e-01
8.684782385826110840e-01
8.630434870719909668e-01
8.565217256546020508e-01
8.815217614173889160e-01
8.804348111152648926e-01
8.826087117195129395e-01
8.804348111152648926e-01
8.793478012084960938e-01
8.902173638343811035e-01
8.978260755538940430e-01
9.010869860649108887e-01
8.923913240432739258e-01
9.184782505035400391e-01
8.956521749496459961e-01
9.032608866691589355e-01
9.195652008056640625e-01
9.195652008056640625e-01
9.108695387840270996e-01
9.043478369712829590e-01
9.141304492950439453e-01
9.076086878776550293e-01
9.293478131294250488e-01
9.130434989929199219e-01
9.239130616188049316e-01
9.336956739425659180e-01
9.358695745468139648e-01
9.271739125251770020e-01
9.282608628273010254e-01
9.304347634315490723e-01
9.423912763595581055e-01
9.445652365684509277e-01
9.391304254531860352e-01
9.380434751510620117e-01
9.456521868705749512e-01
9.478260874748229980e-01
9.260869622230529785e-01
9.423912763595581055e-01
9.532608985900878906e-01
9.641304612159729004e-01
9.391304254531860352e-01
9.532608985900878906e-01
9.565217494964599609e-01
9.532608985900878906e-01
9.641304612159729004e-01
9.619565010070800781e-01
9.586956501007080078e-01
9.608695507049560547e-01
9.597826004028320312e-01
9.510869383811950684e-01
9.706521630287170410e-01
9.728260636329650879e-01
9.619565010070800781e-01
9.586956501007080078e-01
9.739130139350891113e-01
9.597826004028320312e-01
9.728260636329650879e-01
9.695652127265930176e-01
9.750000238418579102e-01
9.695652127265930176e-01
9.630434513092041016e-01
9.608695507049560547e-01
9.695652127265930176e-01
9.815217256546020508e-01
9.630434513092041016e-01
9.717391133308410645e-01
9.597826004028320312e-01
9.717391133308410645e-01
9.771739244461059570e-01
9.880434870719909668e-01
9.836956262588500977e-01
9.847826361656188965e-01
9.793478250503540039e-01
9.565217494964599609e-01
9.750000238418579102e-01
9.750000238418579102e-01
9.858695864677429199e-01
9.869565367698669434e-01
9.836956262588500977e-01
9.695652127265930176e-01
9.836956262588500977e-01
9.891304373741149902e-01
9.847826361656188965e-01
9.771739244461059570e-01
9.804347753524780273e-01
9.869565367698669434e-01
9.760869741439819336e-01
9.804347753524780273e-01
9.869565367698669434e-01
9.826086759567260742e-01
9.891304373741149902e-01
9.499999880790710449e-01
9.793478250503540039e-01
9.902173876762390137e-01
9.923912882804870605e-01
9.847826361656188965e-01
9.869565367698669434e-01
9.826086759567260742e-01
9.913043379783630371e-01
9.923912882804870605e-01
9.739130139350891113e-01
9.717391133308410645e-01
9.880434870719909668e-01
9.956521987915039062e-01
9.934782385826110840e-01
9.804347753524780273e-01
9.826086759567260742e-01
9.750000238418579102e-01
9.782608747482299805e-01
9.836956262588500977e-01
9.956521987915039062e-01
9.923912882804870605e-01
9.826086759567260742e-01
9.739130139350891113e-01
9.673913121223449707e-01
9.902173876762390137e-01
9.934782385826110840e-01
9.934782385826110840e-01
