1.384180784225463867e-01
2.222222238779067993e-01
2.830188572406768799e-01
3.378378450870513916e-01
4.026845693588256836e-01
4.510489404201507568e-01
4.655172526836395264e-01
4.918566644191741943e-01
4.966887533664703369e-01
5.358361601829528809e-01
5.396825671195983887e-01
5.249169468879699707e-01
5.719178318977355957e-01
6.258503198623657227e-01
6.310344934463500977e-01
5.569620132446289062e-01
6.324503421783447266e-01
6.518987417221069336e-01
6.342281699180603027e-01
6.824324131011962891e-01
6.564626097679138184e-01
6.908517479896545410e-01
6.510903239250183105e-01
6.893203854560852051e-01
7.591972947120666504e-01
6.892307400703430176e-01
7.741935253143310547e-01
7.675158977508544922e-01
7.411003112792968750e-01
6.835442781448364258e-01
7.098765373229980469e-01
7.500000000000000000e-01
6.766467094421386719e-01
8.066465258598327637e-01
7.716049551963806152e-01
8.109756112098693848e-01
7.703927755355834961e-01
8.017751574516296387e-01
8.088235259056091309e-01
8.493975996971130371e-01
8.601190447807312012e-01
8.428571224212646484e-01
8.474576473236083984e-01
8.240223526954650879e-01
8.739495873451232910e-01
8.319088220596313477e-01
8.452721834182739258e-01
8.781869411468505859e-01
8.493150472640991211e-01
8.324324488639831543e-01
8.823529481887817383e-01
8.698061108589172363e-01
8.711484670639038086e-01
8.790322542190551758e-01
8.867924809455871582e-01
9.002624750137329102e-01
8.627968430519104004e-01
8.426966071128845215e-01
9.168900847434997559e-01
9.050132036209106445e-01
9.270833134651184082e-01
8.970189690589904785e-01
9.060052037239074707e-01
8.976377844810485840e-01
9.028871655464172363e-01
9.499999880790710449e-01
9.283887743949890137e-01
8.937823772430419922e-01
9.120603203773498535e-01
9.240506291389465332e-01
9.275000095367431641e-01
8.610354065895080566e-01
9.389312863349914551e-01
9.476309418678283691e-01
9.348371028900146484e-01
9.251337051391601562e-01
9.555555582046508789e-01
9.610705375671386719e-01
9.478908181190490723e-01
9.454094171524047852e-01
9.156327247619628906e-01
9.511002302169799805e-01
9.754902124404907227e-01
9.325301051139831543e-01
9.782082438468933105e-01
9.495192170143127441e-01
9.393203854560852051e-01
9.781022071838378906e-01
9.430692791938781738e-01
9.469879269599914551e-01
9.619952440261840820e-01
9.617224931716918945e-01
9.106280207633972168e-01
9.158653616905212402e-01
9.619952440261840820e-01
9.714964628219604492e-01
9.835293889045715332e-01
9.807229042053222656e-01
9.469879269599914551e-01
9.420289993286132812e-01
9.379475116729736328e-01
9.716981053352355957e-01
9.468598961830139160e-01
9.952718615531921387e-01
9.833333492279052734e-01
9.210526347160339355e-01
9.668246507644653320e-01
9.929906725883483887e-01
9.835293889045715332e-01
1.000000000000000000e+00
1.000000000000000000e+00
9.859154820442199707e-01
9.312795996665954590e-01
9.287410974502563477e-01
9.134615659713745117e-01
9.929078221321105957e-01
9.976580739021301270e-01
9.811320900917053223e-01
9.882075190544128418e-01
9.573459625244140625e-01
9.666666388511657715e-01
9.929412007331848145e-01
9.929245114326477051e-01
9.739336371421813965e-01
9.241706132888793945e-01
9.763593673706054688e-01
9.929412007331848145e-01
9.976525902748107910e-01
9.952940940856933594e-01
9.432623982429504395e-01
9.379475116729736328e-01
9.576470851898193359e-01
9.765807986259460449e-01
9.906103014945983887e-01
1.000000000000000000e+00
9.906542301177978516e-01
9.691942930221557617e-01
9.835293889045715332e-01
9.651162624359130859e-01
9.647058844566345215e-01
9.786223173141479492e-01
9.883177280426025391e-01
1.000000000000000000e+00
1.000000000000000000e+00
1.000000000000000000e+00
1.000000000000000000e+00
1.000000000000000000e+00
1.000000000000000000e+00
1.000000000000000000e+00
1.000000000000000000e+00
