1.144859790802001953e-01
1.588785052299499512e-01
2.102803736925125122e-01
2.336448580026626587e-01
2.803738415241241455e-01
3.014018833637237549e-01
3.154205679893493652e-01
3.528037369251251221e-01
3.504672944545745850e-01
3.668224215507507324e-01
3.971962630748748779e-01
3.691588640213012695e-01
3.901869058609008789e-01
4.299065470695495605e-01
4.275701045989990234e-01
4.112149477005004883e-01
4.462616741657257080e-01
4.813084006309509277e-01
4.415887892246246338e-01
4.719626307487487793e-01
4.509345889091491699e-01
5.116822719573974609e-01
4.883177578449249268e-01
4.976635575294494629e-01
5.303738117218017578e-01
5.233644843101501465e-01
5.607476830482482910e-01
5.630841255187988281e-01
5.350467562675476074e-01
5.046728849411010742e-01
5.373831987380981445e-01
5.817757248878479004e-01
5.280373692512512207e-01
6.238317489624023438e-01
5.841121673583984375e-01
6.214953064918518066e-01
5.957943797111511230e-01
6.331775784492492676e-01
6.425233483314514160e-01
6.588785052299499512e-01
6.752336621284484863e-01
6.892523169517517090e-01
7.009345889091491699e-01
6.892523169517517090e-01
7.289719581604003906e-01
6.822429895401000977e-01
6.892523169517517090e-01
7.242990732192993164e-01
7.242990732192993164e-01
7.196261882781982422e-01
7.359812855720520020e-01
7.336448431015014648e-01
7.266355156898498535e-01
7.640187144279479980e-01
7.686915993690490723e-01
8.014018535614013672e-01
7.640187144279479980e-01
7.009345889091491699e-01
7.990654110908508301e-01
8.014018535614013672e-01
8.317757248878479004e-01
7.733644843101501465e-01
8.107476830482482910e-01
7.990654110908508301e-01
8.037382960319519043e-01
8.434579372406005859e-01
8.481308221817016602e-01
8.060747385025024414e-01
8.481308221817016602e-01
8.528037667274475098e-01
8.668224215507507324e-01
7.383177280426025391e-01
8.621495366096496582e-01
8.878504633903503418e-01
8.714953064918518066e-01
8.084112405776977539e-01
9.042056202888488770e-01
9.228972196578979492e-01
8.925233483314514160e-01
8.901869058609008789e-01
8.621495366096496582e-01
9.088785052299499512e-01
9.299065470695495605e-01
9.042056202888488770e-01
9.439252614974975586e-01
9.228972196578979492e-01
9.042056202888488770e-01
9.392523169517517090e-01
8.901869058609008789e-01
9.182242751121520996e-01
9.462617039680480957e-01
9.392523169517517090e-01
8.808411359786987305e-01
8.901869058609008789e-01
9.462617039680480957e-01
9.556074738502502441e-01
9.766355156898498535e-01
9.509345889091491699e-01
9.182242751121520996e-01
9.112149477005004883e-01
9.182242751121520996e-01
9.626168012619018555e-01
9.158878326416015625e-01
9.836448431015014648e-01
9.649532437324523926e-01
8.995327353477478027e-01
9.532710313796997070e-01
9.929906725883483887e-01
9.766355156898498535e-01
1.000000000000000000e+00
9.953271150588989258e-01
9.813084006309509277e-01
9.182242751121520996e-01
9.135513901710510254e-01
8.878504633903503418e-01
9.813084006309509277e-01
9.953271150588989258e-01
9.719626307487487793e-01
9.789719581604003906e-01
9.439252614974975586e-01
9.485981464385986328e-01
9.859812855720520020e-01
9.836448431015014648e-01
9.602803587913513184e-01
9.112149477005004883e-01
9.649532437324523926e-01
9.859812855720520020e-01
9.929906725883483887e-01
9.883177280426025391e-01
9.322429895401000977e-01
9.182242751121520996e-01
9.509345889091491699e-01
9.742990732192993164e-01
9.859812855720520020e-01
9.929906725883483887e-01
9.906542301177978516e-01
9.556074738502502441e-01
9.766355156898498535e-01
9.696261882781982422e-01
9.579439163208007812e-01
9.626168012619018555e-01
9.883177280426025391e-01
9.929906725883483887e-01
1.000000000000000000e+00
1.000000000000000000e+00
1.000000000000000000e+00
1.000000000000000000e+00
1.000000000000000000e+00
1.000000000000000000e+00
1.000000000000000000e+00
