1.509433984756469727e-01
3.913043439388275146e-01
5.774647593498229980e-01
6.086956262588500977e-01
5.731707215309143066e-01
6.625000238418579102e-01
8.072289228439331055e-01
6.734693646430969238e-01
7.500000000000000000e-01
7.252747416496276855e-01
7.802197933197021484e-01
7.578947544097900391e-01
7.281553149223327637e-01
6.899999976158142090e-01
7.472527623176574707e-01
7.363636493682861328e-01
7.916666865348815918e-01
7.628865838050842285e-01
7.425742745399475098e-01
8.490566015243530273e-01
7.623762488365173340e-01
7.500000000000000000e-01
8.000000119209289551e-01
7.809523940086364746e-01
8.299999833106994629e-01
7.864077687263488770e-01
8.148148059844970703e-01
8.000000119209289551e-01
8.461538553237915039e-01
7.904762029647827148e-01
8.205128312110900879e-01
7.884615659713745117e-01
8.378378152847290039e-01
8.518518805503845215e-01
8.108108043670654297e-01
8.773584961891174316e-01
8.198198080062866211e-01
8.181818127632141113e-01
8.205128312110900879e-01
8.141592741012573242e-01
9.056603908538818359e-01
8.495575189590454102e-01
8.684210777282714844e-01
9.099099040031433105e-01
8.482142686843872070e-01
8.620689511299133301e-01
8.771929740905761719e-01
9.272727370262145996e-01
8.761062026023864746e-01
9.189189076423645020e-01
9.026548862457275391e-01
9.017857313156127930e-01
7.964601516723632812e-01
8.706896305084228516e-01
8.947368264198303223e-01
9.304347634315490723e-01
9.380530714988708496e-01
9.115044474601745605e-01
8.803418874740600586e-01
8.706896305084228516e-01
9.491525292396545410e-01
9.316239356994628906e-01
9.316239356994628906e-01
8.974359035491943359e-01
9.067796468734741211e-01
9.243697524070739746e-01
8.793103694915771484e-01
9.243697524070739746e-01
9.310345053672790527e-01
9.217391014099121094e-01
9.401709437370300293e-01
9.230769276618957520e-01
9.491525292396545410e-01
9.217391014099121094e-01
9.401709437370300293e-01
9.406779408454895020e-01
9.304347634315490723e-01
9.561403393745422363e-01
9.743589758872985840e-01
9.491525292396545410e-01
9.416666626930236816e-01
9.736841917037963867e-01
9.579831957817077637e-01
9.743589758872985840e-01
9.268292784690856934e-01
8.999999761581420898e-01
9.663865566253662109e-01
9.491525292396545410e-01
9.827586412429809570e-01
9.674796462059020996e-01
9.338843226432800293e-01
9.661017060279846191e-01
9.200000166893005371e-01
9.747899174690246582e-01
9.590163826942443848e-01
9.672130942344665527e-01
9.663865566253662109e-01
9.083333611488342285e-01
9.672130942344665527e-01
9.830508232116699219e-01
9.416666626930236816e-01
9.262295365333557129e-01
9.750000238418579102e-01
9.435483813285827637e-01
9.583333134651184082e-01
8.991596698760986328e-01
9.754098653793334961e-01
9.917355179786682129e-01
9.674796462059020996e-01
9.487179517745971680e-01
9.747899174690246582e-01
9.512194991111755371e-01
9.333333373069763184e-01
9.075630307197570801e-01
9.426229596138000488e-01
9.837398529052734375e-01
9.349593520164489746e-01
9.512194991111755371e-01
9.491525292396545410e-01
9.754098653793334961e-01
9.666666388511657715e-01
9.593495726585388184e-01
9.499999880790710449e-01
9.756097793579101562e-01
9.917355179786682129e-01
9.180327653884887695e-01
9.421487450599670410e-01
9.758064746856689453e-01
9.833333492279052734e-01
9.836065769195556641e-01
9.918032884597778320e-01
9.674796462059020996e-01
9.917355179786682129e-01
9.758064746856689453e-01
9.915254116058349609e-01
9.917355179786682129e-01
9.754098653793334961e-01
9.754098653793334961e-01
1.000000000000000000e+00
9.758064746856689453e-01
9.750000238418579102e-01
9.672130942344665527e-01
9.917355179786682129e-01
9.344262480735778809e-01
9.590163826942443848e-01
9.834710955619812012e-01
9.747899174690246582e-01
9.754098653793334961e-01
9.586777091026306152e-01
9.752066135406494141e-01
