5.587852035934693928e-01
2.246946046084905557e-01
1.887930271943609184e-01
1.774252195657669839e-01
1.653957685094646080e-01
1.560494138598381153e-01
1.457540864103768763e-01
1.376147449421568358e-01
1.404585022229217495e-01
1.314210403473467237e-01
1.249407039175143702e-01
1.293999784877001291e-01
1.187467622688976321e-01
1.156324715463647596e-01
1.118832642416721646e-01
1.127402991166065599e-01
1.057334060000303805e-01
1.008242307213891853e-01
1.015916576347708489e-01
1.082946282636465252e-01
9.872051264245310098e-02
9.690238253580875372e-02
9.306251684047112116e-02
1.122754823058292467e-01
9.384205928707044231e-02
8.495738097121385834e-02
8.651432055643865082e-02
9.140748651668732794e-02
8.975634811676545810e-02
8.094460410665926808e-02
7.667085426819876537e-02
7.753846588080837154e-02
7.831797418792169063e-02
7.775183598686680186e-02
6.813458122995884325e-02
6.925110920047179708e-02
7.426797529857419311e-02
7.687124132381507879e-02
6.352650118157948667e-02
6.088970870059735169e-02
6.270678292933665188e-02
6.178825009249579170e-02
5.857940066822388270e-02
5.372782819459517856e-02
5.856936552502915727e-02
5.256578506114132493e-02
5.352573381087698950e-02
5.548728124727763528e-02
5.089750663310067119e-02
4.772955409423486339e-02
4.583800497064310919e-02
4.227227285958060077e-02
5.402254554554111743e-02
4.094767659564567397e-02
4.286838783295902205e-02
3.371743597866742881e-02
3.947691892160389709e-02
3.818489987051255918e-02
3.393685809192246300e-02
3.236609810467113574e-02
3.424308261490274785e-02
3.448456432827367441e-02
3.093559975802739892e-02
3.633043632068100326e-02
3.089347942564318536e-02
3.081785378521082613e-02
2.217559531579237422e-02
2.832384358342046951e-02
1.880679226352816036e-02
2.163896994187375702e-02
2.269601044182735158e-02
2.195639710953679880e-02
2.567056488627123337e-02
2.825631642391743595e-02
1.926225882384796986e-02
1.435322293337414415e-02
1.719329145553239943e-02
1.889605800538137620e-02
2.271814040761260811e-02
2.744752904040527811e-02
2.665855104977816331e-02
3.119928704345751105e-02
1.345061530760946478e-02
9.657794414208982145e-03
8.503916370470689101e-03
9.628969916387368141e-03
1.272827659615500921e-02
1.916218825907224643e-02
1.516386162467956399e-02
1.089619486078374777e-02
1.222334877174198128e-02
7.971392216773147063e-03
1.146380473059605172e-02
1.657678202356824629e-02
1.322060373409154367e-02
1.365999702369535308e-02
8.688043406210543829e-03
1.700942319690993895e-02
1.276236306024269851e-02
2.076772647687433193e-02
1.215914167406493586e-02
7.214034623136705675e-03
5.595533848509208832e-03
1.535961314878997799e-02
1.825340923264088394e-02
1.420004114727875522e-02
1.043835343570171867e-02
6.347659732301415975e-03
4.544965554114582980e-03
6.818956420820157516e-03
9.237067730735926477e-03
5.630927228587589810e-03
7.423316370874728613e-03
1.490187076456339285e-02
9.039443752994752793e-03
2.400276925872706427e-02
1.125981770057120357e-02
6.756356660915359587e-03
5.317288852040125829e-03
3.584304205080583988e-03
2.559646264177652900e-03
6.315294333728003508e-03
3.139870613190107965e-03
5.732218081462160664e-03
9.871096853025982526e-03
1.309601950202823537e-02
2.549542944402163371e-03
2.451503108469387827e-03
1.227214383373431521e-02
1.403547423582265571e-02
3.175034391731548864e-03
7.686523851894106266e-03
2.912031764923366222e-03
7.095641539499385891e-03
1.433167518627062598e-02
1.599687931575665203e-02
1.012021477475132103e-02
1.590793171907617376e-02
6.483702369025155093e-03
8.901598308383093516e-03
4.605224084875479684e-03
2.397215110297396933e-03
4.415586716388876162e-03
9.036594790920289555e-03
5.278465563293021148e-03
3.769397028658397989e-03
2.284523539962247766e-03
1.838303688917437839e-02
7.352949117868073058e-03
8.257008331002884532e-03
