1.466275602579116821e-01
2.521994113922119141e-01
3.372434079647064209e-01
3.431085050106048584e-01
3.988269865512847900e-01
4.076246321201324463e-01
4.076246321201324463e-01
4.428152441978454590e-01
4.516128897666931152e-01
4.780058562755584717e-01
4.633431136608123779e-01
4.486803412437438965e-01
4.750733077526092529e-01
5.073313713073730469e-01
5.190615653991699219e-01
5.219941139221191406e-01
5.102639198303222656e-01
5.571847558021545410e-01
5.102639198303222656e-01
5.043988227844238281e-01
5.601173043251037598e-01
5.571847558021545410e-01
5.659824013710021973e-01
5.073313713073730469e-01
5.542522072792053223e-01
5.894427895545959473e-01
5.894427895545959473e-01
5.835776925086975098e-01
5.835776925086975098e-01
6.011730432510375977e-01
6.480938196182250977e-01
6.158357858657836914e-01
6.392961740493774414e-01
6.334310770034790039e-01
6.334310770034790039e-01
6.539589166641235352e-01
6.422287225723266602e-01
6.480938196182250977e-01
6.656891703605651855e-01
6.715542674064636230e-01
7.008797526359558105e-01
6.950146555900573730e-01
6.891495585441589355e-01
7.302052974700927734e-01
6.979472041130065918e-01
7.214076519012451172e-01
7.331378459930419922e-01
7.331378459930419922e-01
7.331378459930419922e-01
7.653958797454833984e-01
7.653958797454833984e-01
7.947214245796203613e-01
7.331378459930419922e-01
7.712609767913818359e-01
7.888563275337219238e-01
8.299120068550109863e-01
8.093841671943664551e-01
8.123167157173156738e-01
8.181818127632141113e-01
8.299120068550109863e-01
8.269794583320617676e-01
8.035190701484680176e-01
8.299120068550109863e-01
8.152492642402648926e-01
8.328445553779602051e-01
8.387096524238586426e-01
8.709677457809448242e-01
8.475073575973510742e-01
9.002932310104370117e-01
8.944281339645385742e-01
8.856304883956909180e-01
8.826979398727416992e-01
8.680351972579956055e-01
8.709677457809448242e-01
9.178885817527770996e-01
9.325513243675231934e-01
9.237536787986755371e-01
9.061583280563354492e-01
9.002932310104370117e-01
8.709677457809448242e-01
8.651026487350463867e-01
8.563050031661987305e-01
9.325513243675231934e-01
9.589442610740661621e-01
9.765396118164062500e-01
9.501466155052185059e-01
9.442815184593200684e-01
9.208211302757263184e-01
9.296187758445739746e-01
9.501466155052185059e-01
9.560117125511169434e-01
9.736070632934570312e-01
9.354838728904724121e-01
9.178885817527770996e-01
9.296187758445739746e-01
9.296187758445739746e-01
9.648093581199645996e-01
9.237536787986755371e-01
9.413489699363708496e-01
9.032257795333862305e-01
9.560117125511169434e-01
9.794721603393554688e-01
9.882698059082031250e-01
9.325513243675231934e-01
9.208211302757263184e-01
9.384164214134216309e-01
9.618768095970153809e-01
9.794721603393554688e-01
9.882698059082031250e-01
9.794721603393554688e-01
9.648093581199645996e-01
9.824047088623046875e-01
9.589442610740661621e-01
9.384164214134216309e-01
9.648093581199645996e-01
9.002932310104370117e-01
9.501466155052185059e-01
9.736070632934570312e-01
9.853372573852539062e-01
9.912023544311523438e-01
1.000000000000000000e+00
9.706745147705078125e-01
9.912023544311523438e-01
9.765396118164062500e-01
9.589442610740661621e-01
9.472140669822692871e-01
1.000000000000000000e+00
1.000000000000000000e+00
9.618768095970153809e-01
9.354838728904724121e-01
9.912023544311523438e-01
9.648093581199645996e-01
9.970674514770507812e-01
9.794721603393554688e-01
9.384164214134216309e-01
9.325513243675231934e-01
9.530791640281677246e-01
9.354838728904724121e-01
9.794721603393554688e-01
9.648093581199645996e-01
9.794721603393554688e-01
9.970674514770507812e-01
9.853372573852539062e-01
9.560117125511169434e-01
9.824047088623046875e-01
9.853372573852539062e-01
9.970674514770507812e-01
9.354838728904724121e-01
9.736070632934570312e-01
9.530791640281677246e-01
