6.927710771560668945e-02
2.740963995456695557e-01
3.765060305595397949e-01
4.759036004543304443e-01
5.210843086242675781e-01
5.391566157341003418e-01
6.054216623306274414e-01
5.873494148254394531e-01
6.054216623306274414e-01
6.415662765502929688e-01
6.295180916786193848e-01
6.445783376693725586e-01
6.506024003028869629e-01
6.746987700462341309e-01
6.777108311653137207e-01
6.777108311653137207e-01
6.626505851745605469e-01
7.168674468994140625e-01
7.078313231468200684e-01
6.837349534034729004e-01
6.867470145225524902e-01
7.319276928901672363e-01
7.228915691375732422e-01
6.957831382751464844e-01
6.807228922843933105e-01
7.530120611190795898e-01
7.349397540092468262e-01
7.500000000000000000e-01
7.650602459907531738e-01
7.620481848716735840e-01
7.740963697433471680e-01
7.500000000000000000e-01
7.379518151283264160e-01
7.560241222381591797e-01
7.530120611190795898e-01
7.981927990913391113e-01
7.801204919815063477e-01
7.831325531005859375e-01
7.891566157341003418e-01
8.162650465965270996e-01
8.042168617248535156e-01
8.102409839630126953e-01
8.072289228439331055e-01
8.012048006057739258e-01
8.072289228439331055e-01
8.072289228439331055e-01
8.343373537063598633e-01
8.343373537063598633e-01
8.343373537063598633e-01
8.403614163398742676e-01
8.162650465965270996e-01
8.493975996971130371e-01
8.524096608161926270e-01
8.192771077156066895e-01
8.674699068069458008e-01
8.463855385780334473e-01
8.704819083213806152e-01
8.734939694404602051e-01
8.313252925872802734e-01
8.584337234497070312e-01
8.704819083213806152e-01
8.614457845687866211e-01
8.945783376693725586e-01
8.975903391838073730e-01
9.186747074127197266e-01
8.704819083213806152e-01
8.704819083213806152e-01
8.644578456878662109e-01
9.307228922843933105e-01
8.734939694404602051e-01
9.036144614219665527e-01
9.036144614219665527e-01
9.036144614219665527e-01
8.855421543121337891e-01
8.945783376693725586e-01
8.975903391838073730e-01
8.915662765502929688e-01
9.216867685317993164e-01
9.216867685317993164e-01
9.307228922843933105e-01
8.885542154312133789e-01
9.216867685317993164e-01
9.277108311653137207e-01
9.427710771560668945e-01
9.457831382751464844e-01
9.156626462936401367e-01
9.246987700462341309e-01
9.307228922843933105e-01
9.006024003028869629e-01
9.457831382751464844e-01
9.487951993942260742e-01
9.698795080184936523e-01
9.638554453849792480e-01
9.457831382751464844e-01
9.367470145225524902e-01
9.548192620277404785e-01
9.216867685317993164e-01
9.156626462936401367e-01
9.307228922843933105e-01
9.759036302566528320e-01
9.879518151283264160e-01
9.728915691375732422e-01
9.728915691375732422e-01
9.608433842658996582e-01
9.427710771560668945e-01
9.427710771560668945e-01
9.789156913757324219e-01
9.728915691375732422e-01
9.578313231468200684e-01
9.427710771560668945e-01
9.457831382751464844e-01
9.487951993942260742e-01
9.367470145225524902e-01
9.728915691375732422e-01
9.728915691375732422e-01
9.608433842658996582e-01
9.789156913757324219e-01
9.578313231468200684e-01
9.819276928901672363e-01
9.789156913757324219e-01
9.698795080184936523e-01
8.765060305595397949e-01
9.759036302566528320e-01
9.789156913757324219e-01
9.879518151283264160e-01
9.969879388809204102e-01
9.909638762474060059e-01
9.789156913757324219e-01
9.638554453849792480e-01
9.457831382751464844e-01
9.186747074127197266e-01
9.487951993942260742e-01
9.759036302566528320e-01
9.638554453849792480e-01
9.789156913757324219e-01
9.879518151283264160e-01
9.879518151283264160e-01
9.849397540092468262e-01
9.518072009086608887e-01
9.487951993942260742e-01
9.819276928901672363e-01
9.939758777618408203e-01
9.849397540092468262e-01
9.939758777618408203e-01
9.789156913757324219e-01
9.638554453849792480e-01
9.337349534034729004e-01
9.789156913757324219e-01
9.939758777618408203e-01
9.969879388809204102e-01
