3.803667467664317292e-01
1.154325622763812120e-01
9.315638897756238490e-02
8.344602646767194931e-02
6.741359018942984227e-02
7.504574650622501675e-02
5.951230751734833818e-02
6.634717325996107584e-02
6.388910842423010938e-02
5.993388537022943663e-02
5.654937513624758161e-02
5.735711375632984027e-02
5.516358943941752219e-02
5.246572990591098773e-02
4.690571657014423745e-02
4.496458536318807125e-02
4.297924484014949836e-02
4.283345783072475821e-02
4.009557715759267532e-02
4.877205018081529758e-02
3.459710447763686414e-02
3.842242827564313484e-02
3.155758992041645533e-02
3.350375657548368413e-02
3.098168123531271426e-02
3.156976493602291906e-02
2.791521771331072904e-02
3.075187106360929845e-02
2.687811054002990988e-02
3.438354265897008294e-02
2.704755453041433888e-02
2.161457051659011752e-02
2.385350326353594466e-02
2.274954216791102296e-02
1.954422672541209979e-02
2.052966671755709210e-02
2.915858491243395259e-02
1.806020351286406062e-02
1.608176885581013085e-02
1.614470280341752037e-02
1.653547490473922937e-02
1.636470274132467012e-02
1.679884254300104476e-02
1.527492283134775607e-02
1.633113830508927874e-02
1.360855618051283120e-02
1.093457125739748237e-02
1.136032183137052759e-02
1.621062599695224232e-02
1.276716460933160005e-02
1.161648871828557111e-02
1.236168904358102456e-02
9.043649140075424309e-03
9.202007755500844072e-03
7.424511127763041424e-03
7.513821547191265778e-03
7.870209924999998011e-03
1.023032774572624030e-02
8.858147137717875541e-03
8.553635851699624426e-03
8.066954247210943868e-03
4.833659949757326303e-03
1.171911836393881717e-02
5.134301031222097793e-03
2.931231386810897403e-03
4.221064669161256853e-03
4.417196633249696573e-03
1.868210586336615728e-02
5.044099983374569947e-03
7.409900743784893565e-03
7.521395827309612474e-03
6.172435804561011118e-03
3.313021862546462401e-03
2.848995730591545161e-03
2.432808759610287277e-03
2.813640355950124908e-03
5.057149574673677067e-03
1.552801687585867417e-02
5.994962824545540733e-03
7.624459538729358096e-03
1.246621790480755172e-02
3.458292062055907251e-03
1.601815903817932745e-03
3.094331268186887706e-03
6.098865843252985856e-03
8.724591164031408538e-03
3.286423249568882175e-03
1.983930219619720915e-03
1.441001788818877969e-03
1.368079217268635718e-03
1.369280119922523147e-03
1.291964473413476869e-03
1.283847015459294721e-03
1.234302354607294105e-03
9.268933960028353722e-03
1.689604785689469493e-02
4.842734957472141950e-03
1.683928170542836481e-03
1.214392335135619895e-03
1.530878835014516572e-03
3.193236733747371360e-03
3.234379517786895291e-03
4.378040410912554560e-03
4.139513956980917300e-03
4.998282205043535695e-03
3.626139625926125612e-03
1.242449045951610643e-03
2.871884595508214250e-03
4.893464094215237321e-03
1.910967162939397612e-03
2.002564435872705197e-03
1.561542649280023591e-03
2.530795148683080784e-03
5.775000156967278336e-03
3.816349088620571081e-03
4.392935468287095455e-03
5.455581962845811039e-03
3.845266199176812592e-03
3.391723148546168989e-03
2.323606379300016071e-03
2.512463221661116047e-03
8.229782374379810946e-04
8.034626025706187403e-04
7.831001164971872295e-04
7.727161320351110408e-04
7.523367430692118893e-04
7.414860306788920120e-04
7.266703581282647892e-04
7.147489760354306136e-04
7.023777049832914850e-04
7.011733371646250261e-04
6.762537209121164935e-04
6.684620104757189093e-04
8.941511570470172046e-03
1.493066778531008248e-02
4.442252700097870134e-03
5.341173172829917319e-03
2.063207530151777141e-03
2.261489557708418717e-03
9.621949428989600220e-03
3.399714412912315312e-03
6.162430236044807172e-04
5.971490422283608343e-04
5.874489596120070073e-04
5.880443778922750039e-04
5.770259463673909186e-04
5.703277925261285210e-04
5.734806231528920446e-04
5.511219215969122938e-04
5.426890048802614046e-04
