4.477611929178237915e-02
3.620689511299133301e-01
4.296875000000000000e-01
4.960629940032958984e-01
6.370370388031005859e-01
5.220588445663452148e-01
6.492537260055541992e-01
6.382978558540344238e-01
5.797101259231567383e-01
6.691176295280456543e-01
6.466165184974670410e-01
7.121211886405944824e-01
6.617646813392639160e-01
7.007299065589904785e-01
7.285714149475097656e-01
6.978417038917541504e-01
7.573529481887817383e-01
7.338129281997680664e-01
7.801418304443359375e-01
6.934306621551513672e-01
8.057553768157958984e-01
7.482014298439025879e-01
8.085106611251831055e-01
8.273381590843200684e-01
8.201438784599304199e-01
8.439716100692749023e-01
8.633093237876892090e-01
8.201438784599304199e-01
8.582089543342590332e-01
7.724137902259826660e-01
8.633093237876892090e-01
8.865247964859008789e-01
8.661971688270568848e-01
8.439716100692749023e-01
8.630136847496032715e-01
8.767123222351074219e-01
8.394160866737365723e-01
9.090909361839294434e-01
9.130434989929199219e-01
9.027777910232543945e-01
8.979591727256774902e-01
9.154929518699645996e-01
8.724831938743591309e-01
8.835616707801818848e-01
9.034482836723327637e-01
9.154929518699645996e-01
9.387755393981933594e-01
9.295774698257446289e-01
8.775510191917419434e-01
9.172413945198059082e-01
9.133333563804626465e-01
9.300699234008789062e-01
9.583333134651184082e-01
9.383561611175537109e-01
9.727891087532043457e-01
9.659863710403442383e-01
9.319728016853332520e-01
9.251700639724731445e-01
9.205297827720642090e-01
9.315068721771240234e-01
9.276315569877624512e-01
9.731543660163879395e-01
9.060402512550354004e-01
9.727891087532043457e-01
9.932885766029357910e-01
9.863945841789245605e-01
9.795918464660644531e-01
8.299319744110107422e-01
9.666666388511657715e-01
9.589040875434875488e-01
9.315068721771240234e-01
9.530201554298400879e-01
9.800000190734863281e-01
9.731543660163879395e-01
1.000000000000000000e+00
9.932885766029357910e-01
9.797297120094299316e-01
8.609271645545959473e-01
9.862068891525268555e-01
9.324324131011962891e-01
9.066666960716247559e-01
9.863945841789245605e-01
1.000000000000000000e+00
9.864864945411682129e-01
9.473684430122375488e-01
9.256756901741027832e-01
9.733333587646484375e-01
9.932432174682617188e-01
1.000000000000000000e+00
1.000000000000000000e+00
1.000000000000000000e+00
1.000000000000000000e+00
1.000000000000000000e+00
1.000000000000000000e+00
9.319728016853332520e-01
8.581081032752990723e-01
9.727891087532043457e-01
9.866666793823242188e-01
1.000000000000000000e+00
9.932885766029357910e-01
9.671052694320678711e-01
9.931507110595703125e-01
9.591836929321289062e-01
9.664429426193237305e-01
9.727891087532043457e-01
9.599999785423278809e-01
9.933333396911621094e-01
9.729729890823364258e-01
9.729729890823364258e-01
9.932885766029357910e-01
9.932432174682617188e-01
9.932432174682617188e-01
9.733333587646484375e-01
9.463087320327758789e-01
9.602649211883544922e-01
9.727891087532043457e-01
9.466666579246520996e-01
9.731543660163879395e-01
9.797297120094299316e-01
9.801324605941772461e-01
9.932885766029357910e-01
1.000000000000000000e+00
1.000000000000000000e+00
1.000000000000000000e+00
1.000000000000000000e+00
1.000000000000000000e+00
1.000000000000000000e+00
1.000000000000000000e+00
1.000000000000000000e+00
1.000000000000000000e+00
1.000000000000000000e+00
1.000000000000000000e+00
1.000000000000000000e+00
9.727891087532043457e-01
8.775510191917419434e-01
9.731543660163879395e-01
9.662162065505981445e-01
9.865771532058715820e-01
9.865771532058715820e-01
9.200000166893005371e-01
9.666666388511657715e-01
1.000000000000000000e+00
1.000000000000000000e+00
1.000000000000000000e+00
1.000000000000000000e+00
1.000000000000000000e+00
1.000000000000000000e+00
1.000000000000000000e+00
1.000000000000000000e+00
1.000000000000000000e+00
