4.026845470070838928e-02
2.818791866302490234e-01
3.691275119781494141e-01
4.228187799453735352e-01
5.771812200546264648e-01
4.765100777149200439e-01
5.838926434516906738e-01
6.040268540382385254e-01
5.369127392768859863e-01
6.107382774353027344e-01
5.771812200546264648e-01
6.308724880218505859e-01
6.040268540382385254e-01
6.442952752113342285e-01
6.845637559890747070e-01
6.510066986083984375e-01
6.912751793861389160e-01
6.845637559890747070e-01
7.382550239562988281e-01
6.375839114189147949e-01
7.516778707504272461e-01
6.979866027832031250e-01
7.651006579399108887e-01
7.718120813369750977e-01
7.651006579399108887e-01
7.986577153205871582e-01
8.053691387176513672e-01
7.651006579399108887e-01
7.718120813369750977e-01
7.516778707504272461e-01
8.053691387176513672e-01
8.389261960983276367e-01
8.255033493041992188e-01
7.986577153205871582e-01
8.456375598907470703e-01
8.590604066848754883e-01
7.718120813369750977e-01
8.724831938743591309e-01
8.456375598907470703e-01
8.724831938743591309e-01
8.859060406684875488e-01
8.724831938743591309e-01
8.724831938743591309e-01
8.657718300819396973e-01
8.791946172714233398e-01
8.724831938743591309e-01
9.261745214462280273e-01
8.859060406684875488e-01
8.657718300819396973e-01
8.926174640655517578e-01
9.194630980491638184e-01
8.926174640655517578e-01
9.261745214462280273e-01
9.194630980491638184e-01
9.597315192222595215e-01
9.530201554298400879e-01
9.194630980491638184e-01
9.127516746520996094e-01
9.328858852386474609e-01
9.127516746520996094e-01
9.463087320327758789e-01
9.731543660163879395e-01
9.060402512550354004e-01
9.597315192222595215e-01
9.932885766029357910e-01
9.731543660163879395e-01
9.664429426193237305e-01
8.187919259071350098e-01
9.731543660163879395e-01
9.395973086357116699e-01
9.127516746520996094e-01
9.530201554298400879e-01
9.865771532058715820e-01
9.731543660163879395e-01
9.865771532058715820e-01
9.932885766029357910e-01
9.731543660163879395e-01
8.724831938743591309e-01
9.597315192222595215e-01
9.261745214462280273e-01
9.127516746520996094e-01
9.731543660163879395e-01
1.000000000000000000e+00
9.798657894134521484e-01
9.664429426193237305e-01
9.194630980491638184e-01
9.798657894134521484e-01
9.865771532058715820e-01
1.000000000000000000e+00
1.000000000000000000e+00
1.000000000000000000e+00
1.000000000000000000e+00
1.000000000000000000e+00
1.000000000000000000e+00
9.194630980491638184e-01
8.523489832878112793e-01
9.597315192222595215e-01
9.932885766029357910e-01
1.000000000000000000e+00
9.932885766029357910e-01
9.865771532058715820e-01
9.731543660163879395e-01
9.463087320327758789e-01
9.664429426193237305e-01
9.597315192222595215e-01
9.664429426193237305e-01
1.000000000000000000e+00
9.664429426193237305e-01
9.664429426193237305e-01
9.932885766029357910e-01
9.865771532058715820e-01
9.865771532058715820e-01
9.798657894134521484e-01
9.463087320327758789e-01
9.731543660163879395e-01
9.597315192222595215e-01
9.530201554298400879e-01
9.731543660163879395e-01
9.731543660163879395e-01
9.932885766029357910e-01
9.932885766029357910e-01
1.000000000000000000e+00
1.000000000000000000e+00
1.000000000000000000e+00
1.000000000000000000e+00
1.000000000000000000e+00
1.000000000000000000e+00
1.000000000000000000e+00
1.000000000000000000e+00
1.000000000000000000e+00
1.000000000000000000e+00
1.000000000000000000e+00
1.000000000000000000e+00
9.597315192222595215e-01
8.657718300819396973e-01
9.731543660163879395e-01
9.597315192222595215e-01
9.865771532058715820e-01
9.865771532058715820e-01
9.261745214462280273e-01
9.731543660163879395e-01
1.000000000000000000e+00
1.000000000000000000e+00
1.000000000000000000e+00
1.000000000000000000e+00
1.000000000000000000e+00
1.000000000000000000e+00
1.000000000000000000e+00
1.000000000000000000e+00
1.000000000000000000e+00
