3.185014493838356220e-02
2.008811395324706234e-02
2.115632181739389786e-02
1.699277539624078487e-02
1.016357324586004279e-02
1.935310941009457317e-02
1.131084021731882695e-02
6.520194471118667505e-03
7.511379307442779020e-03
6.319269487821213734e-03
6.541445587793392850e-03
1.219163308343623221e-02
7.678888388999434260e-03
2.529495761262314998e-03
6.187002250410786330e-03
1.037780698158325202e-02
5.845331984312091521e-03
3.155135656251411604e-03
3.215753927568300828e-03
4.204810893487931876e-03
5.073238437802999462e-03
1.348148731935095053e-02
1.066306993590015323e-02
4.493279018124589699e-03
6.511827036579933940e-03
6.319082540075301492e-03
2.812828750771665613e-03
1.081920074713499163e-03
9.230095350233246060e-04
5.684759704632380388e-03
8.678843198025027253e-03
3.882213576118067992e-03
2.255863354671731966e-03
7.935130032235346645e-03
5.603100639286797725e-03
2.873490426276305732e-03
1.129415635687960971e-03
1.671721039293802081e-03
7.124251505426272731e-03
6.901213477260511285e-03
1.358610779883978256e-02
3.193121417231097048e-03
2.688647436924503260e-03
4.013968480006148247e-03
2.274543353610679764e-03
8.024054197958265314e-04
4.518892483952133624e-03
1.769008173906926485e-03
7.879320501111453535e-04
6.751013905395539293e-04
