8.839285969734191895e-01
8.596491217613220215e-01
8.584070801734924316e-01
8.793103694915771484e-01
9.380530714988708496e-01
8.695651888847351074e-01
8.991596698760986328e-01
9.262295365333557129e-01
9.482758641242980957e-01
9.579831957817077637e-01
9.416666626930236816e-01
8.888888955116271973e-01
9.338843226432800293e-01
9.834710955619812012e-01
9.333333373069763184e-01
9.159663915634155273e-01
9.349593520164489746e-01
9.834710955619812012e-01
9.674796462059020996e-01
9.590163826942443848e-01
9.495798349380493164e-01
8.888888955116271973e-01
9.243697524070739746e-01
9.583333134651184082e-01
9.426229596138000488e-01
9.572649598121643066e-01
9.752066135406494141e-01
9.918699264526367188e-01
1.000000000000000000e+00
9.512194991111755371e-01
9.166666865348815918e-01
9.586777091026306152e-01
9.750000238418579102e-01
9.243697524070739746e-01
9.426229596138000488e-01
9.596773982048034668e-01
9.918032884597778320e-01
9.917355179786682129e-01
9.344262480735778809e-01
9.495798349380493164e-01
8.898305296897888184e-01
9.754098653793334961e-01
9.599999785423278809e-01
9.586777091026306152e-01
9.836065769195556641e-01
1.000000000000000000e+00
9.586777091026306152e-01
9.918032884597778320e-01
1.000000000000000000e+00
1.000000000000000000e+00
