9.243697673082351685e-02
1.739130467176437378e-01
3.366336524486541748e-01
3.106796145439147949e-01
3.571428656578063965e-01
3.711340129375457764e-01
4.545454680919647217e-01
3.867924511432647705e-01
4.574468135833740234e-01
5.108695626258850098e-01
5.108695626258850098e-01
5.108695626258850098e-01
6.363636255264282227e-01
6.082473993301391602e-01
5.049505233764648438e-01
6.436781883239746094e-01
6.210526227951049805e-01
6.105263233184814453e-01
6.276595592498779297e-01
5.922330021858215332e-01
6.632652878761291504e-01
6.875000000000000000e-01
6.399999856948852539e-01
6.562500000000000000e-01
6.632652878761291504e-01
7.142857313156127930e-01
6.862745285034179688e-01
7.099999785423278809e-01
6.831682920455932617e-01
7.087378501892089844e-01
7.553191781044006348e-01
7.403846383094787598e-01
7.373737096786499023e-01
6.944444179534912109e-01
7.575757503509521484e-01
7.450980544090270996e-01
7.352941036224365234e-01
8.252426981925964355e-01
7.307692170143127441e-01
7.900000214576721191e-01
8.317757248878479004e-01
7.378640770912170410e-01
8.118811845779418945e-01
7.904762029647827148e-01
7.314814925193786621e-01
8.076922893524169922e-01
7.830188870429992676e-01
8.073394298553466797e-01
8.214285969734191895e-01
8.773584961891174316e-01
8.425925970077514648e-01
7.596153616905212402e-01
8.119658231735229492e-01
8.611111044883728027e-01
8.425925970077514648e-01
8.514851331710815430e-01
8.738738894462585449e-01
8.017241358757019043e-01
8.558558821678161621e-01
8.495575189590454102e-01
8.750000000000000000e-01
9.363636374473571777e-01
8.240740895271301270e-01
8.125000000000000000e-01
9.074074029922485352e-01
8.275862336158752441e-01
8.839285969734191895e-01
9.181818366050720215e-01
8.620689511299133301e-01
8.738738894462585449e-01
9.009009003639221191e-01
8.468468189239501953e-01
8.859649300575256348e-01
8.495575189590454102e-01
9.196428656578063965e-01
9.130434989929199219e-01
8.108108043670654297e-01
8.695651888847351074e-01
8.928571343421936035e-01
9.217391014099121094e-01
8.879310488700866699e-01
8.684210777282714844e-01
9.224137663841247559e-01
9.159663915634155273e-01
9.351851940155029297e-01
9.568965435028076172e-01
8.879310488700866699e-01
8.173912763595581055e-01
8.547008633613586426e-01
8.803418874740600586e-01
9.411764740943908691e-01
9.391304254531860352e-01
9.652174115180969238e-01
8.793103694915771484e-01
9.487179517745971680e-01
9.250000119209289551e-01
9.152542352676391602e-01
9.059829115867614746e-01
8.803418874740600586e-01
9.316239356994628906e-01
9.499999880790710449e-01
8.833333253860473633e-01
9.478260874748229980e-01
9.075630307197570801e-01
9.473684430122375488e-01
9.130434989929199219e-01
9.482758641242980957e-01
9.173553586006164551e-01
9.745762944221496582e-01
9.469026327133178711e-01
9.750000238418579102e-01
9.237288236618041992e-01
9.333333373069763184e-01
9.166666865348815918e-01
9.473684430122375488e-01
9.499999880790710449e-01
9.658119678497314453e-01
9.495798349380493164e-01
9.310345053672790527e-01
9.658119678497314453e-01
9.421487450599670410e-01
8.421052694320678711e-01
8.655462265014648438e-01
9.482758641242980957e-01
9.833333492279052734e-01
9.745762944221496582e-01
9.491525292396545410e-01
9.661017060279846191e-01
9.250000119209289551e-01
9.499999880790710449e-01
9.316239356994628906e-01
9.304347634315490723e-01
9.256198406219482422e-01
9.747899174690246582e-01
1.000000000000000000e+00
9.834710955619812012e-01
9.243697524070739746e-01
9.026548862457275391e-01
9.145299196243286133e-01
9.344262480735778809e-01
9.579831957817077637e-01
9.396551847457885742e-01
9.579831957817077637e-01
8.833333253860473633e-01
9.152542352676391602e-01
9.590163826942443848e-01
9.750000238418579102e-01
9.416666626930236816e-01
9.322034120559692383e-01
8.833333253860473633e-01
