9.166666865348815918e-02
1.333333402872085571e-01
2.833333313465118408e-01
2.666666805744171143e-01
2.916666567325592041e-01
3.000000119209289551e-01
3.750000000000000000e-01
3.416666686534881592e-01
3.583333194255828857e-01
3.916666805744171143e-01
3.916666805744171143e-01
3.916666805744171143e-01
4.666666686534881592e-01
4.916666746139526367e-01
4.250000119209289551e-01
4.666666686534881592e-01
4.916666746139526367e-01
4.833333194255828857e-01
4.916666746139526367e-01
5.083333253860473633e-01
5.416666865348815918e-01
5.500000119209289551e-01
5.333333611488342285e-01
5.249999761581420898e-01
5.416666865348815918e-01
5.833333134651184082e-01
5.833333134651184082e-01
5.916666388511657715e-01
5.749999880790710449e-01
6.083333492279052734e-01
5.916666388511657715e-01
6.416666507720947266e-01
6.083333492279052734e-01
6.250000000000000000e-01
6.250000000000000000e-01
6.333333253860473633e-01
6.250000000000000000e-01
7.083333134651184082e-01
6.333333253860473633e-01
6.583333611488342285e-01
7.416666746139526367e-01
6.333333253860473633e-01
6.833333373069763184e-01
6.916666626930236816e-01
6.583333611488342285e-01
6.999999880790710449e-01
6.916666626930236816e-01
7.333333492279052734e-01
7.666666507720947266e-01
7.749999761581420898e-01
7.583333253860473633e-01
6.583333611488342285e-01
7.916666865348815918e-01
7.749999761581420898e-01
7.583333253860473633e-01
7.166666388511657715e-01
8.083333373069763184e-01
7.749999761581420898e-01
7.916666865348815918e-01
8.000000119209289551e-01
8.166666626930236816e-01
8.583333492279052734e-01
7.416666746139526367e-01
7.583333253860473633e-01
8.166666626930236816e-01
8.000000119209289551e-01
8.249999880790710449e-01
8.416666388511657715e-01
8.333333134651184082e-01
8.083333373069763184e-01
8.333333134651184082e-01
7.833333611488342285e-01
8.416666388511657715e-01
8.000000119209289551e-01
8.583333492279052734e-01
8.750000000000000000e-01
7.500000000000000000e-01
8.333333134651184082e-01
8.333333134651184082e-01
8.833333253860473633e-01
8.583333492279052734e-01
8.249999880790710449e-01
8.916666507720947266e-01
9.083333611488342285e-01
8.416666388511657715e-01
9.250000119209289551e-01
8.583333492279052734e-01
7.833333611488342285e-01
8.333333134651184082e-01
8.583333492279052734e-01
9.333333373069763184e-01
8.999999761581420898e-01
9.250000119209289551e-01
8.500000238418579102e-01
9.250000119209289551e-01
9.250000119209289551e-01
8.999999761581420898e-01
8.833333253860473633e-01
8.583333492279052734e-01
9.083333611488342285e-01
9.499999880790710449e-01
8.833333253860473633e-01
9.083333611488342285e-01
8.999999761581420898e-01
8.999999761581420898e-01
8.750000000000000000e-01
9.166666865348815918e-01
9.250000119209289551e-01
9.583333134651184082e-01
8.916666507720947266e-01
9.750000238418579102e-01
9.083333611488342285e-01
9.333333373069763184e-01
9.166666865348815918e-01
8.999999761581420898e-01
9.499999880790710449e-01
9.416666626930236816e-01
9.416666626930236816e-01
8.999999761581420898e-01
9.416666626930236816e-01
9.499999880790710449e-01
8.000000119209289551e-01
8.583333492279052734e-01
9.166666865348815918e-01
9.833333492279052734e-01
9.583333134651184082e-01
9.333333373069763184e-01
9.499999880790710449e-01
9.250000119209289551e-01
9.499999880790710449e-01
9.083333611488342285e-01
8.916666507720947266e-01
9.333333373069763184e-01
9.666666388511657715e-01
9.833333492279052734e-01
9.916666746139526367e-01
9.166666865348815918e-01
8.500000238418579102e-01
8.916666507720947266e-01
9.499999880790710449e-01
9.499999880790710449e-01
9.083333611488342285e-01
9.499999880790710449e-01
8.833333253860473633e-01
8.999999761581420898e-01
9.750000238418579102e-01
9.750000238418579102e-01
9.416666626930236816e-01
9.166666865348815918e-01
8.833333253860473633e-01
