8.862715180793607692e-03
9.745202263972576120e-03
5.575581806342554819e-03
1.107334105021306157e-02
1.063923336933673622e-02
1.098037932840759991e-02
7.400867329264581955e-03
8.356009156393798265e-03
8.062143081114161308e-03
2.303461437056560784e-03
1.646034207433408119e-03
2.152948342968754106e-02
1.561804692816352695e-02
3.422080332028436082e-03
4.472413733505741125e-03
7.519790604385820192e-03
4.436717238434502789e-03
2.123998946246646521e-02
9.000492205825827430e-03
3.343256135812545850e-03
6.900343013878396667e-04
7.714004993070532057e-03
2.120654387097143517e-02
8.948653478215167975e-03
2.959101082506960471e-03
3.319094531128529042e-03
8.768893273148255577e-03
1.924597738736519639e-02
6.244775060064701629e-03
5.814642695214049598e-03
2.208786394309908419e-03
1.343395079506287237e-03
1.168333601373825956e-02
1.203382600799221200e-02
6.735399368991470612e-03
1.730189187358951953e-03
3.465904364239612984e-03
1.078935063066622894e-02
9.529653369036104535e-03
7.677646310297072535e-03
4.885815695733944364e-03
6.825971361948206771e-03
1.279845266550801684e-02
3.936595241044641910e-03
2.025267081793344099e-03
7.988286498051562490e-03
6.883940612738139592e-03
4.694946935773228192e-03
5.365242817594722061e-03
1.497949483794148648e-02
