9.824926853179931641e-01
9.845768809318542480e-01
9.924968481063842773e-01
9.816589951515197754e-01
9.829095602035522461e-01
9.824926853179931641e-01
9.870779514312744141e-01
9.858274459838867188e-01
9.854105710983276367e-01
9.970821142196655273e-01
9.974989295005798340e-01
9.683201313018798828e-01
9.745727181434631348e-01
9.954147338867187500e-01
9.924968481063842773e-01
9.899958372116088867e-01
9.912463426589965820e-01
9.670696258544921875e-01
9.845768809318542480e-01
9.949979186058044434e-01
9.995831847190856934e-01
9.879116415977478027e-01
9.687369465827941895e-01
9.824926853179931641e-01
9.962484240531921387e-01
9.941642284393310547e-01
9.858274459838867188e-01
9.737390875816345215e-01
9.899958372116088867e-01
9.920800328254699707e-01
9.958316087722778320e-01
9.979158043861389160e-01
9.812421798706054688e-01
9.820758700370788574e-01
9.899958372116088867e-01
9.970821142196655273e-01
9.954147338867187500e-01
9.829095602035522461e-01
9.854105710983276367e-01
9.887453317642211914e-01
9.937474131584167480e-01
9.904126524925231934e-01
9.799916744232177734e-01
9.958316087722778320e-01
9.966652989387512207e-01
9.879116415977478027e-01
9.904126524925231934e-01
9.908295273780822754e-01
9.929137229919433594e-01
9.799916744232177734e-01
