3.028778740728589880e-01
1.428393192065906536e-01
1.085287721326856220e-01
8.271633731711651449e-02
8.283743917196714768e-02
6.491931442633057381e-02
6.842285120580927915e-02
6.546646023443863927e-02
7.313136943575213045e-02
5.960333162426137421e-02
5.201250364309990132e-02
4.985155507856407764e-02
4.273229195664761393e-02
4.471246941880339942e-02
3.856135602819871222e-02
4.080883912542104114e-02
4.499606409669470314e-02
5.262158432671935199e-02
3.900892850876117729e-02
3.453154776912592538e-02
3.058641081187447874e-02
4.444877159106639525e-02
3.365498248099973999e-02
2.996183465207191005e-02
3.107243011294206006e-02
2.648255750351955623e-02
3.011703242059028326e-02
3.368201426978100627e-02
2.769903770917509292e-02
2.497225098172151450e-02
2.282627712785868790e-02
2.376288228194561869e-02
2.265733646988627586e-02
2.085369891093501876e-02
2.463757984118235267e-02
2.229921206792199323e-02
1.859654002398548542e-02
1.726490513323290787e-02
1.567047279233571219e-02
1.436433604972881667e-02
2.234687587282606358e-02
2.240936639905386982e-02
1.625052958304893519e-02
1.921675232509318862e-02
1.480269028334911009e-02
1.024605756188472563e-02
2.123314824397838294e-02
1.243493018936298738e-02
1.010421923738152525e-02
1.281032631151123383e-02
1.408703954727329004e-02
7.773942131523088259e-03
8.446092168283663576e-03
1.304567656549993244e-02
2.272946686638397870e-02
8.708005987002255532e-03
6.364254702400496885e-03
1.103160316251292246e-02
6.401340453876932721e-03
7.690031029545688762e-03
1.422150653683172498e-02
2.449684369241809934e-02
5.977359740457450360e-03
6.569752263459443381e-03
7.053375632220241186e-03
5.298655409243954034e-03
8.226287253913456762e-03
7.066514656775223051e-03
8.126643578031755508e-03
8.637496399028351743e-03
9.840546449342877505e-03
9.317572569250566483e-03
6.135385800937397278e-03
5.250965248150788779e-03
3.546151991316356250e-03
2.961902807847915063e-03
3.215843880992298991e-03
1.212180321320272154e-02
1.503655049400475993e-02
1.313580198055211944e-02
4.397034851793759844e-03
5.226511434755011162e-03
4.289125959426931534e-03
5.499039399761291615e-03
5.185786615159744713e-03
3.072803197894416818e-03
2.939479188009159506e-03
9.058868155601314254e-03
5.606829932554816161e-03
5.285226629907213702e-03
8.356410027753922304e-03
4.661620517578846101e-03
2.551722376079529255e-03
5.099942009421987166e-03
2.912395315809273178e-03
6.135089827890522450e-03
4.066558985321146354e-03
8.092995985933798542e-03
6.314713043171354956e-03
5.005083002967663022e-03
3.025533139451162812e-03
6.741369791740278034e-03
4.312402649935705851e-03
1.871430974264614395e-03
1.845649892358782775e-03
1.769579248074695625e-03
1.726020171763269174e-03
1.702737584619352235e-03
1.659618220923988379e-03
1.625684500687679321e-03
1.596486199004613395e-03
1.554774014267600426e-03
1.518963167055791853e-03
7.229131201344483372e-03
2.012207387689139357e-02
1.266078985460258703e-02
3.575587063781511619e-03
2.025454666774820136e-03
7.694977894374013631e-03
2.044185943777887884e-03
2.006574295996885107e-03
6.955647510860037130e-03
9.032345849078020350e-03
3.818965384813040060e-03
1.689021265132160119e-03
1.884776351035926355e-03
1.550504218125198534e-03
1.304531904860903486e-03
1.288101899265659380e-03
1.266156602625191554e-03
1.254496115596184661e-03
1.225156148925763463e-03
1.204131192900377524e-03
1.181203167051153536e-03
1.157969979351128201e-03
1.133084065548365911e-03
1.106035319563178224e-03
1.079633392862161837e-03
1.060703777375522541e-03
2.010117963544884659e-02
1.206847458873005693e-02
1.284403682628330705e-02
4.392334675742090230e-03
2.382657384445446228e-03
2.144624208264209186e-03
2.155950743492326960e-03
2.431595568953108522e-03
2.480874499437954635e-03
1.502506243189678271e-03
1.957652764018102953e-03
