6.756756454706192017e-02
1.756756752729415894e-01
2.702702581882476807e-01
3.986486494541168213e-01
4.459459483623504639e-01
5.270270109176635742e-01
5.270270109176635742e-01
5.135135054588317871e-01
4.797297418117523193e-01
5.810810923576354980e-01
6.148648858070373535e-01
6.621621847152709961e-01
6.959459185600280762e-01
6.689189076423645020e-01
7.162162065505981445e-01
7.094594836235046387e-01
6.689189076423645020e-01
6.418918967247009277e-01
7.364864945411682129e-01
7.500000000000000000e-01
7.837837934494018555e-01
6.689189076423645020e-01
7.432432174682617188e-01
7.837837934494018555e-01
7.905405163764953613e-01
7.770270109176635742e-01
7.972972989082336426e-01
7.702702879905700684e-01
8.040540814399719238e-01
8.310810923576354980e-01
8.378378152847290039e-01
8.243243098258972168e-01
8.445945978164672852e-01
8.783783912658691406e-01
8.175675868988037109e-01
8.378378152847290039e-01
8.648648858070373535e-01
8.716216087341308594e-01
9.054054021835327148e-01
9.121621847152709961e-01
8.378378152847290039e-01
8.310810923576354980e-01
8.918918967247009277e-01
8.648648858070373535e-01
8.986486196517944336e-01
9.391891956329345703e-01
8.445945978164672852e-01
9.324324131011962891e-01
9.527027010917663574e-01
9.189189076423645020e-01
8.918918967247009277e-01
9.729729890823364258e-01
9.662162065505981445e-01
9.054054021835327148e-01
8.445945978164672852e-01
9.594594836235046387e-01
9.729729890823364258e-01
9.391891956329345703e-01
9.594594836235046387e-01
9.594594836235046387e-01
9.054054021835327148e-01
8.310810923576354980e-01
9.729729890823364258e-01
9.594594836235046387e-01
9.594594836235046387e-01
9.729729890823364258e-01
9.459459185600280762e-01
9.527027010917663574e-01
9.527027010917663574e-01
9.459459185600280762e-01
9.256756901741027832e-01
9.391891956329345703e-01
9.662162065505981445e-01
9.797297120094299316e-01
9.864864945411682129e-01
1.000000000000000000e+00
9.932432174682617188e-01
9.324324131011962891e-01
8.851351141929626465e-01
9.189189076423645020e-01
9.797297120094299316e-01
9.729729890823364258e-01
9.729729890823364258e-01
9.662162065505981445e-01
9.729729890823364258e-01
9.932432174682617188e-01
9.932432174682617188e-01
9.391891956329345703e-01
9.662162065505981445e-01
9.729729890823364258e-01
9.324324131011962891e-01
9.729729890823364258e-01
9.932432174682617188e-01
9.729729890823364258e-01
9.932432174682617188e-01
9.662162065505981445e-01
9.662162065505981445e-01
9.391891956329345703e-01
9.459459185600280762e-01
9.594594836235046387e-01
9.932432174682617188e-01
9.527027010917663574e-01
9.797297120094299316e-01
1.000000000000000000e+00
1.000000000000000000e+00
1.000000000000000000e+00
1.000000000000000000e+00
1.000000000000000000e+00
1.000000000000000000e+00
1.000000000000000000e+00
1.000000000000000000e+00
1.000000000000000000e+00
1.000000000000000000e+00
9.662162065505981445e-01
8.513513803482055664e-01
8.986486196517944336e-01
9.864864945411682129e-01
9.864864945411682129e-01
9.527027010917663574e-01
9.864864945411682129e-01
9.864864945411682129e-01
9.527027010917663574e-01
9.391891956329345703e-01
9.662162065505981445e-01
9.932432174682617188e-01
9.932432174682617188e-01
9.932432174682617188e-01
1.000000000000000000e+00
1.000000000000000000e+00
1.000000000000000000e+00
1.000000000000000000e+00
1.000000000000000000e+00
1.000000000000000000e+00
1.000000000000000000e+00
1.000000000000000000e+00
1.000000000000000000e+00
1.000000000000000000e+00
1.000000000000000000e+00
1.000000000000000000e+00
8.851351141929626465e-01
9.054054021835327148e-01
8.986486196517944336e-01
9.594594836235046387e-01
9.864864945411682129e-01
9.797297120094299316e-01
9.797297120094299316e-01
1.000000000000000000e+00
9.864864945411682129e-01
9.932432174682617188e-01
9.797297120094299316e-01
