2.165500925794785481e-01
1.200034603741587519e-01
9.780309443367099509e-02
9.068388185893852538e-02
8.302460963083668766e-02
8.922345851737449596e-02
7.075257278973062780e-02
6.565482697787436428e-02
6.279791420799581136e-02
6.535045463773324348e-02
6.442978961014370065e-02
5.548520947461522967e-02
5.825622730196236554e-02
5.016387220290586396e-02
5.165060584801440396e-02
5.356063875848714184e-02
5.229167521506986049e-02
5.526116881332283209e-02
4.395638609251723700e-02
4.529990598686148978e-02
4.801833580196918083e-02
3.695854415709393104e-02
3.889429736349440947e-02
3.578234746712220110e-02
3.734321402470824197e-02
3.428967367664659260e-02
3.591789221657585435e-02
3.309368137241400915e-02
3.409624547457750648e-02
2.906817504927250786e-02
3.277309077135694138e-02
3.575706150028379326e-02
3.079149161724046777e-02
2.825818823942913283e-02
3.210761881961392977e-02
2.696641782955579852e-02
2.697574678442548127e-02
2.126715184180015539e-02
3.329975940200679413e-02
2.175973035101270991e-02
2.954138288517862282e-02
2.306836044555566137e-02
2.819176247935491555e-02
2.199219629328412820e-02
2.377933580558012211e-02
1.889708593677893664e-02
1.919070889810294694e-02
2.729016216759903510e-02
1.807040032589979361e-02
2.195099406110011947e-02
1.553336384454821230e-02
1.716126750453108099e-02
1.469210074524476481e-02
1.631965406947788813e-02
1.557192643304850313e-02
1.303279994895475795e-02
1.955187240217892350e-02
1.450072414344731261e-02
1.076131879747467025e-02
1.205150328781124346e-02
1.296326650734429091e-02
1.299445802015983427e-02
1.474172051359264740e-02
1.545662083717067384e-02
7.599832951426160020e-03
1.194581971845927459e-02
8.238136645893394394e-03
1.222633249205605510e-02
1.002040950974704414e-02
1.078113818387029139e-02
9.527865109053330547e-03
1.204002326014412018e-02
8.309388154006959112e-03
1.132395370465062896e-02
5.939577375009241246e-03
6.403985749303499515e-03
1.012703936838034273e-02
1.228445948642510784e-02
1.146673557275800989e-02
8.774564727530033068e-03
9.283952648540394828e-03
7.890143834269834275e-03
9.099337622942510820e-03
8.710852496333892220e-03
7.233831146894035592e-03
6.371187781396467006e-03
4.650357378681304991e-03
2.142195508448725347e-03
5.986855854586412180e-03
1.712310336858296339e-02
1.335481432605425262e-02
3.578093886621763059e-03
7.811622067490752407e-03
8.163313863241478466e-03
4.265919873798489255e-03
9.592237603747662961e-03
9.241960430625834055e-03
2.986748204300034796e-03
5.481983478089588920e-03
1.299084768301396117e-02
8.425094363458269717e-03
5.292893966932889563e-03
8.059785063886311038e-03
3.167029961436548888e-03
4.370751741723274790e-03
2.000967565742418387e-03
2.637538250138851941e-03
4.121501446119600100e-03
8.714495232593115828e-03
4.712957932058454112e-03
4.531539317360183498e-03
4.078758337404593017e-03
5.214825716612994828e-03
3.740559346478343049e-03
2.310119105531054182e-03
3.109497204440957781e-03
4.468718041433201484e-03
1.118779166686951522e-02
1.724683862519489977e-02
3.668089396981500869e-03
3.132169335603005207e-03
4.518968909125333985e-03
1.452862624419681619e-03
1.060025971771807801e-03
1.021336397654553458e-03
1.021188441118368092e-03
7.432110938953044241e-03
8.478616737405506032e-03
2.374240587858377979e-03
7.896852377032874751e-03
9.527374177988207418e-03
2.281311491654850355e-03
2.906795535474289687e-03
1.434288341532211509e-03
2.446817058410094906e-03
9.107539363004475003e-03
3.425131875417308184e-03
2.119366191347379479e-03
1.498477789879490603e-03
4.170241962584586570e-03
1.578614166674865982e-02
2.171743033170752020e-03
2.174716896735122938e-03
5.091050729693590016e-03
5.919387724055358985e-03
1.437695415230282135e-03
3.887860030973040466e-03
3.443210652513661527e-03
1.494239692339257393e-03
1.113834860887701148e-03
