6.733167171478271484e-02
2.172524034976959229e-01
3.166144192218780518e-01
3.711656332015991211e-01
4.466019272804260254e-01
4.375000000000000000e-01
4.856230020523071289e-01
5.015974640846252441e-01
4.631901979446411133e-01
5.382165312767028809e-01
5.326797366142272949e-01
5.746753215789794922e-01
5.404530763626098633e-01
5.880398750305175781e-01
6.435643434524536133e-01
5.233644843101501465e-01
5.507692098617553711e-01
5.939597487449645996e-01
6.063492298126220703e-01
5.579937100410461426e-01
6.656151413917541504e-01
6.254071593284606934e-01
6.561514139175415039e-01
6.875000000000000000e-01
6.433120965957641602e-01
6.539682745933532715e-01
6.489028334617614746e-01
6.709265112876892090e-01
6.925566196441650391e-01
6.793650984764099121e-01
7.096773982048034668e-01
7.515723109245300293e-01
6.978852152824401855e-01
7.241379022598266602e-01
7.090908885002136230e-01
7.629179358482360840e-01
7.388535141944885254e-01
7.396449446678161621e-01
7.699386477470397949e-01
7.380952239036560059e-01
7.500000000000000000e-01
7.836257219314575195e-01
7.552238702774047852e-01
8.149253726005554199e-01
7.688022255897521973e-01
7.751479148864746094e-01
8.030303120613098145e-01
8.274853825569152832e-01
8.208092451095581055e-01
8.258426785469055176e-01
7.937853336334228516e-01
7.523219585418701172e-01
7.325905561447143555e-01
8.060109019279479980e-01
7.983193397521972656e-01
8.144044280052185059e-01
8.396739363670349121e-01
8.491619825363159180e-01
8.418230414390563965e-01
8.419618606567382812e-01
8.532608747482299805e-01
8.505434989929199219e-01
8.544474244117736816e-01
8.559782505035400391e-01
8.791208863258361816e-01
8.885869383811950684e-01
8.903743028640747070e-01
9.037433266639709473e-01
8.529411554336547852e-01
8.701298832893371582e-01
8.772378563880920410e-01
8.673469424247741699e-01
8.455284833908081055e-01
8.759894371032714844e-01
8.974359035491943359e-01
9.240506291389465332e-01
9.066339135169982910e-01
9.086294174194335938e-01
9.093198776245117188e-01
9.042820930480957031e-01
8.897243142127990723e-01
8.880596756935119629e-01
9.236453175544738770e-01
9.143576622009277344e-01
9.215686321258544922e-01
9.277108311653137207e-01
9.536585211753845215e-01
9.471153616905212402e-01
9.631449580192565918e-01
9.379652738571166992e-01
9.217603802680969238e-01
9.444444179534912109e-01
9.385342597961425781e-01
9.597156643867492676e-01
9.304556250572204590e-01
9.190475940704345703e-01
9.294403791427612305e-01
9.379475116729736328e-01
9.592326283454895020e-01
9.284009337425231934e-01
9.388235211372375488e-01
9.642857313156127930e-01
9.462617039680480957e-01
9.976303577423095703e-01
9.769052863121032715e-01
9.290780425071716309e-01
9.316037893295288086e-01
9.813084006309509277e-01
9.883449673652648926e-01
9.642857313156127930e-01
8.923444747924804688e-01
9.642857313156127930e-01
9.790697693824768066e-01
9.883990883827209473e-01
9.884259104728698730e-01
9.437938928604125977e-01
9.415887594223022461e-01
9.696969985961914062e-01
9.908046126365661621e-01
9.676674604415893555e-01
9.551886916160583496e-01
9.436619877815246582e-01
9.223529696464538574e-01
9.581395387649536133e-01
9.837209582328796387e-01
9.906759858131408691e-01
9.768518805503845215e-01
9.531615972518920898e-01
9.813084006309509277e-01
9.676674604415893555e-01
9.884526729583740234e-01
9.602803587913513184e-01
9.812646508216857910e-01
9.885057210922241211e-01
1.000000000000000000e+00
9.953810572624206543e-01
1.000000000000000000e+00
9.861111044883728027e-01
9.556074738502502441e-01
8.356807231903076172e-01
9.833333492279052734e-01
9.815242290496826172e-01
1.000000000000000000e+00
1.000000000000000000e+00
9.976905584335327148e-01
9.976905584335327148e-01
1.000000000000000000e+00
1.000000000000000000e+00
1.000000000000000000e+00
1.000000000000000000e+00
