7.352941036224365234e-01
7.100840210914611816e-01
7.773109078407287598e-01
7.605041861534118652e-01
7.941176295280456543e-01
8.277310729026794434e-01
8.403361439704895020e-01
8.571428656578063965e-01
8.067227005958557129e-01
8.781512379646301270e-01
8.235294222831726074e-01
8.445377945899963379e-01
8.613445162773132324e-01
8.907563090324401855e-01
8.655462265014648438e-01
9.033613204956054688e-01
9.033613204956054688e-01
8.445377945899963379e-01
8.067227005958557129e-01
9.159663915634155273e-01
9.327731132507324219e-01
8.991596698760986328e-01
8.949579596519470215e-01
9.579831957817077637e-01
9.705882072448730469e-01
9.453781247138977051e-01
8.949579596519470215e-01
8.193277120590209961e-01
8.319327831268310547e-01
9.243697524070739746e-01
9.579831957817077637e-01
9.453781247138977051e-01
9.453781247138977051e-01
9.831932783126831055e-01
9.327731132507324219e-01
8.487395048141479492e-01
9.453781247138977051e-01
9.579831957817077637e-01
9.873949289321899414e-01
9.831932783126831055e-01
9.117646813392639160e-01
8.907563090324401855e-01
9.747899174690246582e-01
9.915966391563415527e-01
9.621848464012145996e-01
8.529411554336547852e-01
9.621848464012145996e-01
9.747899174690246582e-01
9.705882072448730469e-01
9.537814855575561523e-01
