2.107094456798239146e-01
1.171010895722242456e-01
9.511420981236787253e-02
9.975391229339468369e-02
6.920056077179895238e-02
7.101005320678546728e-02
6.437100341423988847e-02
6.484944620713510577e-02
6.179198572283923357e-02
5.094660139208326971e-02
5.809607394241309702e-02
5.071893506247639877e-02
4.642713402973434877e-02
4.239714982482184480e-02
4.386065962558002851e-02
4.609141582212564203e-02
4.414467228906429619e-02
4.460089903883780044e-02
4.530783348672858674e-02
3.256226925370957204e-02
3.389243612156666446e-02
3.204651587345253710e-02
3.377616989202307518e-02
3.220349792693579655e-02
3.752946861776863818e-02
2.966164883113792464e-02
3.006556324879743405e-02
3.068555244269844870e-02
2.849663711928712706e-02
2.292209442442734099e-02
2.560535139041936192e-02
3.160480460496323946e-02
2.154713597981301049e-02
2.700939775449609156e-02
2.557294132088563932e-02
2.493316828858824566e-02
2.344291228174368025e-02
1.499203239277304908e-02
1.967460459151520666e-02
1.965684679027845591e-02
1.648719079773772189e-02
1.568287683179787895e-02
2.055480337628989504e-02
1.676859553724711904e-02
1.861638387222900454e-02
1.809657452525736607e-02
1.400574216869791486e-02
1.377736873296647735e-02
1.288259783594048608e-02
1.408285743283930504e-02
1.622503592574368186e-02
1.676090916493375854e-02
1.505568428490849757e-02
1.433830771361868824e-02
1.387532082064349588e-02
8.952539630971808465e-03
1.127500975128531251e-02
8.241077749979123374e-03
1.166093364852780964e-02
1.911314345978356102e-02
1.027043579054070024e-02
8.707261222219476321e-03
9.072574682581279609e-03
1.499371314496925588e-02
8.359985113646677471e-03
1.029662262091567311e-02
6.224874018821851228e-03
4.750069251142827881e-03
6.860933475821564924e-03
9.023686463253865336e-03
7.628588015984308877e-03
1.337185293170987249e-02
8.069840986793032703e-03
5.365956450430049880e-03
7.165926373552902566e-03
4.412137127170960398e-03
1.720739863827329061e-02
1.109961527115208013e-02
3.369726091536872671e-03
6.081810404927587115e-03
5.745986642024990265e-03
9.149402163725429971e-03
6.215842300629832728e-03
6.232072692868650433e-03
8.970352559050074476e-03
1.020058772972535013e-02
1.273192710830914343e-02
5.132091899254061923e-03
1.051439257215835282e-02
4.990571459135139699e-03
2.721788861273088597e-03
3.666306179314304543e-03
1.898189345216241657e-03
1.843281766872965303e-03
1.828419510545230622e-03
1.697130089630037803e-03
1.882712062691717847e-03
1.598214203735261662e-03
1.625389953547972006e-03
1.517729752240392803e-03
1.619664888504146385e-03
2.075253535592921222e-02
6.103892716285985037e-03
7.659816230328181721e-03
6.204859086377898826e-03
8.069349782741631893e-03
9.872414102458754517e-03
3.751806620121641862e-03
5.155117876542486023e-03
4.516514807065109306e-03
5.489673229598505608e-03
4.781197589964009120e-03
1.305522022884820273e-03
1.229998624915284392e-03
1.317707978117683846e-03
2.091141060363481061e-03
1.197391252659336068e-02
9.578813985998512262e-03
4.832652548892741803e-03
1.900505561385900039e-03
3.826603302782529553e-03
2.004035402266546393e-03
2.766057139634221871e-03
4.275727489306277787e-03
4.098021585209049057e-03
1.210977987370800285e-02
4.473106073444653268e-03
3.867488655251611306e-03
2.166787683365942706e-03
1.125623028072091384e-03
9.101877857485104377e-04
8.918496511612960045e-04
8.738455948746156514e-04
8.589412008822021501e-04
8.869641702222419693e-04
8.530020171795141617e-04
8.075651115783232924e-04
7.963807963404577299e-04
7.759950750191211503e-04
7.491214666785694313e-04
7.263241836884723988e-04
7.054374774029133731e-04
6.856119760066524838e-04
3.792255675938406567e-02
6.640888412291441611e-03
1.890928906943916939e-03
3.450317747767781343e-03
2.220201593752062913e-03
9.266570203164009069e-04
9.640138393717444200e-04
