8.080808073282241821e-02
2.831858396530151367e-01
3.947368562221527100e-01
4.128440320491790771e-01
5.784313678741455078e-01
5.818181633949279785e-01
6.160714030265808105e-01
6.086956262588500977e-01
5.964912176132202148e-01
6.944444179534912109e-01
6.306306123733520508e-01
6.173912882804870605e-01
7.017543911933898926e-01
7.272727489471435547e-01
7.105262875556945801e-01
6.818181872367858887e-01
7.129629850387573242e-01
7.017543911933898926e-01
6.864407062530517578e-01
7.739130258560180664e-01
7.657657861709594727e-01
7.521367669105529785e-01
7.241379022598266602e-01
7.456140518188476562e-01
6.982758641242980957e-01
8.407079577445983887e-01
7.982456088066101074e-01
7.565217614173889160e-01
7.807017564773559570e-01
8.495575189590454102e-01
8.000000119209289551e-01
7.807017564773559570e-01
8.362069129943847656e-01
8.333333134651184082e-01
7.692307829856872559e-01
8.518518805503845215e-01
7.933884263038635254e-01
8.888888955116271973e-01
8.608695864677429199e-01
8.448275923728942871e-01
8.869565129280090332e-01
8.991596698760986328e-01
8.608695864677429199e-01
8.500000238418579102e-01
8.235294222831726074e-01
8.879310488700866699e-01
9.304347634315490723e-01
9.145299196243286133e-01
8.833333253860473633e-01
8.823529481887817383e-01
8.852459192276000977e-01
8.547008633613586426e-01
9.059829115867614746e-01
8.983050584793090820e-01
8.666666746139526367e-01
9.478260874748229980e-01
9.333333373069763184e-01
9.262295365333557129e-01
9.159663915634155273e-01
8.333333134651184082e-01
9.322034120559692383e-01
9.401709437370300293e-01
9.250000119209289551e-01
8.666666746139526367e-01
9.256198406219482422e-01
9.256198406219482422e-01
9.416666626930236816e-01
9.836065769195556641e-01
9.495798349380493164e-01
9.032257795333862305e-01
9.663865566253662109e-01
8.790322542190551758e-01
9.491525292396545410e-01
9.663865566253662109e-01
9.504132270812988281e-01
9.831932783126831055e-01
8.455284833908081055e-01
9.159663915634155273e-01
9.836065769195556641e-01
9.421487450599670410e-01
9.421487450599670410e-01
9.333333373069763184e-01
9.583333134651184082e-01
9.750000238418579102e-01
9.268292784690856934e-01
9.098360538482666016e-01
9.083333611488342285e-01
9.512194991111755371e-01
8.833333253860473633e-01
9.669421315193176270e-01
9.756097793579101562e-01
9.833333492279052734e-01
1.000000000000000000e+00
1.000000000000000000e+00
1.000000000000000000e+00
1.000000000000000000e+00
9.918032884597778320e-01
1.000000000000000000e+00
1.000000000000000000e+00
1.000000000000000000e+00
1.000000000000000000e+00
8.474576473236083984e-01
9.499999880790710449e-01
9.416666626930236816e-01
9.508196711540222168e-01
9.173553586006164551e-01
9.322034120559692383e-01
9.674796462059020996e-01
9.590163826942443848e-01
9.666666388511657715e-01
9.504132270812988281e-01
9.752066135406494141e-01
1.000000000000000000e+00
1.000000000000000000e+00
9.918699264526367188e-01
9.756097793579101562e-01
8.991596698760986328e-01
8.852459192276000977e-01
9.747899174690246582e-01
9.916666746139526367e-01
9.593495726585388184e-01
9.917355179786682129e-01
9.756097793579101562e-01
9.750000238418579102e-01
9.666666388511657715e-01
8.999999761581420898e-01
9.430894255638122559e-01
9.672130942344665527e-01
9.836065769195556641e-01
1.000000000000000000e+00
1.000000000000000000e+00
1.000000000000000000e+00
1.000000000000000000e+00
1.000000000000000000e+00
1.000000000000000000e+00
1.000000000000000000e+00
1.000000000000000000e+00
1.000000000000000000e+00
1.000000000000000000e+00
1.000000000000000000e+00
1.000000000000000000e+00
1.000000000000000000e+00
1.000000000000000000e+00
7.950819730758666992e-01
9.262295365333557129e-01
9.917355179786682129e-01
9.669421315193176270e-01
9.756097793579101562e-01
9.918699264526367188e-01
9.918032884597778320e-01
