3.155530526363270472e-02
2.000763978873864452e-02
1.763509815620272272e-02
1.438256687462747055e-02
1.237954150965517482e-02
1.211339346466237636e-02
1.184611790329375899e-02
7.735646471101555871e-03
8.465383643104089015e-03
6.589336238000269991e-03
6.695280477794726161e-03
7.294504894830247492e-03
7.129108840177634382e-03
7.286902905262147845e-03
6.610111496854151683e-03
7.685083507166497706e-03
5.333422248688346815e-03
5.194266638200990653e-03
7.818858620636474216e-03
5.857918929398644135e-03
5.175926508252746278e-03
6.182171118446372696e-03
5.713298377333176324e-03
3.543147377907366821e-03
5.918715515181547336e-03
7.561891104861026384e-03
5.635797583177043664e-03
1.876850416358109234e-03
1.660364335876370881e-03
1.342428064518171081e-03
1.012976578309581800e-02
3.446947668496281886e-03
3.475402488355010342e-03
6.770646396975029194e-03
1.876323949524066632e-03
1.693922887865649540e-03
5.025043024573951252e-03
8.938228311113837268e-03
4.180803984094341903e-03
4.725480840047043864e-03
3.680958248624424667e-03
1.182497361011142657e-03
1.332348135058516363e-03
5.004222829174485160e-04
3.158932935570727806e-04
3.123381497322296569e-04
2.808430557398593100e-04
2.733295352664419538e-04
2.622342102974496714e-04
2.536979770601921870e-04
