3.967607498168945063e-02
2.219255365864481952e-02
1.976601886105217726e-02
1.690157422522204841e-02
1.368870218180072776e-02
1.179337483204617731e-02
9.659091392945474627e-03
9.738974027477410172e-03
1.184080491366207473e-02
1.100057929988564574e-02
6.666963625212946228e-03
5.540694750857245825e-03
9.093255977093164799e-03
1.040892914819666927e-02
7.772311082436657824e-03
1.142423600084433929e-02
5.227875836177810036e-03
6.132452535279583720e-03
4.607959908972756452e-03
4.616261584700004535e-03
4.078795714343230912e-03
5.395717607303098830e-03
4.068673412211192345e-03
4.970251942116444069e-03
4.766980664726803638e-03
8.217583856610364765e-03
1.201466680598892167e-02
3.538947263673483407e-03
2.900928200712825367e-03
3.253079103680040114e-03
6.460203391624846567e-03
1.675303278551939059e-03
2.219138963381320738e-03
3.035511120939213790e-03
3.259729055370781149e-03
6.184700098967703397e-03
1.012834529355010824e-02
1.280727187602782695e-02
1.799820851589736164e-03
3.503871665101884140e-03
2.879307240884688285e-03
1.688484115118503350e-03
1.611914164573741669e-03
2.219229475235720214e-03
2.757403531858016246e-03
5.058380012246868791e-03
1.931793772444191952e-03
5.879466072902335069e-03
7.998348257807624817e-03
2.585140078123777073e-03
