9.173789024353027344e-01
9.571428298950195312e-01
9.487179517745971680e-01
9.485714435577392578e-01
9.627507328987121582e-01
9.545454382896423340e-01
9.686609506607055664e-01
9.685714244842529297e-01
9.625360369682312012e-01
9.626436829566955566e-01
9.800570011138916016e-01
9.801699519157409668e-01
9.686609506607055664e-01
9.710982441902160645e-01
9.635854363441467285e-01
9.567723274230957031e-01
9.858356714248657227e-01
9.715099930763244629e-01
9.858356714248657227e-01
9.857954382896423340e-01
9.885386824607849121e-01
9.857549667358398438e-01
9.774647951126098633e-01
9.856733679771423340e-01
9.886363744735717773e-01
9.659090638160705566e-01
9.601139426231384277e-01
9.803370833396911621e-01
9.859154820442199707e-01
9.914529919624328613e-01
9.800570011138916016e-01
9.971671104431152344e-01
9.915254116058349609e-01
9.942857027053833008e-01
9.943342804908752441e-01
9.830508232116699219e-01
9.523809552192687988e-01
9.576271176338195801e-01
9.943502545356750488e-01
9.858757257461547852e-01
9.915493130683898926e-01
9.915254116058349609e-01
9.971751570701599121e-01
9.887005686759948730e-01
9.914772510528564453e-01
9.857549667358398438e-01
9.971510171890258789e-01
9.774011373519897461e-01
9.633802771568298340e-01
9.943181872367858887e-01
