1.517109667791721392e-02
6.211300903845013918e-03
9.414699925037278011e-03
1.395116742066055716e-02
1.408781539765983568e-02
1.145848896885218356e-02
1.442422407192274492e-02
1.115000426819081659e-02
9.992824838012708683e-03
5.160309020671203541e-03
2.635630267926900028e-02
8.947084196799846498e-03
6.117522124144987930e-03
1.216238973209554652e-02
6.732432300269567890e-03
7.479647055918974170e-03
1.989954016862591560e-02
1.295399894923062942e-02
4.654801920513668839e-03
7.972447121996361491e-03
2.048139466453103782e-02
1.038122935318962388e-02
2.981496497418597777e-03
9.867491959119598782e-03
1.478949105711969449e-02
5.494644004220217842e-03
1.813400855768123416e-03
2.582486571882759187e-03
2.347496791827760609e-02
1.713294091061280666e-02
6.826244101797577721e-03
9.249375296105701375e-03
1.242661840134221853e-02
9.661962047128673861e-03
7.675166634124313582e-03
1.315429702901214047e-02
2.526126860066385364e-03
5.735545483895527694e-03
1.989056732795580970e-02
1.241872887836077168e-02
5.636299350168067282e-03
7.191711760705898383e-03
1.440542367576407197e-02
4.508670188217780116e-03
1.004359963028763139e-02
1.009739706018487719e-02
5.775678270628628250e-03
3.015240218134646825e-03
1.621005031249293099e-02
1.897433303227802695e-02
