9.720717072486877441e-01
9.887453317642211914e-01
9.845768809318542480e-01
9.808253645896911621e-01
9.749895930290222168e-01
9.787411689758300781e-01
9.770737886428833008e-01
9.795747995376586914e-01
9.812421798706054688e-01
9.879116415977478027e-01
9.624843597412109375e-01
9.837432503700256348e-01
9.895789623260498047e-01
9.799916744232177734e-01
9.879116415977478027e-01
9.887453317642211914e-01
9.645685553550720215e-01
9.812421798706054688e-01
9.933305382728576660e-01
9.858274459838867188e-01
9.637348651885986328e-01
9.812421798706054688e-01
9.958316087722778320e-01
9.808253645896911621e-01
9.754064083099365234e-01
9.916632175445556641e-01
9.983326196670532227e-01
9.958316087722778320e-01
9.649854302406311035e-01
9.708212018013000488e-01
9.883284568786621094e-01
9.837432503700256348e-01
9.787411689758300781e-01
9.854105710983276367e-01
9.862442612648010254e-01
9.816589951515197754e-01
9.970821142196655273e-01
9.920800328254699707e-01
9.695706367492675781e-01
9.791579842567443848e-01
9.899958372116088867e-01
9.879116415977478027e-01
9.729053974151611328e-01
9.929137229919433594e-01
9.833263754844665527e-01
9.808253645896911621e-01
9.899958372116088867e-01
9.954147338867187500e-01
9.745727181434631348e-01
9.695706367492675781e-01
