7.343375019810579607e-01
3.258446266190133112e-01
2.466088374796517602e-01
2.078679690844510430e-01
1.830370345159584300e-01
1.818339929080126371e-01
1.644930626642376048e-01
1.560612149050763231e-01
1.300254224166639272e-01
1.223805854674828858e-01
1.233790616766376608e-01
1.121471130832204094e-01
1.045325101333218487e-01
1.037139134977927007e-01
9.925916145320123896e-02
9.392167079591365320e-02
1.018155319529841507e-01
8.635569300419691785e-02
8.112253439940914079e-02
8.290568325391950433e-02
7.606551685492317361e-02
9.371860742827338442e-02
7.377688679577346087e-02
7.308109335663114103e-02
6.773950485466978533e-02
6.965029894072763406e-02
6.191053166957428272e-02
7.137822657065305554e-02
6.087351744967139933e-02
6.315869450129645013e-02
6.161230203877787748e-02
6.096305583294409081e-02
6.500013949475197395e-02
7.061555166095158376e-02
6.030246694703911975e-02
6.127478207366402613e-02
5.897332603161711817e-02
5.452379564562643416e-02
4.976157546731444642e-02
5.086178385532895418e-02
6.087043722041858562e-02
5.283252827913029886e-02
4.693758733489133278e-02
4.592957365099457206e-02
4.575375993242870171e-02
5.336130767810740028e-02
4.206314061428190199e-02
5.016940477428079304e-02
3.790026538725556338e-02
4.387880625295225573e-02
4.243491261557188338e-02
3.771860580701806576e-02
3.937798195935945933e-02
4.092246800941221063e-02
3.957840921399399803e-02
3.524982681567438714e-02
3.561628482873557822e-02
3.599245106745925515e-02
3.160265333644408231e-02
3.501769425596689550e-02
3.052423096718628187e-02
3.182212450930162889e-02
2.868181487810058869e-02
3.052549283660855456e-02
3.127366068435617069e-02
2.690756945982097914e-02
2.753211660580930781e-02
2.964882144646187670e-02
3.375221260799087658e-02
2.634567925387054643e-02
2.827684920115478354e-02
2.339422918295876175e-02
2.714880639904828502e-02
2.207915455238423919e-02
2.200608906250824809e-02
2.208102115009034916e-02
2.158239715747729132e-02
2.265949812961711926e-02
1.911299471668632260e-02
2.310672787050065471e-02
2.289811349205344085e-02
2.404569246347388473e-02
2.196176800128427781e-02
2.388544784535159143e-02
2.251650485804439911e-02
1.384563957170056349e-02
1.561287687512172978e-02
2.681088154339342222e-02
2.108189306863261780e-02
1.753054588550088944e-02
1.846235238875361048e-02
1.399020559361216498e-02
1.553475742919536995e-02
1.154100461884043950e-02
1.128051491707698223e-02
1.409448799468321356e-02
1.117422626902483777e-02
1.952687891816620031e-02
1.354696162931741908e-02
1.370346653550762184e-02
1.278417228829555052e-02
1.029819784420228299e-02
1.091194152965428363e-02
1.070131213180271386e-02
1.834676568496437440e-02
1.298573843078512993e-02
1.368451035627867018e-02
9.450656816446181482e-03
9.186674754566744733e-03
2.048935913136793949e-02
1.260765572397977083e-02
1.229667740842749386e-02
8.916643890315267829e-03
6.303594195428930888e-03
1.008684470676674862e-02
1.151282154813498652e-02
1.353070800053289210e-02
1.965954014810298439e-02
1.085557398838094684e-02
1.043768374163684190e-02
1.207365333525652756e-02
8.721362706396659781e-03
1.021100339859575164e-02
5.073749974806703034e-03
7.482762330011953969e-03
9.657964533436418086e-03
1.670556910984748872e-02
7.520397048467426966e-03
4.810393908337710217e-03
5.890275472646970545e-03
1.010719649016273043e-02
1.572286467865822643e-02
1.236232408767167987e-02
6.921474150044276859e-03
3.478369683966663940e-03
3.117527930451086116e-03
1.215613140466405631e-02
1.140741960176600532e-02
9.018679228047863511e-03
1.144499171152605667e-02
5.215071527132202414e-03
4.761702365540684129e-03
5.332462788177559296e-03
2.690960350893985362e-03
5.524012181373250639e-03
1.428493723572367598e-02
9.738260542310752180e-03
6.840978190513475818e-03
2.856220607865212618e-03
6.050107380102504040e-03
