1.585051566362380981e-01
4.064602851867675781e-01
5.393939614295959473e-01
6.328800916671752930e-01
6.757396459579467773e-01
6.894923448562622070e-01
7.256027460098266602e-01
7.405213117599487305e-01
7.972350120544433594e-01
7.936865687370300293e-01
7.901375889778137207e-01
7.993197441101074219e-01
8.143176436424255371e-01
8.251986503601074219e-01
8.320356011390686035e-01
8.543799519538879395e-01
8.437856435775756836e-01
8.648648858070373535e-01
8.702461123466491699e-01
8.774120211601257324e-01
8.819523453712463379e-01
8.481153249740600586e-01
8.817679286003112793e-01
8.881356120109558105e-01
8.971238732337951660e-01
8.973214030265808105e-01
9.106145501136779785e-01
8.922559022903442383e-01
9.204035997390747070e-01
9.127516746520996094e-01
9.164785742759704590e-01
9.173272848129272461e-01
9.054054021835327148e-01
8.838782310485839844e-01
9.049723744392395020e-01
9.029017686843872070e-01
9.115341305732727051e-01
9.187359213829040527e-01
9.241071343421936035e-01
9.338564872741699219e-01
9.118643999099731445e-01
9.304932951927185059e-01
9.166666865348815918e-01
9.295929670333862305e-01
9.272326231002807617e-01
9.079956412315368652e-01
9.368070960044860840e-01
9.185022115707397461e-01
9.490587115287780762e-01
9.418994188308715820e-01
9.303097128868103027e-01
9.445676207542419434e-01
9.379844665527343750e-01
9.422863721847534180e-01
9.411110877990722656e-01
9.439560174942016602e-01
9.429198503494262695e-01
9.420131444931030273e-01
9.516483545303344727e-01
9.451152682304382324e-01
9.583789706230163574e-01
9.507658481597900391e-01
9.488574266433715820e-01
9.497816562652587891e-01
9.492273926734924316e-01
9.596070051193237305e-01
9.470842480659484863e-01
9.541984796524047852e-01
9.463894963264465332e-01
9.586056470870971680e-01
9.581497907638549805e-01
9.652174115180969238e-01
9.533116221427917480e-01
9.621621370315551758e-01
9.662677049636840820e-01
9.705561399459838867e-01
9.695652127265930176e-01
9.630836248397827148e-01
9.751619696617126465e-01
9.599999785423278809e-01
9.600431919097900391e-01
9.599133133888244629e-01
9.642082452774047852e-01
9.640522599220275879e-01
9.612486362457275391e-01
9.795258641242980957e-01
9.827771782875061035e-01
9.525350332260131836e-01
9.623655676841735840e-01
9.719222187995910645e-01
9.656652212142944336e-01
9.785407781600952148e-01
9.751887917518615723e-01
9.796137213706970215e-01
9.839228391647338867e-01
9.816414713859558105e-01
9.859913587570190430e-01
9.657020568847656250e-01
9.785407781600952148e-01
9.743315577507019043e-01
9.754535555839538574e-01
9.828876852989196777e-01
9.829242229461669922e-01
9.828326106071472168e-01
9.667382240295410156e-01
9.735169410705566406e-01
9.764453768730163574e-01
9.871657490730285645e-01
9.881974458694458008e-01
9.635974168777465820e-01
9.785637855529785156e-01
9.754797220230102539e-01
9.829968214035034180e-01
9.914802908897399902e-01
9.850106835365295410e-01
9.828510284423828125e-01
9.818181991577148438e-01
9.687836170196533203e-01
9.860813617706298828e-01
9.808510541915893555e-01
9.775880575180053711e-01
9.861259460449218750e-01
9.851064085960388184e-01
9.967845678329467773e-01
9.914712309837341309e-01
9.829242229461669922e-01
9.700854420661926270e-01
9.883103370666503906e-01
9.925531744956970215e-01
9.914621114730834961e-01
9.787911176681518555e-01
9.764957427978515625e-01
9.796574115753173828e-01
9.893617033958435059e-01
9.989350438117980957e-01
9.968051314353942871e-01
9.829787015914916992e-01
9.817792177200317383e-01
9.872068166732788086e-01
9.776119589805603027e-01
9.925611019134521484e-01
9.957310557365417480e-01
9.904255270957946777e-01
9.968119263648986816e-01
9.935897588729858398e-01
9.754535555839538574e-01
9.851064085960388184e-01
9.882478713989257812e-01
9.978678226470947266e-01
9.904255270957946777e-01
