2.457384570699461604e-02
1.367976620907867223e-02
7.399162344070193270e-03
8.897797798740404371e-03
7.847147589621090297e-03
4.967831582268909113e-03
5.219928394464310589e-03
3.401864792768788219e-03
4.465317030470423824e-03
3.484841977753543301e-03
4.029422487029251515e-03
3.025488180579431838e-03
1.148121088882043950e-02
4.437547257207535671e-03
7.904528336072223077e-03
5.892754154879821689e-03
1.577191757094417463e-03
8.954314381382603993e-03
5.513463798951435089e-03
9.063143403145462393e-03
4.574326343732840888e-03
2.436004502987611491e-03
5.276175810701925865e-03
9.902449766484040100e-03
6.916099396825617709e-03
2.809437416100979759e-03
1.987073872197341485e-03
2.018108805594713562e-03
6.859321671567586085e-03
2.149920832941615463e-03
3.115255067543445597e-03
2.858709543133089795e-03
3.824007928523408695e-03
1.989921302104632507e-03
2.434714173432439566e-03
1.591533120537546968e-03
3.117061781523027680e-03
1.292484886267230388e-03
1.214037928532172217e-03
6.670806059406383069e-03
4.895374970204482805e-03
6.525720495673736042e-03
3.612421917084788960e-03
7.455633819601674645e-04
9.383231201385597124e-04
2.421669664474712658e-03
8.007345516881087324e-03
4.791132962193962556e-03
1.316863217447615617e-03
1.843983277093982085e-03
