8.608695864677429199e-01
8.925619721412658691e-01
9.416666626930236816e-01
9.090909361839294434e-01
9.090909361839294434e-01
9.661017060279846191e-01
9.495798349380493164e-01
9.579831957817077637e-01
9.508196711540222168e-01
9.754098653793334961e-01
9.586777091026306152e-01
9.590163826942443848e-01
9.344262480735778809e-01
9.435483813285827637e-01
9.166666865348815918e-01
9.416666626930236816e-01
9.756097793579101562e-01
9.243697524070739746e-01
9.586777091026306152e-01
9.173553586006164551e-01
9.669421315193176270e-01
9.836065769195556641e-01
9.512194991111755371e-01
9.250000119209289551e-01
9.193548560142517090e-01
9.833333492279052734e-01
9.674796462059020996e-01
1.000000000000000000e+00
9.349593520164489746e-01
9.916666746139526367e-01
9.752066135406494141e-01
9.754098653793334961e-01
9.590163826942443848e-01
9.916666746139526367e-01
9.756097793579101562e-01
9.834710955619812012e-01
9.833333492279052734e-01
9.918032884597778320e-01
9.836065769195556641e-01
9.669421315193176270e-01
9.669421315193176270e-01
9.583333134651184082e-01
9.593495726585388184e-01
9.918699264526367188e-01
1.000000000000000000e+00
9.674796462059020996e-01
9.495798349380493164e-01
9.586777091026306152e-01
9.836065769195556641e-01
9.836065769195556641e-01
