1.562733905737435230e-02
1.268808297165130612e-02
1.157556705044386798e-02
1.117795135292117686e-02
8.959746085592792605e-03
6.288207539436434408e-03
7.331900571671563956e-03
4.745978733787516515e-03
5.326486314484939026e-03
3.462769042915884478e-03
4.819038884082408290e-03
4.479827696558152765e-03
4.500905327290396531e-03
5.130786874893077283e-03
4.823493110366260279e-03
4.185123141169773582e-03
3.219797547343382360e-03
5.166678088143111802e-03
1.346919234052328974e-03
2.674838707060780713e-03
3.384362671459629785e-03
4.501763770963489002e-03
1.959426129901829100e-03
2.294368321921357815e-03
3.018809828978406221e-03
6.719126374092116404e-03
2.113495295499335028e-03
2.345620793216654770e-03
5.721966545258724661e-03
2.697095724753582717e-03
1.581714220670230476e-03
1.581119612802620250e-03
1.204457145949339343e-03
3.080249073839700594e-03
2.564430020429912891e-03
2.325073973371964611e-03
2.597237435852143075e-03
2.016380886479388502e-03
2.327906574930546559e-03
2.620287212672014771e-03
2.369519519237620400e-03
8.695684234895292852e-04
2.186414704949816643e-03
5.627821523691548975e-04
1.587049967165306275e-03
1.948826773996371843e-03
3.545496461520668448e-03
6.806273324488856412e-04
5.403540477579337267e-03
3.522345433500867224e-03
