1.259640157222747803e-01
3.944444358348846436e-01
5.165394544601440430e-01
5.992555618286132812e-01
6.562874317169189453e-01
7.041062712669372559e-01
7.110311985015869141e-01
7.502972483634948730e-01
7.875149846076965332e-01
7.622950673103332520e-01
8.009049892425537109e-01
8.191244006156921387e-01
8.346728086471557617e-01
8.374999761581420898e-01
8.464125394821166992e-01
8.762769699096679688e-01
8.523489832878112793e-01
8.747203350067138672e-01
8.626126050949096680e-01
8.754208683967590332e-01
8.972067236900329590e-01
8.895089030265808105e-01
8.997772932052612305e-01
9.073660969734191895e-01
8.980044126510620117e-01
9.145393967628479004e-01
9.133858084678649902e-01
9.187986850738525391e-01
9.169472455978393555e-01
9.059734344482421875e-01
9.123196601867675781e-01
9.029768705368041992e-01
9.229074716567993164e-01
9.213114976882934570e-01
9.235954880714416504e-01
9.310345053672790527e-01
9.154775142669677734e-01
9.317673444747924805e-01
9.123376607894897461e-01
9.435216188430786133e-01
9.502212405204772949e-01
9.384615421295166016e-01
9.355190992355346680e-01
9.338478446006774902e-01
9.346405267715454102e-01
9.461538195610046387e-01
9.432314634323120117e-01
9.474835991859436035e-01
9.452354907989501953e-01
9.481236338615417480e-01
9.564270377159118652e-01
9.451754093170166016e-01
9.468546509742736816e-01
9.530054926872253418e-01
9.617903828620910645e-01
9.651415944099426270e-01
9.608269929885864258e-01
9.587404727935791016e-01
9.607843160629272461e-01
9.577465057373046875e-01
9.579287767410278320e-01
9.580193758010864258e-01
9.643242955207824707e-01
9.568034410476684570e-01
9.685466289520263672e-01
9.750812649726867676e-01
9.587404727935791016e-01
9.730312824249267578e-01
9.688506722450256348e-01
9.848155975341796875e-01
9.718614816665649414e-01
9.697297215461730957e-01
9.655913710594177246e-01
9.731471538543701172e-01
9.772727489471435547e-01
9.773950576782226562e-01
9.772727489471435547e-01
9.805194735527038574e-01
9.741100072860717773e-01
9.860064387321472168e-01
9.742765426635742188e-01
9.700854420661926270e-01
9.665948152542114258e-01
9.838535785675048828e-01
9.827957153320312500e-01
9.870828986167907715e-01
9.849300384521484375e-01
9.795918464660644531e-01
9.967672228813171387e-01
9.967845678329467773e-01
9.882100820541381836e-01
9.569429755210876465e-01
9.624866247177124023e-01
9.753218889236450195e-01
9.849137663841247559e-01
9.698600769042968750e-01
9.914070963859558105e-01
9.860365390777587891e-01
9.881847500801086426e-01
9.902912378311157227e-01
9.720730185508728027e-01
9.946236610412597656e-01
9.946236610412597656e-01
9.925133585929870605e-01
9.989235997200012207e-01
9.721925258636474609e-01
9.709989428520202637e-01
9.838882684707641602e-01
9.892588853836059570e-01
9.935691356658935547e-01
9.925213456153869629e-01
9.806451797485351562e-01
9.785407781600952148e-01
9.967880249023437500e-01
9.903846383094787598e-01
9.666666388511657715e-01
9.721627235412597656e-01
9.892357587814331055e-01
9.935622215270996094e-01
9.946409463882446289e-01
9.903433322906494141e-01
9.978563785552978516e-01
9.989293217658996582e-01
9.742765426635742188e-01
9.828876852989196777e-01
9.859762787818908691e-01
9.762930870056152344e-01
9.978471398353576660e-01
9.978540539741516113e-01
9.989281892776489258e-01
9.914255142211914062e-01
9.989304542541503906e-01
9.913793206214904785e-01
9.634014964103698730e-01
9.957035183906555176e-01
9.967880249023437500e-01
9.881974458694458008e-01
9.871382713317871094e-01
9.881720542907714844e-01
9.935759902000427246e-01
9.978563785552978516e-01
9.989281892776489258e-01
1.000000000000000000e+00
1.000000000000000000e+00
1.000000000000000000e+00
1.000000000000000000e+00
1.000000000000000000e+00
1.000000000000000000e+00
1.000000000000000000e+00
1.000000000000000000e+00
