1.049250513315200806e-01
3.040685355663299561e-01
4.346895217895507812e-01
5.171306133270263672e-01
5.867237448692321777e-01
6.241970062255859375e-01
6.349036693572998047e-01
6.755888462066650391e-01
7.023554444313049316e-01
6.970021128654479980e-01
7.580299973487854004e-01
7.612419724464416504e-01
7.783725857734680176e-01
7.890792489051818848e-01
8.083511590957641602e-01
8.265524506568908691e-01
8.158458471298217773e-01
8.372591137886047363e-01
8.201285004615783691e-01
8.351177573204040527e-01
8.597430586814880371e-01
8.533190488815307617e-01
8.650963306427001953e-01
8.704496622085571289e-01
8.672376871109008789e-01
8.822270035743713379e-01
8.693790435791015625e-01
8.843683004379272461e-01
8.747323155403137207e-01
8.768736720085144043e-01
8.800856471061706543e-01
8.768736720085144043e-01
8.972162604331970215e-01
9.025695919990539551e-01
8.800856471061706543e-01
8.961455821990966797e-01
8.929336071014404297e-01
8.918629288673400879e-01
9.025695919990539551e-01
9.122055768966674805e-01
9.197002053260803223e-01
9.143468737602233887e-01
9.164882302284240723e-01
9.068522453308105469e-01
9.186295270919799805e-01
9.218415617942810059e-01
9.250535368919372559e-01
9.271948337554931641e-01
9.239828586578369141e-01
9.197002053260803223e-01
9.400428533554077148e-01
9.229121804237365723e-01
9.346895217895507812e-01
9.336188435554504395e-01
9.432548284530639648e-01
9.486081600189208984e-01
9.453961253166198730e-01
9.453961253166198730e-01
9.443255066871643066e-01
9.464668035507202148e-01
9.507494568824768066e-01
9.528908133506774902e-01
9.550321102142333984e-01
9.486081600189208984e-01
9.561027884483337402e-01
9.635974168777465820e-01
9.453961253166198730e-01
9.657387733459472656e-01
9.657387733459472656e-01
9.721627235412597656e-01
9.614561200141906738e-01
9.603854417800903320e-01
9.614561200141906738e-01
9.700214266777038574e-01
9.668094515800476074e-01
9.721627235412597656e-01
9.668094515800476074e-01
9.700214266777038574e-01
9.668094515800476074e-01
9.807280302047729492e-01
9.732334017753601074e-01
9.721627235412597656e-01
9.603854417800903320e-01
9.785867333412170410e-01
9.785867333412170410e-01
9.817987084388732910e-01
9.796574115753173828e-01
9.764453768730163574e-01
9.903640151023864746e-01
9.957173466682434082e-01
9.871520400047302246e-01
9.518201351165771484e-01
9.614561200141906738e-01
9.732334017753601074e-01
9.785867333412170410e-01
9.646680951118469238e-01
9.882227182388305664e-01
9.828693866729736328e-01
9.850106835365295410e-01
9.828693866729736328e-01
9.689507484436035156e-01
9.903640151023864746e-01
9.903640151023864746e-01
9.935759902000427246e-01
9.935759902000427246e-01
9.732334017753601074e-01
9.678800702095031738e-01
9.807280302047729492e-01
9.860813617706298828e-01
9.925053715705871582e-01
9.946466684341430664e-01
9.764453768730163574e-01
9.764453768730163574e-01
9.967880249023437500e-01
9.925053715705871582e-01
9.625267386436462402e-01
9.721627235412597656e-01
9.839400649070739746e-01
9.914346933364868164e-01
9.935759902000427246e-01
9.882227182388305664e-01
9.967880249023437500e-01
9.989293217658996582e-01
9.732334017753601074e-01
9.839400649070739746e-01
9.785867333412170410e-01
9.700214266777038574e-01
9.925053715705871582e-01
9.957173466682434082e-01
9.978586435317993164e-01
9.903640151023864746e-01
1.000000000000000000e+00
9.850106835365295410e-01
9.582440853118896484e-01
9.925053715705871582e-01
9.967880249023437500e-01
9.860813617706298828e-01
9.860813617706298828e-01
9.839400649070739746e-01
9.935759902000427246e-01
9.967880249023437500e-01
9.978586435317993164e-01
1.000000000000000000e+00
1.000000000000000000e+00
1.000000000000000000e+00
1.000000000000000000e+00
1.000000000000000000e+00
1.000000000000000000e+00
1.000000000000000000e+00
1.000000000000000000e+00
