4.114971795865072224e-01
2.693261233860265724e-01
2.301011707120040051e-01
1.886256201802417320e-01
1.855423125948429952e-01
1.664781087680756166e-01
1.626930584298591498e-01
1.554457858042425922e-01
1.575087641457534882e-01
1.445403882432011733e-01
1.416099409224380046e-01
1.415575137981832377e-01
1.304414196640432400e-01
1.267858416527810894e-01
1.247749047514568055e-01
1.274469709432205777e-01
1.364995362121195766e-01
1.215929656914055551e-01
1.194153160736080577e-01
1.167800275243773278e-01
1.096666663891961713e-01
1.152555340530603961e-01
1.092862666106249880e-01
1.121037009987408545e-01
1.081257985404964900e-01
1.069975312132440265e-01
1.034794561785054579e-01
1.021603542704943857e-01
9.981711765482571830e-02
9.130771181015734372e-02
9.070458098098536925e-02
8.968414505014123128e-02
8.738228391177979559e-02
8.928494328969138749e-02
9.189986457098778261e-02
8.223866390363521184e-02
9.295153162877511921e-02
8.087824376754709776e-02
8.469442854123046538e-02
7.496187309325762216e-02
8.150299232214151812e-02
6.894842182750228476e-02
6.965223436147301161e-02
8.638040553742629135e-02
7.466697978004527281e-02
6.068562621223212716e-02
7.289589444912922267e-02
5.903038596781853831e-02
5.783973854589125746e-02
5.976420552332498831e-02
6.105644247273494390e-02
5.572942852324275914e-02
5.778357944145810082e-02
5.312620697109449869e-02
5.589313280893071223e-02
6.132682328808056887e-02
5.133423816774700110e-02
5.041182610544438225e-02
4.591078834053899382e-02
4.784388793173455223e-02
4.476369764173326882e-02
4.228313863369222159e-02
4.458248081876004659e-02
4.242301189485253587e-02
5.453126879393709742e-02
4.441374067760363309e-02
4.495480147589508285e-02
3.666906704891877145e-02
3.878338511855173448e-02
3.258471674979129123e-02
3.274111133941550594e-02
3.644238913566021087e-02
4.059950551980322231e-02
3.683750241382921509e-02
3.144936629295738695e-02
3.111168872094819196e-02
2.537949090969145172e-02
3.753340429484291335e-02
3.547960152488786878e-02
2.832792246010511217e-02
2.161269008635399377e-02
4.522468039899277953e-02
2.700368451167843575e-02
2.015037271063091842e-02
1.659415661506924086e-02
2.136590087016320902e-02
1.687328396488724930e-02
1.859950274594640227e-02
2.256191005005982533e-02
2.909613858100148359e-02
1.671356935924325077e-02
1.738738774297548736e-02
1.890561905199723836e-02
1.837944522181740939e-02
1.371511514677820759e-02
1.045914621825193812e-02
2.379117312215024010e-02
2.660323181256103037e-02
1.188106829200413252e-02
7.114353487698242377e-03
9.732889734515991209e-03
8.483593917812644672e-03
1.192051396924525587e-02
3.415510617211144767e-02
1.105954602085482304e-02
1.628163865752095540e-02
1.388577118123619607e-02
1.859626525694563909e-02
1.386144077437614398e-02
7.383867260550923406e-03
9.822518849376847203e-03
3.548005539091021038e-02
8.081039162145383856e-03
5.965448461167603168e-03
4.362697886868721273e-03
6.209265636896238276e-03
1.052904093660347873e-02
1.427013876617756229e-02
1.123838598397651836e-02
2.198316508659542770e-02
5.718671476821122340e-03
4.090419941283323507e-03
9.327123674583432181e-03
8.604591763557743050e-03
3.945136326452680989e-03
1.506993294334395272e-02
1.401205124281345790e-02
1.119286268798605315e-02
3.372865787353424277e-03
2.315465533708959030e-03
3.205862197013624459e-03
1.964642842698146458e-02
2.989196833695260958e-02
3.638011042137487099e-03
1.738841183880927496e-03
1.685610156523646187e-03
1.855000437314601944e-02
1.068617554890905277e-02
6.998555627478051343e-03
2.445495844774936423e-03
1.423952017743462545e-03
1.373734786582786038e-03
1.309758625555651826e-03
1.276347793772185726e-03
1.218734320929787483e-03
1.177780749015699957e-03
1.164414558230935769e-03
1.133914933277635267e-03
1.101471595261172953e-03
1.074832696391019460e-03
