1.907216459512710571e-01
3.072916567325592041e-01
3.734015226364135742e-01
4.807692170143127441e-01
4.656084775924682617e-01
5.154061913490295410e-01
5.433526039123535156e-01
5.472779273986816406e-01
5.335195660591125488e-01
5.893854498863220215e-01
5.927977561950683594e-01
5.813953280448913574e-01
6.128133535385131836e-01
6.277777552604675293e-01
6.358543634414672852e-01
6.363636255264282227e-01
5.868421196937561035e-01
6.657142639160156250e-01
6.383561491966247559e-01
6.315789222717285156e-01
7.337278127670288086e-01
6.628895401954650879e-01
6.957746744155883789e-01
6.788732409477233887e-01
6.876712441444396973e-01
6.867815852165222168e-01
7.295774817466735840e-01
6.967213153839111328e-01
7.123287916183471680e-01
7.387862801551818848e-01
7.605633735656738281e-01
7.371273636817932129e-01
7.539266943931579590e-01
7.546666860580444336e-01
7.479451894760131836e-01
7.596899271011352539e-01
7.102563977241516113e-01
7.670156955718994141e-01
7.741116881370544434e-01
7.833753228187561035e-01
7.830687761306762695e-01
8.402062058448791504e-01
7.969924807548522949e-01
7.567567825317382812e-01
8.083989620208740234e-01
8.482587337493896484e-01
7.910447716712951660e-01
8.636363744735717773e-01
8.502538204193115234e-01
8.539603948593139648e-01
8.510100841522216797e-01
8.740741014480590820e-01
8.609756231307983398e-01
8.731343150138854980e-01
8.553921580314636230e-01
8.228155374526977539e-01
8.668280839920043945e-01
8.826406002044677734e-01
8.944844007492065430e-01
8.776978254318237305e-01
9.033816456794738770e-01
8.941176533699035645e-01
8.847059011459350586e-01
8.931116461753845215e-01
8.293839097023010254e-01
8.844339847564697266e-01
8.808411359786987305e-01
9.162790775299072266e-01
9.035294055938720703e-01
9.183673262596130371e-01
9.187934994697570801e-01
9.004629850387573242e-01
8.826184868812561035e-01
8.968609571456909180e-01
9.225512742996215820e-01
9.072397947311401367e-01
9.336283206939697266e-01
8.893905282020568848e-01
9.022222161293029785e-01
9.175946712493896484e-01
9.566209912300109863e-01
8.520179390907287598e-01
9.266666769981384277e-01
9.507830142974853516e-01
9.650654792785644531e-01
9.445676207542419434e-01
9.540481567382812500e-01
9.624723792076110840e-01
9.358407258987426758e-01
9.076923131942749023e-01
9.478260874748229980e-01
9.445629119873046875e-01
9.578713774681091309e-01
9.463519454002380371e-01
9.652928709983825684e-01
9.764453768730163574e-01
9.206008315086364746e-01
9.232456088066101074e-01
9.742489457130432129e-01
9.872068166732788086e-01
9.785407781600952148e-01
9.829059839248657227e-01
9.599156379699707031e-01
8.852813839912414551e-01
9.681528806686401367e-01
9.481641650199890137e-01
9.658119678497314453e-01
9.363057613372802734e-01
9.551281929016113281e-01
9.789029359817504883e-01
9.682875275611877441e-01
9.088888764381408691e-01
9.829059839248657227e-01
9.873949289321899414e-01
9.936842322349548340e-01
9.810526371002197266e-01
9.603340029716491699e-01
9.676026105880737305e-01
9.499999880790710449e-01
9.377682209014892578e-01
9.893389940261840820e-01
9.937238693237304688e-01
9.665970802307128906e-01
9.872340559959411621e-01
9.916142821311950684e-01
9.660297036170959473e-01
9.616204500198364258e-01
9.659574627876281738e-01
9.937499761581420898e-01
1.000000000000000000e+00
9.978947639465332031e-01
9.245283007621765137e-01
9.206008315086364746e-01
9.916142821311950684e-01
1.000000000000000000e+00
1.000000000000000000e+00
9.491525292396545410e-01
9.642105102539062500e-01
9.810526371002197266e-01
9.979079365730285645e-01
1.000000000000000000e+00
1.000000000000000000e+00
1.000000000000000000e+00
1.000000000000000000e+00
1.000000000000000000e+00
1.000000000000000000e+00
1.000000000000000000e+00
1.000000000000000000e+00
1.000000000000000000e+00
1.000000000000000000e+00
