1.541666686534881592e-01
2.458333373069763184e-01
3.041666746139526367e-01
3.645833432674407959e-01
3.666666746139526367e-01
3.833333253860473633e-01
3.916666805744171143e-01
3.979166746139526367e-01
3.979166746139526367e-01
4.395833313465118408e-01
4.458333253860473633e-01
4.166666567325592041e-01
4.583333432674407959e-01
4.708333313465118408e-01
4.729166626930236816e-01
4.520833194255828857e-01
4.645833373069763184e-01
4.854166805744171143e-01
4.854166805744171143e-01
4.749999940395355225e-01
5.166666507720947266e-01
4.875000119209289551e-01
5.145833492279052734e-01
5.020833611488342285e-01
5.229166746139526367e-01
4.979166686534881592e-01
5.395833253860473633e-01
5.312500000000000000e-01
5.416666865348815918e-01
5.833333134651184082e-01
5.625000000000000000e-01
5.666666626930236816e-01
6.000000238418579102e-01
5.895833373069763184e-01
5.687500238418579102e-01
6.125000119209289551e-01
5.770833492279052734e-01
6.104166507720947266e-01
6.354166865348815918e-01
6.479166746139526367e-01
6.166666746139526367e-01
6.791666746139526367e-01
6.625000238418579102e-01
5.833333134651184082e-01
6.416666507720947266e-01
7.104166746139526367e-01
6.625000238418579102e-01
7.124999761581420898e-01
6.979166865348815918e-01
7.187500000000000000e-01
7.020833492279052734e-01
7.375000119209289551e-01
7.354166507720947266e-01
7.312499880790710449e-01
7.270833253860473633e-01
7.062500119209289551e-01
7.458333373069763184e-01
7.520833611488342285e-01
7.770833373069763184e-01
7.624999880790710449e-01
7.791666388511657715e-01
7.916666865348815918e-01
7.833333611488342285e-01
7.833333611488342285e-01
7.291666865348815918e-01
7.812500000000000000e-01
7.854166626930236816e-01
8.208333253860473633e-01
8.000000119209289551e-01
8.437500000000000000e-01
8.249999880790710449e-01
8.104166388511657715e-01
8.145833611488342285e-01
8.333333134651184082e-01
8.437500000000000000e-01
8.354166746139526367e-01
8.791666626930236816e-01
8.208333253860473633e-01
8.458333611488342285e-01
8.583333492279052734e-01
8.729166388511657715e-01
7.916666865348815918e-01
8.687499761581420898e-01
8.854166865348815918e-01
9.208333492279052734e-01
8.874999880790710449e-01
9.083333611488342285e-01
9.083333611488342285e-01
8.812500238418579102e-01
8.604166507720947266e-01
9.083333611488342285e-01
9.229166507720947266e-01
8.999999761581420898e-01
9.187499880790710449e-01
9.270833134651184082e-01
9.499999880790710449e-01
8.937500119209289551e-01
8.770833611488342285e-01
9.458333253860473633e-01
9.645833373069763184e-01
9.499999880790710449e-01
9.583333134651184082e-01
9.479166865348815918e-01
8.520833253860473633e-01
9.499999880790710449e-01
9.145833253860473633e-01
9.416666626930236816e-01
9.187499880790710449e-01
9.312499761581420898e-01
9.666666388511657715e-01
9.541666507720947266e-01
8.520833253860473633e-01
9.583333134651184082e-01
9.791666865348815918e-01
9.833333492279052734e-01
9.708333611488342285e-01
9.583333134651184082e-01
9.333333373069763184e-01
9.499999880790710449e-01
9.104166626930236816e-01
9.666666388511657715e-01
9.895833134651184082e-01
9.645833373069763184e-01
9.666666388511657715e-01
9.854166507720947266e-01
9.479166865348815918e-01
9.395833611488342285e-01
9.458333253860473633e-01
9.937499761581420898e-01
9.958333373069763184e-01
9.875000119209289551e-01
9.187499880790710449e-01
8.937500119209289551e-01
9.854166507720947266e-01
9.979166388511657715e-01
9.979166388511657715e-01
9.333333373069763184e-01
9.541666507720947266e-01
9.708333611488342285e-01
9.937499761581420898e-01
1.000000000000000000e+00
1.000000000000000000e+00
1.000000000000000000e+00
1.000000000000000000e+00
1.000000000000000000e+00
1.000000000000000000e+00
1.000000000000000000e+00
1.000000000000000000e+00
1.000000000000000000e+00
1.000000000000000000e+00
