1.537884173995744154e-02
1.018046009047154227e-02
7.261395528446997448e-03
9.141557527960616006e-03
7.882203435288049481e-03
5.257516909627868093e-03
5.129286460914324330e-03
7.854403594474866288e-03
8.592562548703927550e-03
3.168237068640882437e-03
4.300275053664898151e-03
3.489626684641627691e-03
4.324020464852560558e-03
6.105234124470834862e-03
8.853008428475393722e-04
5.737010286464690363e-03
8.476725169621964970e-03
4.823016521933783801e-03
5.166676198751976069e-03
1.316607567491391052e-02
6.479041264696281006e-03
5.678548002187830922e-03
5.457633052307539305e-03
5.828386944346741934e-03
7.096774765536335849e-03
2.078137367854711835e-03
2.206506871603396668e-03
1.234655682994201210e-03
3.483611011733904386e-03
2.295760053416971789e-03
2.664766576698434936e-03
3.085653567653328690e-03
3.551122663820715283e-03
3.938565254419617960e-03
5.882058228991766426e-03
4.274989232741760632e-03
5.531170681884732022e-03
7.641796241828987570e-03
6.859489300204822670e-03
2.522814712224482475e-03
4.438913363225105001e-04
6.473866222699332929e-04
3.503012937831919554e-03
2.993932351205265321e-03
2.538897472883190100e-03
1.399335157168734656e-03
4.614575633930949501e-03
3.068281757512361825e-03
7.597001881679772521e-03
1.384696657240151556e-02
