8.833333253860473633e-01
9.166666865348815918e-01
9.083333611488342285e-01
9.083333611488342285e-01
9.098360538482666016e-01
9.338843226432800293e-01
9.180327653884887695e-01
9.406779408454895020e-01
9.401709437370300293e-01
9.504132270812988281e-01
9.421487450599670410e-01
9.499999880790710449e-01
9.504132270812988281e-01
9.262295365333557129e-01
9.916666746139526367e-01
9.508196711540222168e-01
9.083333611488342285e-01
9.416666626930236816e-01
9.495798349380493164e-01
8.934426307678222656e-01
9.083333611488342285e-01
9.666666388511657715e-01
9.426229596138000488e-01
9.416666626930236816e-01
9.256198406219482422e-01
9.754098653793334961e-01
9.596773982048034668e-01
9.915966391563415527e-01
9.590163826942443848e-01
9.834710955619812012e-01
9.672130942344665527e-01
9.669421315193176270e-01
9.666666388511657715e-01
9.426229596138000488e-01
9.421487450599670410e-01
9.590163826942443848e-01
9.262295365333557129e-01
9.173553586006164551e-01
9.250000119209289551e-01
9.672130942344665527e-01
9.917355179786682129e-01
9.837398529052734375e-01
9.663865566253662109e-01
9.590163826942443848e-01
9.674796462059020996e-01
9.754098653793334961e-01
9.583333134651184082e-01
9.752066135406494141e-01
9.495798349380493164e-01
8.934426307678222656e-01
