2.903408075470170074e-02
1.870517850156487583e-02
1.574334222516222265e-02
1.569534309235958575e-02
1.483314355744745974e-02
1.109267893562341546e-02
7.333041047244224370e-03
7.357061158857814732e-03
5.629956512918684285e-03
7.177541020304658084e-03
1.108400336811299347e-02
9.683578939730376825e-03
6.123780460849041762e-03
4.562701853454884625e-03
2.736134364566988018e-03
2.753274375223308586e-03
7.053427427463690447e-03
6.443687650506989446e-03
2.333438373756561469e-03
7.337169514902046503e-03
8.632663991499148898e-03
1.112083219258551761e-02
4.606910119198427689e-03
4.916930163636543463e-03
2.832707695620642532e-03
1.649622562248850453e-03
2.446886724054057275e-03
9.025736936933141663e-03
8.061484271113073669e-03
5.078775017555748304e-03
7.169929261754481170e-03
5.898876475764883165e-03
2.414018267285212606e-03
1.033237951179576510e-03
1.073349126689451165e-03
9.658812688580905529e-04
1.059057505537478166e-03
1.149646869848775736e-03
1.288643611391246347e-03
9.618778217654778018e-04
8.547451755723051376e-04
8.483620504326882649e-04
8.345306346962822874e-04
8.253510510568639160e-04
8.159808542118673685e-04
8.032873412741871550e-04
7.937726882989292344e-04
7.809178284605684892e-04
7.645966359670126498e-04
7.522437533355823790e-04
