9.277456402778625488e-01
9.567723274230957031e-01
9.460227489471435547e-01
9.466292262077331543e-01
9.661017060279846191e-01
9.512894153594970703e-01
9.684813618659973145e-01
9.692737460136413574e-01
9.688385128974914551e-01
9.689265489578247070e-01
9.772727489471435547e-01
9.620991349220275879e-01
9.801699519157409668e-01
9.888268113136291504e-01
9.887640476226806641e-01
9.830985665321350098e-01
9.608938694000244141e-01
9.659090638160705566e-01
9.774647951126098633e-01
9.575070738792419434e-01
9.857549667358398438e-01
9.803921580314636230e-01
9.888579249382019043e-01
9.915966391563415527e-01
1.000000000000000000e+00
1.000000000000000000e+00
1.000000000000000000e+00
1.000000000000000000e+00
1.000000000000000000e+00
1.000000000000000000e+00
1.000000000000000000e+00
1.000000000000000000e+00
1.000000000000000000e+00
1.000000000000000000e+00
1.000000000000000000e+00
1.000000000000000000e+00
9.833333492279052734e-01
8.419452905654907227e-01
9.659090638160705566e-01
9.716714024543762207e-01
9.692737460136413574e-01
9.522472023963928223e-01
9.659090638160705566e-01
9.803370833396911621e-01
9.859943985939025879e-01
9.747191071510314941e-01
9.916201233863830566e-01
9.859154820442199707e-01
9.723756909370422363e-01
9.888888597488403320e-01
