2.703041531275156631e-02
1.859784296825327601e-02
1.677632673082904424e-02
1.459619489711505222e-02
1.207929913747472599e-02
1.088478356114304206e-02
7.536264156718481058e-03
7.088058366536482101e-03
6.834497860708848953e-03
6.720381023745835257e-03
6.043075622915956846e-03
7.989834950714369555e-03
4.908214710641424332e-03
3.574827272063614732e-03
4.285709308903414526e-03
4.524992984395935676e-03
4.052465556582055504e-03
1.039864274882898801e-02
4.452170943991649692e-03
4.197327099826760402e-03
2.285399073570025530e-03
1.114694190478579582e-03
4.459043616336864566e-03
8.112972520298196433e-03
5.071584276796660753e-03
3.374562639481231210e-03
3.268230319142312410e-03
5.230184209755531222e-03
3.954399553857382635e-03
6.435644018828631276e-03
2.310133949946403028e-03
4.345161214113782422e-03
5.974317353851723786e-03
1.417586708827576905e-03
5.355150266268481583e-04
2.496238780798291489e-03
9.635834108554081762e-03
5.518035294414681130e-03
3.649675531844299731e-03
3.496535430605175482e-03
4.078409709292598467e-03
3.100056066807082341e-03
5.987419721866732956e-03
3.726376472716522170e-03
3.047683614212964593e-03
1.446766902856768885e-03
7.063040267227709609e-04
3.433849384310701204e-04
8.425607532189226820e-04
8.330378030031771602e-03
