7.773109078407287598e-01
8.109243512153625488e-01
7.857142686843872070e-01
7.857142686843872070e-01
8.403361439704895020e-01
8.655462265014648438e-01
8.739495873451232910e-01
8.907563090324401855e-01
8.949579596519470215e-01
8.907563090324401855e-01
9.033613204956054688e-01
8.739495873451232910e-01
9.327731132507324219e-01
9.285714030265808105e-01
9.453781247138977051e-01
9.243697524070739746e-01
9.453781247138977051e-01
8.991596698760986328e-01
9.285714030265808105e-01
9.453781247138977051e-01
9.747899174690246582e-01
9.831932783126831055e-01
9.411764740943908691e-01
9.117646813392639160e-01
9.243697524070739746e-01
9.369747638702392578e-01
9.453781247138977051e-01
9.285714030265808105e-01
9.369747638702392578e-01
9.285714030265808105e-01
9.579831957817077637e-01
9.495798349380493164e-01
9.327731132507324219e-01
9.789915680885314941e-01
9.915966391563415527e-01
9.663865566253662109e-01
8.865545988082885742e-01
9.285714030265808105e-01
9.621848464012145996e-01
9.495798349380493164e-01
9.579831957817077637e-01
9.621848464012145996e-01
9.285714030265808105e-01
9.495798349380493164e-01
9.705882072448730469e-01
9.831932783126831055e-01
9.915966391563415527e-01
1.000000000000000000e+00
9.915966391563415527e-01
9.117646813392639160e-01
