1.306990832090377808e-01
2.613981664180755615e-01
3.465045690536499023e-01
3.951367735862731934e-01
4.316109418869018555e-01
4.741641283035278320e-01
4.863221943378448486e-01
4.832826852798461914e-01
5.197568535804748535e-01
5.136778354644775391e-01
5.227963328361511230e-01
5.349544286727905273e-01
5.349544286727905273e-01
5.592705011367797852e-01
5.592705011367797852e-01
5.623100399971008301e-01
5.896656513214111328e-01
5.410334467887878418e-01
5.592705011367797852e-01
6.139817833900451660e-01
5.927051901817321777e-01
5.623100399971008301e-01
6.018236875534057617e-01
6.048632264137268066e-01
6.170212626457214355e-01
6.048632264137268066e-01
6.261398196220397949e-01
6.565349698066711426e-01
6.717325448989868164e-01
6.626139879226684570e-01
6.747720241546630859e-01
6.352583765983581543e-01
6.747720241546630859e-01
6.960486173629760742e-01
6.990881562232971191e-01
6.808510422706604004e-01
7.051671743392944336e-01
7.021276354789733887e-01
6.778115630149841309e-01
7.051671743392944336e-01
7.386018037796020508e-01
7.355623245239257812e-01
7.781155109405517578e-01
7.841945290565490723e-01
7.446808218955993652e-01
7.355623245239257812e-01
7.659574747085571289e-01
7.355623245239257812e-01
7.811549901962280273e-01
7.993921041488647461e-01
7.993921041488647461e-01
7.720364928245544434e-01
8.115501403808593750e-01
7.993921041488647461e-01
8.358662724494934082e-01
8.024315834045410156e-01
7.872340679168701172e-01
8.115501403808593750e-01
8.297872543334960938e-01
8.419452905654907227e-01
8.389057517051696777e-01
8.145896792411804199e-01
8.389057517051696777e-01
8.480243086814880371e-01
8.480243086814880371e-01
8.237082362174987793e-01
8.297872543334960938e-01
8.632218837738037109e-01
8.176291584968566895e-01
8.723404407501220703e-01
8.936170339584350586e-01
8.844984769821166992e-01
8.784194588661193848e-01
8.510638475418090820e-01
8.601823449134826660e-01
8.814589381217956543e-01
8.875380158424377441e-01
8.996960520744323730e-01
9.240121841430664062e-01
9.240121841430664062e-01
9.179331064224243164e-01
9.209726452827453613e-01
9.300912022590637207e-01
9.331306815147399902e-01
9.088146090507507324e-01
8.480243086814880371e-01
9.027355909347534180e-01
8.632218837738037109e-01
9.027355909347534180e-01
9.513677954673767090e-01
9.392096996307373047e-01
9.148936271667480469e-01
9.422492384910583496e-01
9.148936271667480469e-01
9.148936271667480469e-01
9.118540883064270020e-01
9.665653705596923828e-01
9.544072747230529785e-01
9.422492384910583496e-01
9.483282566070556641e-01
9.392096996307373047e-01
9.787234067916870117e-01
9.483282566070556641e-01
9.635258316993713379e-01
9.665653705596923828e-01
8.723404407501220703e-01
9.513677954673767090e-01
8.966565132141113281e-01
9.544072747230529785e-01
9.574468135833740234e-01
9.787234067916870117e-01
9.604862928390502930e-01
9.665653705596923828e-01
9.392096996307373047e-01
9.756838679313659668e-01
9.756838679313659668e-01
9.908814430236816406e-01
9.756838679313659668e-01
9.331306815147399902e-01
8.814589381217956543e-01
9.544072747230529785e-01
9.696048498153686523e-01
9.848024249076843262e-01
9.878419637680053711e-01
9.756838679313659668e-01
9.787234067916870117e-01
9.878419637680053711e-01
9.696048498153686523e-01
9.452887773513793945e-01
9.331306815147399902e-01
9.270516633987426758e-01
9.726443886756896973e-01
9.392096996307373047e-01
9.787234067916870117e-01
9.787234067916870117e-01
9.787234067916870117e-01
9.756838679313659668e-01
9.574468135833740234e-01
9.574468135833740234e-01
9.756838679313659668e-01
9.726443886756896973e-01
9.756838679313659668e-01
9.939209818840026855e-01
1.000000000000000000e+00
1.000000000000000000e+00
9.848024249076843262e-01
9.300912022590637207e-01
9.452887773513793945e-01
9.787234067916870117e-01
9.817629456520080566e-01
