2.281859523399913381e-01
9.340361358119025903e-02
7.466050437862227496e-02
7.673144899788214568e-02
5.430674758842869015e-02
5.189383119336490879e-02
5.667462152521064028e-02
4.871084316112662960e-02
4.647889780856836323e-02
4.261695819113262701e-02
4.551222565425980943e-02
4.220044759895793390e-02
3.839248297828529860e-02
4.798918787106384171e-02
2.759954280145644409e-02
2.869411924207920794e-02
3.462492111205791451e-02
3.060362815484267418e-02
2.620586981697527879e-02
2.575565491360792131e-02
2.691997236217008593e-02
2.076980714837267997e-02
2.404075371030938574e-02
2.388039838252763863e-02
1.993410465207859361e-02
1.560779539549688247e-02
1.699398042727981104e-02
1.559278049683331981e-02
1.733079832286990932e-02
1.944735085193661020e-02
1.603959086335682988e-02
1.746161678636740447e-02
1.257667020487326058e-02
1.503066273297225426e-02
1.145945575619859713e-02
1.160539312866345520e-02
1.147740716083813124e-02
1.038994205534682878e-02
1.141182854364010575e-02
1.098764460443430943e-02
6.658176973368938427e-03
5.077792481259306087e-03
6.902043772234542872e-03
8.379707826899502124e-03
1.013098053107364983e-02
1.422423677044225634e-02
1.529231575157037094e-02
1.244616091940531528e-02
7.092628945620835235e-03
6.392852433708145002e-03
6.351167468406169331e-03
3.951399101824001024e-03
4.335509020247390113e-03
5.952847598489811355e-03
1.078954678776894265e-02
5.462346931524867527e-03
7.150405692587407866e-03
4.536617098224759656e-03
7.860469753361085457e-03
6.487051032568524021e-03
4.272030020299127408e-03
5.064966258465827473e-03
4.326591643759293560e-03
6.679426784154113630e-03
8.984728818985387305e-03
4.619159451101842798e-03
4.134575718789114743e-03
3.761808535819869976e-03
2.980240208102625295e-03
8.392534008761371941e-03
4.071597446443984795e-03
4.858969504567860892e-03
7.699137953983132936e-03
4.230792902984785615e-03
3.193612505365663132e-03
3.101489539287296485e-03
5.189849189845704980e-03
4.035948258155012264e-03
4.320277193470084542e-03
1.749271431882324984e-03
1.693881654826928955e-03
1.845552961168377181e-03
1.625284369066960430e-03
1.638183729069217628e-03
3.133076865811061130e-03
6.896301061781578631e-03
3.957579976813295312e-03
1.385328037381369434e-02
2.812713129062626143e-03
1.998045436571084781e-03
5.738584748462442764e-03
3.392550031613091304e-03
4.301141788876462063e-03
3.927149758775248800e-03
2.788380589219698665e-03
1.532465543568137115e-03
3.711078163550131370e-03
5.645386142059873047e-03
1.559902795269515335e-03
2.389629681962197969e-03
4.796556587027520774e-03
6.137339027825251120e-03
4.528106072949777787e-03
2.767948290239300151e-03
2.306947121151756326e-03
1.169918603935142390e-03
1.166584221301953132e-03
1.143916436959484251e-03
1.115482856008132104e-03
1.092167621323960171e-03
1.071214275492842318e-03
1.051243014582962107e-03
1.030073527415577847e-03
1.008335940756312004e-03
1.004537021834266174e-03
1.073469464030389489e-03
1.021193776475097861e-03
1.232237416056148130e-02
1.344049592743380706e-02
2.954962024780839053e-03
3.520946268226201725e-03
1.355941021293792298e-03
9.197866816733700056e-04
8.979191497400191646e-04
1.865817552745655970e-03
3.620792857383944071e-03
3.845652295536840844e-03
1.256943650032643980e-03
9.673170355708983134e-04
8.587183421970910439e-04
8.347727079697997649e-04
2.182151121661099827e-03
8.531750812682995606e-04
7.993084556524515183e-04
7.988710010611959874e-04
9.490147293507628784e-03
1.893767731189905908e-03
7.987164847899410345e-04
8.122601874356622387e-04
6.122102168172532249e-03
5.929866371116813278e-03
8.985033764789218625e-04
7.635783842542497295e-04
7.450554474978288329e-04
7.336647039106024152e-04
7.229754722878575270e-04
7.199393846284709523e-04
1.623262285577553241e-03
4.484027443213389405e-03
8.519522983139999174e-04
