2.119205296039581299e-01
4.701986610889434814e-01
5.496688485145568848e-01
5.761589407920837402e-01
6.688741445541381836e-01
6.953642368316650391e-01
6.622516512870788574e-01
6.821191906929016113e-01
7.218543291091918945e-01
7.483443617820739746e-01
7.350993156433105469e-01
7.152317762374877930e-01
7.549669146537780762e-01
7.152317762374877930e-01
8.609271645545959473e-01
8.211920261383056641e-01
7.682119011878967285e-01
8.278145790100097656e-01
8.476821184158325195e-01
8.278145790100097656e-01
8.344370722770690918e-01
8.344370722770690918e-01
8.476821184158325195e-01
8.476821184158325195e-01
8.675496578216552734e-01
9.337748289108276367e-01
8.807947039604187012e-01
9.072847962379455566e-01
8.807947039604187012e-01
8.344370722770690918e-01
8.940397500991821289e-01
9.006622433662414551e-01
9.403973221778869629e-01
9.006622433662414551e-01
9.602649211883544922e-01
9.271523356437683105e-01
9.337748289108276367e-01
9.337748289108276367e-01
9.403973221778869629e-01
9.205297827720642090e-01
9.536423683166503906e-01
9.867549538612365723e-01
9.668874144554138184e-01
9.602649211883544922e-01
9.271523356437683105e-01
8.940397500991821289e-01
9.006622433662414551e-01
9.006622433662414551e-01
9.536423683166503906e-01
9.602649211883544922e-01
9.668874144554138184e-01
9.933775067329406738e-01
9.867549538612365723e-01
9.668874144554138184e-01
9.337748289108276367e-01
9.735099077224731445e-01
9.735099077224731445e-01
9.867549538612365723e-01
9.602649211883544922e-01
9.602649211883544922e-01
9.668874144554138184e-01
9.602649211883544922e-01
9.801324605941772461e-01
9.470198750495910645e-01
9.337748289108276367e-01
9.668874144554138184e-01
9.735099077224731445e-01
9.867549538612365723e-01
9.867549538612365723e-01
9.403973221778869629e-01
9.735099077224731445e-01
9.668874144554138184e-01
9.337748289108276367e-01
9.735099077224731445e-01
9.801324605941772461e-01
9.801324605941772461e-01
9.735099077224731445e-01
9.735099077224731445e-01
9.933775067329406738e-01
1.000000000000000000e+00
1.000000000000000000e+00
1.000000000000000000e+00
1.000000000000000000e+00
1.000000000000000000e+00
9.801324605941772461e-01
9.470198750495910645e-01
9.602649211883544922e-01
9.271523356437683105e-01
9.867549538612365723e-01
9.933775067329406738e-01
9.602649211883544922e-01
9.801324605941772461e-01
9.735099077224731445e-01
9.801324605941772461e-01
9.801324605941772461e-01
9.933775067329406738e-01
9.801324605941772461e-01
9.735099077224731445e-01
9.933775067329406738e-01
9.867549538612365723e-01
9.602649211883544922e-01
9.536423683166503906e-01
9.867549538612365723e-01
9.867549538612365723e-01
9.867549538612365723e-01
1.000000000000000000e+00
1.000000000000000000e+00
1.000000000000000000e+00
1.000000000000000000e+00
1.000000000000000000e+00
1.000000000000000000e+00
1.000000000000000000e+00
1.000000000000000000e+00
1.000000000000000000e+00
1.000000000000000000e+00
9.933775067329406738e-01
1.000000000000000000e+00
9.205297827720642090e-01
9.205297827720642090e-01
9.801324605941772461e-01
9.735099077224731445e-01
9.933775067329406738e-01
1.000000000000000000e+00
1.000000000000000000e+00
9.867549538612365723e-01
9.735099077224731445e-01
9.735099077224731445e-01
9.933775067329406738e-01
1.000000000000000000e+00
1.000000000000000000e+00
1.000000000000000000e+00
9.867549538612365723e-01
1.000000000000000000e+00
1.000000000000000000e+00
1.000000000000000000e+00
9.271523356437683105e-01
9.801324605941772461e-01
1.000000000000000000e+00
1.000000000000000000e+00
9.668874144554138184e-01
9.470198750495910645e-01
1.000000000000000000e+00
1.000000000000000000e+00
1.000000000000000000e+00
1.000000000000000000e+00
1.000000000000000000e+00
1.000000000000000000e+00
9.867549538612365723e-01
9.668874144554138184e-01
1.000000000000000000e+00
