2.895927727222442627e-01
5.910871624946594238e-01
6.573896408081054688e-01
6.870554685592651367e-01
7.170801758766174316e-01
7.183713316917419434e-01
7.454283237457275391e-01
7.593480348587036133e-01
7.568851113319396973e-01
7.490494251251220703e-01
7.764987945556640625e-01
7.754419445991516113e-01
7.848282456398010254e-01
7.881911993026733398e-01
7.930376529693603516e-01
8.083097338676452637e-01
8.178368210792541504e-01
8.204043507575988770e-01
8.177570104598999023e-01
8.232252001762390137e-01
8.323890566825866699e-01
8.379147052764892578e-01
8.355450034141540527e-01
8.552631735801696777e-01
8.490122556686401367e-01
8.461538553237915039e-01
8.611631989479064941e-01
8.549976348876953125e-01
8.478568196296691895e-01
8.620046377182006836e-01
8.678538203239440918e-01
8.660421371459960938e-01
8.710882663726806641e-01
8.757061958312988281e-01
8.675373196601867676e-01
8.785046935081481934e-01
8.787878751754760742e-01
8.750578165054321289e-01
8.747680783271789551e-01
8.751727342605590820e-01
8.888372182846069336e-01
8.825441002845764160e-01
8.880220055580139160e-01
8.876094222068786621e-01
8.842784762382507324e-01
8.889899849891662598e-01
8.895481228828430176e-01
8.968692421913146973e-01
8.963943123817443848e-01
8.989120721817016602e-01
8.940217494964599609e-01
9.073905348777770996e-01
9.094631671905517578e-01
9.104477763175964355e-01
9.069662690162658691e-01
9.153153300285339355e-01
9.092140793800354004e-01
9.087623953819274902e-01
9.181654453277587891e-01
9.080767631530761719e-01
9.140170216560363770e-01
9.268510341644287109e-01
9.185580611228942871e-01
9.164825677871704102e-01
9.239323735237121582e-01
9.278441667556762695e-01
9.325343966484069824e-01
9.300175905227661133e-01
9.430211782455444336e-01
9.390728473663330078e-01
9.381850361824035645e-01
9.377177953720092773e-01
9.401746988296508789e-01
9.406113624572753906e-01
9.479392766952514648e-01
9.479212164878845215e-01
9.522375464439392090e-01
9.528342485427856445e-01
9.446606040000915527e-01
9.462134242057800293e-01
9.515989422798156738e-01
9.599310755729675293e-01
9.584226608276367188e-01
9.576380252838134766e-01
9.759863018989562988e-01
9.591315388679504395e-01
9.507283568382263184e-01
9.454855322837829590e-01
9.643008708953857422e-01
9.767146706581115723e-01
9.653253555297851562e-01
9.641350507736206055e-01
9.741634726524353027e-01
9.687103629112243652e-01
9.682068824768066406e-01
9.603710174560546875e-01
9.742941260337829590e-01
9.708245396614074707e-01
9.633066058158874512e-01
9.764409065246582031e-01
9.882104992866516113e-01
9.604543447494506836e-01
9.785624146461486816e-01
9.810685515403747559e-01
9.777311086654663086e-01
9.717894792556762695e-01
9.807047247886657715e-01
9.777963757514953613e-01
9.760805964469909668e-01
9.691592454910278320e-01
9.759696722030639648e-01
9.949811697006225586e-01
9.841269850730895996e-01
9.677419066429138184e-01
9.798741936683654785e-01
9.807289242744445801e-01
9.761406183242797852e-01
9.824341535568237305e-01
9.854044914245605469e-01
9.799666404724121094e-01
9.878559708595275879e-01
9.887029528617858887e-01
9.756609201431274414e-01
9.807208776473999023e-01
9.744341969490051270e-01
9.778056740760803223e-01
9.941691160202026367e-01
9.945697784423828125e-01
9.592779278755187988e-01
9.869966506958007812e-01
9.824267625808715820e-01
9.841269850730895996e-01
9.870184063911437988e-01
9.748743772506713867e-01
9.841468334197998047e-01
9.819933176040649414e-01
9.752931594848632812e-01
9.941666722297668457e-01
9.991663098335266113e-01
9.824414849281311035e-01
9.803511500358581543e-01
9.895528554916381836e-01
9.790004491806030273e-01
9.845058917999267578e-01
9.932998418807983398e-01
9.970796704292297363e-01
9.995828270912170410e-01
1.000000000000000000e+00
1.000000000000000000e+00
1.000000000000000000e+00
