2.401000410318374634e-01
5.031263232231140137e-01
5.710712671279907227e-01
6.040016412734985352e-01
6.265110373497009277e-01
6.177573800086975098e-01
6.456856727600097656e-01
6.602751016616821289e-01
6.644434928894042969e-01
6.569404006004333496e-01
6.748645305633544922e-01
6.765319108963012695e-01
6.857023835182189941e-01
7.011254429817199707e-01
6.932054758071899414e-01
7.136306762695312500e-01
7.186327576637268066e-01
7.273864150047302246e-01
7.294706106185913086e-01
7.298874258995056152e-01
7.348895668983459473e-01
7.369737625122070312e-01
7.348895668983459473e-01
7.586494088172912598e-01
7.523968219757080078e-01
7.565652132034301758e-01
7.653188705444335938e-01
7.594830989837646484e-01
7.503126263618469238e-01
7.707378268241882324e-01
7.719883322715759277e-01
7.707378268241882324e-01
7.774072289466857910e-01
7.753230333328247070e-01
7.753230333328247070e-01
7.836598753929138184e-01
7.857440710067749023e-01
7.882450819015502930e-01
7.861608862876892090e-01
7.919966578483581543e-01
7.965819239616394043e-01
7.924135327339172363e-01
8.065860867500305176e-01
8.032513260841369629e-01
7.994998097419738770e-01
8.145060539245605469e-01
8.124218583106994629e-01
8.120049834251403809e-01
8.186744451522827148e-01
8.265944123268127441e-01
8.228428363800048828e-01
8.290954828262329102e-01
8.332638740539550781e-01
8.390996456146240234e-01
8.411838412284851074e-01
8.470196127891540527e-01
8.390996456146240234e-01
8.386827707290649414e-01
8.511880040168762207e-01
8.482701182365417480e-01
8.507711291313171387e-01
8.661942481994628906e-01
8.603584766387939453e-01
8.645268678665161133e-01
8.657774329185485840e-01
8.736974000930786133e-01
8.757815957069396973e-01
8.807836771011352539e-01
8.899541497230529785e-01
8.866194486618041992e-01
8.920383453369140625e-01
8.974573016166687012e-01
8.974573016166687012e-01
8.978741168975830078e-01
9.107961654663085938e-01
9.028761982917785645e-01
9.224677085876464844e-01
9.178824424743652344e-01
9.107961654663085938e-01
9.166319370269775391e-01
9.178824424743652344e-01
9.287202954292297363e-01
9.320549964904785156e-01
9.328886866569519043e-01
9.487286210060119629e-01
9.391413331031799316e-01
9.249687194824218750e-01
9.253855943679809570e-01
9.458107352256774902e-01
9.616506695747375488e-01
9.399749636650085449e-01
9.524801969528198242e-01
9.587327837944030762e-01
9.549812674522399902e-01
9.520633816719055176e-01
9.495623111724853516e-01
9.637348651885986328e-01
9.570654630661010742e-01
9.520633816719055176e-01
9.674864411354064941e-01
9.783242940902709961e-01
9.516465067863464355e-01
9.704043269157409668e-01
9.720717072486877441e-01
9.699875116348266602e-01
9.620675444602966309e-01
9.745727181434631348e-01
9.729053974151611328e-01
9.695706367492675781e-01
9.562317728996276855e-01
9.649854302406311035e-01
9.916632175445556641e-01
9.820758700370788574e-01
9.629012346267700195e-01
9.741559028625488281e-01
9.758232831954956055e-01
9.720717072486877441e-01
9.791579842567443848e-01
9.849937558174133301e-01
9.787411689758300781e-01
9.833263754844665527e-01
9.849937558174133301e-01
9.691538214683532715e-01
9.754064083099365234e-01
9.691538214683532715e-01
9.733222126960754395e-01
9.949979186058044434e-01
9.924968481063842773e-01
9.524801969528198242e-01
9.808253645896911621e-01
9.787411689758300781e-01
9.820758700370788574e-01
9.824926853179931641e-01
9.704043269157409668e-01
9.833263754844665527e-01
9.774906039237976074e-01
9.708212018013000488e-01
9.945811033248901367e-01
9.991663098335266113e-01
9.795747995376586914e-01
9.774906039237976074e-01
9.870779514312744141e-01
9.716548323631286621e-01
9.799916744232177734e-01
9.887453317642211914e-01
9.962484240531921387e-01
9.987494945526123047e-01
1.000000000000000000e+00
1.000000000000000000e+00
1.000000000000000000e+00
