2.421321154440677637e-01
1.278045229675387195e-01
9.482392284877431965e-02
5.791258570310688081e-02
4.897359650152517674e-02
4.750229892091521744e-02
4.600378948688611108e-02
4.761778229199530726e-02
4.031558163784986631e-02
4.107445410911421402e-02
4.178299698972196691e-02
3.374842358736639819e-02
3.256725064307201128e-02
3.799386400378235162e-02
2.514892974128061370e-02
3.005344323686413160e-02
3.005151275227363125e-02
2.547505238267634697e-02
3.132613548419390520e-02
3.068531045145499181e-02
1.754664598754722069e-02
2.663814085940061083e-02
2.409572722276716317e-02
2.874596974265421906e-02
2.452088764757528322e-02
1.862357953186850879e-02
2.516468340853215274e-02
2.787830940927707446e-02
2.544822807044511137e-02
1.891325723710290257e-02
2.014084894316161417e-02
2.026863428300913414e-02
1.818735560353165748e-02
2.527141133831189643e-02
2.640327013235006098e-02
1.416143901711868457e-02
1.696974210383090514e-02
1.541491063826209811e-02
1.775305885286041288e-02
1.552008621786888330e-02
1.215500159115595613e-02
1.471254717498469110e-02
2.086559328895251988e-02
1.294728586044788417e-02
1.524231408187260231e-02
1.215620005586618736e-02
9.908623704788345823e-03
1.378021372223734928e-02
1.198753267903725737e-02
1.065366393090955502e-02
8.974407164819498545e-03
1.118855274397402219e-02
9.954520188283607143e-03
1.429173333947272688e-02
8.373830112973545958e-03
7.878345303305656772e-03
8.613979256137263216e-03
9.993458708758479192e-03
1.117594086871395200e-02
9.587710894667287459e-03
8.601832313525591134e-03
2.636372253785325762e-02
1.491308263237756289e-02
1.860134646671112932e-02
1.924788479127911497e-02
1.846173494750888780e-02
1.774531419535338786e-02
1.280384344140356352e-02
1.043669977234254302e-02
7.901026231911916983e-03
7.671923013065135542e-03
7.459435664576274591e-03
8.456396170028199558e-03
6.213878531921142485e-03
6.687196951706250551e-03
6.857039048142082871e-03
3.913651965922863157e-03
6.407627858234496432e-03
5.520937939065290005e-03
6.213276058221099164e-03
4.419105261859274277e-03
6.261446088022395301e-03
1.127027502794462205e-02
6.486072390829092024e-03
2.366628030697199951e-03
1.266494355900712283e-03
3.627712040640395080e-03
2.028803598826109389e-03
5.258652224437773866e-03
1.250524548563152101e-02
5.937918693062994510e-03
9.066010978554426072e-03
7.282131108189167541e-03
5.142315749749233784e-03
5.193071466458084456e-03
3.785882992511292733e-03
1.678260630592318158e-03
1.562727903355595402e-02
5.557638812809871653e-03
3.805034858231834231e-03
4.206802031788486711e-03
4.382386392517532633e-03
2.164466241704353453e-03
1.916601206400974419e-03
3.327929284947796131e-03
1.716265047316510323e-03
3.689370108761926524e-03
1.185589575433805380e-02
3.805684631855114387e-03
8.709111392298326702e-04
2.939227276117092717e-03
2.265345865482308423e-03
3.116861141479880179e-03
9.200819668450363259e-04
4.879645237215473122e-03
7.960348369205805588e-03
3.990198297706620129e-03
6.963782831024750708e-03
6.802365770890506265e-03
1.656822225502797711e-03
1.147139237562721592e-03
8.058865388817575484e-03
4.354780024581935381e-03
1.394619224117883477e-03
2.488271262422545732e-03
7.022788564094693126e-03
4.268153088217695201e-04
4.856723989781917307e-03
2.428621773379495159e-03
7.418892522994453582e-04
4.283245682351171854e-03
4.295728770306996534e-03
1.790634149935344888e-03
4.979856252257859085e-03
6.036963759853915040e-04
4.056813572639338117e-03
6.574208956997616357e-03
1.372704148664061078e-03
1.006916940937224551e-02
4.960067980767035589e-03
2.522828473218684253e-03
2.460337223078887334e-03
2.793799285661179954e-04
5.871925613823541617e-05
6.176280961035670019e-04
5.871183899898407832e-03
2.604708240869244105e-03
4.368265695033347038e-04
7.002920472360576586e-04
1.405577256360930182e-03
