1.000000014901161194e-01
2.285714298486709595e-01
3.523809611797332764e-01
5.045871734619140625e-01
5.436893105506896973e-01
5.596330165863037109e-01
6.200000047683715820e-01
6.000000238418579102e-01
6.185566782951354980e-01
6.346153616905212402e-01
6.407766938209533691e-01
6.442307829856872559e-01
6.213592290878295898e-01
6.476190686225891113e-01
6.915887594223022461e-01
6.831682920455932617e-01
7.200000286102294922e-01
7.142857313156127930e-01
6.571428775787353516e-01
6.635513901710510254e-01
8.000000119209289551e-01
7.090908885002136230e-01
7.547169923782348633e-01
7.407407164573669434e-01
7.155963182449340820e-01
7.619047760963439941e-01
7.130434513092041016e-01
6.636363863945007324e-01
7.047619223594665527e-01
7.870370149612426758e-01
7.663551568984985352e-01
7.636363506317138672e-01
8.224298954010009766e-01
7.053571343421936035e-01
7.407407164573669434e-01
8.363636136054992676e-01
8.285714387893676758e-01
8.529411554336547852e-01
7.884615659713745117e-01
8.141592741012573242e-01
9.047619104385375977e-01
8.224298954010009766e-01
7.962962985038757324e-01
8.181818127632141113e-01
8.256880640983581543e-01
8.490566015243530273e-01
8.584070801734924316e-01
8.666666746139526367e-01
8.623853325843811035e-01
8.971962332725524902e-01
8.750000000000000000e-01
8.468468189239501953e-01
8.918918967247009277e-01
8.272727131843566895e-01
8.928571343421936035e-01
9.035087823867797852e-01
8.584070801734924316e-01
8.623853325843811035e-01
8.849557638168334961e-01
8.849557638168334961e-01
9.043478369712829590e-01
7.570093274116516113e-01
8.157894611358642578e-01
7.927927970886230469e-01
8.224298954010009766e-01
7.757009267807006836e-01
7.818182110786437988e-01
8.173912763595581055e-01
8.828828930854797363e-01
8.918918967247009277e-01
9.009009003639221191e-01
9.035087823867797852e-01
8.947368264198303223e-01
8.974359035491943359e-01
9.224137663841247559e-01
8.888888955116271973e-01
9.487179517745971680e-01
9.115044474601745605e-01
9.122806787490844727e-01
9.391304254531860352e-01
9.391304254531860352e-01
9.026548862457275391e-01
9.122806787490844727e-01
9.304347634315490723e-01
9.823008775711059570e-01
9.826086759567260742e-01
9.487179517745971680e-01
9.747899174690246582e-01
9.316239356994628906e-01
8.648648858070373535e-01
9.224137663841247559e-01
9.043478369712829590e-01
8.879310488700866699e-01
9.369369149208068848e-01
9.152542352676391602e-01
9.487179517745971680e-01
9.741379022598266602e-01
8.558558821678161621e-01
9.636363387107849121e-01
9.401709437370300293e-01
9.639639854431152344e-01
9.469026327133178711e-01
9.826086759567260742e-01
9.655172228813171387e-01
9.572649598121643066e-01
9.911504387855529785e-01
9.565217494964599609e-01
9.122806787490844727e-01
9.482758641242980957e-01
9.827586412429809570e-01
9.741379022598266602e-01
9.658119678497314453e-01
9.565217494964599609e-01
9.747899174690246582e-01
9.396551847457885742e-01
9.217391014099121094e-01
9.646017551422119141e-01
8.823529481887817383e-01
9.391304254531860352e-01
9.743589758872985840e-01
9.827586412429809570e-01
9.145299196243286133e-01
9.396551847457885742e-01
9.914529919624328613e-01
9.649122953414916992e-01
9.217391014099121094e-01
1.000000000000000000e+00
9.482758641242980957e-01
9.576271176338195801e-01
9.913043379783630371e-01
9.482758641242980957e-01
9.565217494964599609e-01
9.827586412429809570e-01
9.396551847457885742e-01
9.913043379783630371e-01
9.661017060279846191e-01
9.230769276618957520e-01
9.661017060279846191e-01
9.051724076271057129e-01
9.322034120559692383e-01
9.743589758872985840e-01
9.824561476707458496e-01
1.000000000000000000e+00
1.000000000000000000e+00
9.913793206214904785e-01
9.385964870452880859e-01
9.743589758872985840e-01
9.914529919624328613e-01
9.745762944221496582e-01
9.827586412429809570e-01
