8.547008782625198364e-02
2.051282078027725220e-01
3.162393271923065186e-01
4.700854718685150146e-01
4.786324799060821533e-01
5.213675498962402344e-01
5.299145579338073730e-01
5.384615659713745117e-01
5.128205418586730957e-01
5.641025900840759277e-01
5.641025900840759277e-01
5.726495981216430664e-01
5.470085740089416504e-01
5.811966061592102051e-01
6.324786543846130371e-01
5.897436141967773438e-01
6.153846383094787598e-01
6.410256624221801758e-01
5.897436141967773438e-01
6.068376302719116211e-01
6.837607026100158691e-01
6.666666865348815918e-01
6.837607026100158691e-01
6.837607026100158691e-01
6.666666865348815918e-01
6.837607026100158691e-01
7.008547186851501465e-01
6.239316463470458984e-01
6.324786543846130371e-01
7.264957427978515625e-01
7.008547186851501465e-01
7.179487347602844238e-01
7.521367669105529785e-01
6.752136945724487305e-01
6.837607026100158691e-01
7.863247990608215332e-01
7.435897588729858398e-01
7.435897588729858398e-01
7.008547186851501465e-01
7.863247990608215332e-01
8.119658231735229492e-01
7.521367669105529785e-01
7.350427508354187012e-01
7.692307829856872559e-01
7.692307829856872559e-01
7.692307829856872559e-01
8.290598392486572266e-01
7.777777910232543945e-01
8.034188151359558105e-01
8.205128312110900879e-01
8.376068472862243652e-01
8.034188151359558105e-01
8.461538553237915039e-01
7.777777910232543945e-01
8.547008633613586426e-01
8.803418874740600586e-01
8.290598392486572266e-01
8.034188151359558105e-01
8.547008633613586426e-01
8.547008633613586426e-01
8.888888955116271973e-01
6.923077106475830078e-01
7.948718070983886719e-01
7.521367669105529785e-01
7.521367669105529785e-01
7.094017267227172852e-01
7.350427508354187012e-01
8.034188151359558105e-01
8.376068472862243652e-01
8.461538553237915039e-01
8.547008633613586426e-01
8.803418874740600586e-01
8.717948794364929199e-01
8.974359035491943359e-01
9.145299196243286133e-01
8.888888955116271973e-01
9.487179517745971680e-01
8.803418874740600586e-01
8.888888955116271973e-01
9.230769276618957520e-01
9.230769276618957520e-01
8.717948794364929199e-01
8.888888955116271973e-01
9.145299196243286133e-01
9.487179517745971680e-01
9.658119678497314453e-01
9.487179517745971680e-01
9.914529919624328613e-01
9.316239356994628906e-01
8.205128312110900879e-01
9.145299196243286133e-01
8.888888955116271973e-01
8.803418874740600586e-01
8.888888955116271973e-01
9.230769276618957520e-01
9.487179517745971680e-01
9.658119678497314453e-01
8.119658231735229492e-01
9.059829115867614746e-01
9.401709437370300293e-01
9.145299196243286133e-01
9.145299196243286133e-01
9.658119678497314453e-01
9.572649598121643066e-01
9.572649598121643066e-01
9.572649598121643066e-01
9.401709437370300293e-01
8.888888955116271973e-01
9.401709437370300293e-01
9.743589758872985840e-01
9.658119678497314453e-01
9.658119678497314453e-01
9.401709437370300293e-01
9.914529919624328613e-01
9.316239356994628906e-01
9.059829115867614746e-01
9.316239356994628906e-01
8.974359035491943359e-01
9.230769276618957520e-01
9.743589758872985840e-01
9.743589758872985840e-01
9.145299196243286133e-01
9.316239356994628906e-01
9.914529919624328613e-01
9.401709437370300293e-01
9.059829115867614746e-01
9.914529919624328613e-01
9.401709437370300293e-01
9.658119678497314453e-01
9.743589758872985840e-01
9.401709437370300293e-01
9.401709437370300293e-01
9.743589758872985840e-01
9.316239356994628906e-01
9.743589758872985840e-01
9.743589758872985840e-01
9.230769276618957520e-01
9.743589758872985840e-01
8.974359035491943359e-01
9.401709437370300293e-01
9.743589758872985840e-01
9.572649598121643066e-01
9.914529919624328613e-01
1.000000000000000000e+00
9.829059839248657227e-01
9.145299196243286133e-01
9.743589758872985840e-01
9.914529919624328613e-01
9.829059839248657227e-01
9.743589758872985840e-01
