2.656889082042807049e-02
1.178787316191885239e-02
1.011887526319506930e-02
1.160493869588718335e-02
6.801794259232733265e-03
1.221411475782626169e-02
8.551842864290922289e-03
1.509346021258265759e-02
6.105068286669088594e-03
6.956803248309273435e-03
1.928181746949017561e-03
7.853204252364723650e-03
9.496616043942012614e-03
7.794414971229798351e-03
1.031036337227859458e-02
3.428169484743639767e-03
2.882419477543906542e-03
3.869579616912092318e-03
4.925447091267912830e-03
4.741800799609319737e-03
4.299068181371793092e-03
4.323844797098944440e-03
1.324328897597969743e-03
3.369143078563200441e-03
6.159907218057313581e-03
1.677766550629063505e-02
6.316698122083887201e-03
2.564959863821305187e-03
2.448707156372022589e-03
7.748444475415785680e-04
7.498502011583039204e-04
6.824334664612414624e-04
6.810454070987287736e-04
6.779206076932945985e-04
6.545471456600533613e-04
6.492232383615628970e-04
6.439918519375155501e-04
6.270196871981111681e-04
6.164255241282883858e-04
6.052406584161167113e-04
5.948592475431770284e-04
5.860452261380274565e-04
3.267097138592286142e-03
1.741102729768802607e-02
1.919892189461717621e-02
8.512226529765156563e-03
3.919758896969333627e-03
3.808669340854390923e-03
6.208375800035069794e-03
1.199144884547447693e-02
