3.693695626323360570e-01
1.594203215647728433e-01
1.317811626848077178e-01
1.212947546465673043e-01
1.113247228354555529e-01
1.062054684007573413e-01
1.040006863230223400e-01
1.007984039451271518e-01
9.528128354087900265e-02
9.342104468371599524e-02
9.019057086569076676e-02
8.932294570939991463e-02
8.413746307108715961e-02
7.858746305651789776e-02
8.028713437747758697e-02
7.823759090487922285e-02
7.638114765974372833e-02
7.033385049985083071e-02
7.081570828313539512e-02
7.097131135857723261e-02
6.804654450261880816e-02
6.530281729488168763e-02
6.332061102767211347e-02
6.330956081246197353e-02
6.215951562272494652e-02
6.173987670346380019e-02
5.963694873827713600e-02
5.758805627009105921e-02
5.751604206419718562e-02
5.664977760283679276e-02
5.339568451938857263e-02
5.464874795463606216e-02
5.161823544341610781e-02
5.021959114285426407e-02
5.235521274285923066e-02
4.921400158036133565e-02
5.061233757599557098e-02
4.705369011151115666e-02
4.555328030264101796e-02
4.465883498055749079e-02
4.202475890513372031e-02
4.236501091168985017e-02
4.325419118792093315e-02
4.162696881643330321e-02
4.141612524541108536e-02
3.965324456523225405e-02
4.238203577804421085e-02
3.833100741189007094e-02
3.423384167241095427e-02
3.475356528522885458e-02
3.518548313070662265e-02
3.420715080728202462e-02
3.258284155090126338e-02
3.338885369648499080e-02
3.407855416682957495e-02
3.200701831311433820e-02
2.972800424882346415e-02
3.074355709007431034e-02
3.371004602221477214e-02
2.895238520910017183e-02
2.956173000035492229e-02
2.965808937988525379e-02
2.899614783146569827e-02
3.037338870201039542e-02
2.725423066143147291e-02
2.675474263035691400e-02
2.420467037746608027e-02
2.567167511891426529e-02
2.585354490364843646e-02
2.558137252440311274e-02
2.367592228654990388e-02
2.384244155396634743e-02
2.283862720670414362e-02
2.333876282168546867e-02
2.177166975734822971e-02
2.013198504780164266e-02
2.057001024664157490e-02
2.080061115977280620e-02
1.998606052595174043e-02
2.169952901239678711e-02
1.880656114353206065e-02
1.853677338353269810e-02
1.730540597192810684e-02
1.989173103741566015e-02
1.807107174820799314e-02
1.918669184462922297e-02
1.694543520929612385e-02
1.588499565966305233e-02
2.161425426661166271e-02
1.561607599795963516e-02
1.401705980756212319e-02
1.646905711411529236e-02
1.413894003583794287e-02
1.459533572198339936e-02
1.337101200558894407e-02
1.214155293763822738e-02
1.125811947871049531e-02
1.242864028906856891e-02
1.600338495214039328e-02
1.194243667044984566e-02
8.237332949400513055e-03
1.395915332838897766e-02
1.025253039850797590e-02
8.809611386379378323e-03
1.057280761393515796e-02
1.127555104965093612e-02
1.437059486257399356e-02
1.013169765576750828e-02
6.643795591987546739e-03
8.358600533259319398e-03
7.570366831773644133e-03
9.315168280408989837e-03
7.843135675292709982e-03
7.843301726251108302e-03
1.065683874789461090e-02
1.191078829640444467e-02
7.691777749895098611e-03
5.650664454562037003e-03
6.159637826593337105e-03
7.440737211764065703e-03
8.292947417287982112e-03
9.378997534343446255e-03
4.432279810168629139e-03
9.648330991941537690e-03
8.409307196745808427e-03
8.220015084757469059e-03
4.491818449373519151e-03
2.248072741882700069e-03
3.024172968510060230e-03
4.885460150166971195e-03
8.765515243575237869e-03
4.978046544168518266e-03
6.059113668307818459e-03
4.623820515215141223e-03
7.409269887951777656e-03
6.405951075961685733e-03
7.018268604926430378e-03
6.214613616372024509e-03
2.097352697652157642e-03
3.730339780447510488e-03
3.199977611130480539e-03
1.151825828054775513e-02
9.212859806806255811e-03
2.988529008970492069e-03
8.385711050053217984e-04
2.533581797851151493e-03
3.043753153703350565e-03
1.985406313717456416e-03
7.558251307431687951e-03
7.326223290938569874e-03
