2.243679762165705360e-02
1.051179839050352637e-02
4.820639996487597993e-03
5.810365070659474426e-03
1.078011768868975331e-02
7.377657564441556133e-03
2.215728098623834935e-03
2.103446224300667584e-03
2.110899620563762551e-03
6.034656812070255880e-03
4.457765998576651741e-03
2.352463437657736824e-03
6.655041767375749311e-03
4.147750162942679709e-03
8.348761490050613486e-04
6.873725666048701236e-04
7.412043984076158989e-04
6.915115553609110267e-04
6.580628268402689439e-04
6.532517803544056435e-04
6.471535495078307608e-04
6.378904758514627321e-04
6.392852610124063117e-04
6.250253071279567203e-04
6.145634539428974225e-04
6.064529523861357215e-04
6.010168558760919022e-04
5.881230197670420275e-04
1.888232339138981976e-03
2.410457537990108243e-02
3.036368057325882983e-03
1.085664966925712141e-02
5.467979913555468668e-03
4.183295544599559962e-03
2.804094117773337988e-03
6.881853495706492406e-04
1.033439906890239700e-03
2.836057580948057356e-03
5.583203099900316442e-03
1.138587801627906999e-03
7.660126471848782226e-04
6.676680340531749441e-04
6.007157623218998708e-04
5.541080401433172604e-04
5.466444842799725616e-04
5.459674048901600948e-04
5.433222018571228678e-04
1.164519558208710129e-02
8.613693564791701646e-03
1.139687911131219769e-02
