2.253104659795511847e-02
9.926049002393654008e-03
8.266130410743789680e-03
7.523534889486009278e-03
1.207264996904804967e-02
6.488906441267928461e-03
4.937015351439967732e-03
5.560918896958197584e-03
1.277955873372005856e-02
4.156347214999160308e-03
2.999602651514533379e-03
2.924628839385101653e-03
4.436778239920239654e-03
2.268908835647876886e-03
5.225951346869120613e-03
3.525748412290116967e-03
7.352340906724832113e-03
5.593446093810936631e-03
7.363957239492102333e-03
3.406433187947699882e-03
8.578418623670440793e-03
5.387463180848151879e-03
3.801585166453623574e-03
3.973539608895522435e-03
4.304967066060610796e-03
2.678836357093013557e-03
3.876897129033924846e-03
1.427422824142139104e-03
3.612548198942772126e-03
4.005565719809729176e-03
7.340699321916651331e-03
4.584742348098426110e-03
1.460859770585882979e-03
2.130426566764044051e-03
3.746311152562764070e-03
2.861440606562569086e-03
3.050291698419885841e-03
2.178327998233568590e-03
3.886884598515939239e-03
1.185510244390841628e-03
6.511352529258763750e-04
6.742740484107248534e-04
6.345361590022416008e-04
7.097451631246279704e-04
6.522646981269144065e-04
6.049095361463996748e-04
6.070210461015686492e-04
5.911278972104738781e-04
5.772238412161760082e-04
5.647815889189104765e-04
