19
[0.061178450802633184, 0.95238096, 0.9160305]

21
[0.03697672454368402, 0.991453, 0.8854962]

23
[0.10029114404015094, 0.94067794, 0.84732825]

25
[0.09631920717878957, 0.98275864, 0.870229]

27
[0.05526433940683767, 0.9836066, 0.9160305]

29
[0.06050515882832585, 0.97619045, 0.9389313]

31
[0.12462809620444308, 0.9826087, 0.86259544]

33
[0.07691009806563075, 0.9516129, 0.90076333]

vote:
accuracy= 0.9864351600651112
precision= 0.8785714285714286
recall= 0.9389312977099237
f1= 0.9077490774907749

probability:
accuracy= 0.9924036896364623
precision= 0.9834710743801653
recall= 0.9083969465648855
f1= 0.9444444444444445

