2.449799180030822754e-01
5.081549286842346191e-01
6.211812496185302734e-01
6.565756797790527344e-01
6.931190490722656250e-01
6.790185570716857910e-01
7.149253487586975098e-01
7.236907482147216797e-01
7.353535294532775879e-01
7.672197222709655762e-01
7.322677373886108398e-01
7.521281838417053223e-01
7.375497817993164062e-01
7.634730339050292969e-01
7.722969651222229004e-01
7.572139501571655273e-01
7.754090428352355957e-01
7.913562059402465820e-01
7.902826070785522461e-01
8.095712661743164062e-01
8.033349514007568359e-01
8.104125857353210449e-01
8.212536573410034180e-01
8.244575858116149902e-01
8.045186400413513184e-01
8.234146237373352051e-01
8.320196866989135742e-01
8.491674661636352539e-01
8.387573957443237305e-01
8.452497720718383789e-01
8.421821594238281250e-01
8.438409566879272461e-01
8.425158262252807617e-01
8.482490181922912598e-01
8.429394960403442383e-01
8.578947186470031738e-01
8.615237474441528320e-01
8.515325784683227539e-01
8.679884076118469238e-01
8.610185384750366211e-01
8.576923012733459473e-01
8.608321547508239746e-01
8.677098155021667480e-01
8.676123023033142090e-01
8.649929165840148926e-01
8.699572682380676270e-01
8.788314461708068848e-01
8.662926554679870605e-01
8.692162632942199707e-01
8.831107020378112793e-01
8.654205799102783203e-01
8.872641324996948242e-01
8.781869411468505859e-01
8.667296767234802246e-01
8.894095420837402344e-01
8.905660510063171387e-01
8.891966938972473145e-01
8.733115792274475098e-01
8.868799209594726562e-01
8.749423027038574219e-01
8.969166874885559082e-01
8.963443040847778320e-01
9.011785984039306641e-01
8.899082541465759277e-01
9.002782702445983887e-01
9.006439447402954102e-01
9.003215432167053223e-01
8.940753936767578125e-01
9.043517708778381348e-01
9.120073318481445312e-01
9.132212400436401367e-01
9.143758416175842285e-01
9.208860993385314941e-01
9.147111773490905762e-01
9.158836603164672852e-01
9.179003834724426270e-01
9.227373003959655762e-01
9.166297316551208496e-01
9.209591746330261230e-01
9.388026595115661621e-01
9.394608736038208008e-01
9.285087585449218750e-01
9.424681663513183594e-01
9.335972070693969727e-01
9.410234093666076660e-01
9.432163238525390625e-01
9.535791873931884766e-01
9.400521516799926758e-01
9.452114105224609375e-01
9.500215649604797363e-01
9.391862750053405762e-01
9.583869576454162598e-01
9.641638398170471191e-01
9.464438557624816895e-01
9.646206498146057129e-01
9.566895365715026855e-01
9.551090002059936523e-01
9.674831032752990723e-01
9.749042987823486328e-01
9.633262157440185547e-01
9.720930457115173340e-01
9.573742747306823730e-01
9.649640917778015137e-01
9.743157625198364258e-01
9.815203547477722168e-01
9.696714282035827637e-01
9.579796195030212402e-01
9.783806800842285156e-01
9.781512618064880371e-01
9.738396406173706055e-01
9.628848433494567871e-01
9.696330428123474121e-01
9.747580885887145996e-01
9.798319339752197266e-01
9.827440977096557617e-01
9.816360473632812500e-01
9.621848464012145996e-01
9.748743772506713867e-01
9.916282892227172852e-01
9.853556752204895020e-01
9.610389471054077148e-01
9.788940548896789551e-01
9.878457784652709961e-01
9.786073565483093262e-01
9.781512618064880371e-01
9.757118821144104004e-01
9.907833933830261230e-01
9.945765733718872070e-01
9.587888717651367188e-01
9.748638272285461426e-01
9.870238304138183594e-01
9.837499856948852539e-01
9.776936173439025879e-01
9.912096858024597168e-01
9.828092455863952637e-01
9.706990122795104980e-01
9.899581670761108398e-01
9.874791502952575684e-01
9.878711700439453125e-01
9.693277478218078613e-01
9.941349029541015625e-01
9.794893264770507812e-01
9.887264966964721680e-01
9.816207289695739746e-01
9.945720434188842773e-01
9.690117239952087402e-01
9.833194613456726074e-01
9.941593408584594727e-01
9.929018616676330566e-01
9.701680541038513184e-01
