4.031242114445828667e-02
2.600056689247094710e-02
1.233546383073199498e-02
1.797703980038605626e-02
1.505436078326330591e-02
6.884453936007751788e-03
9.346911576179436909e-03
1.237217980954797084e-02
2.542521157398027268e-02
2.772555125962513842e-02
8.720920622510733994e-03
4.822903191961692114e-03
4.053277114396427322e-03
3.801911652839103789e-03
4.429047412273551428e-03
4.826367381488152510e-03
5.404943010966892052e-03
1.920698993184527439e-03
6.472332356081494063e-03
1.406936825971688218e-02
1.180450021074835182e-02
1.020599277616934808e-02
8.728141182873580886e-03
7.066594507024227118e-03
7.618764463279595334e-03
6.495509702169511776e-03
4.171232296698243643e-03
3.076662954239298229e-03
1.824381022264013035e-03
4.028020884076196143e-03
1.939815372061734142e-02
1.227202785507766798e-02
4.174339239970396853e-03
2.053803367287282931e-03
1.153025136276806476e-03
1.064863883559857751e-03
1.049897093955135929e-03
1.047938522512657485e-03
1.016140387952887709e-03
1.003252448636849075e-03
9.864805398486270385e-04
9.772669460063547042e-04
1.042889231677632126e-03
9.573867332294818625e-04
9.374852299687602350e-04
9.166584161977060644e-04
9.007891316480538249e-04
8.851065867498254629e-04
8.663402648346998003e-04
8.438519035770699998e-04
