9.207048416137695312e-01
9.440715909004211426e-01
9.689579010009765625e-01
9.449338912963867188e-01
9.598214030265808105e-01
9.782134890556335449e-01
9.737417697906494141e-01
9.563318490982055664e-01
9.340909123420715332e-01
8.997821211814880371e-01
9.713656306266784668e-01
9.890590906143188477e-01
9.870410561561584473e-01
9.890829920768737793e-01
9.890350699424743652e-01
9.826086759567260742e-01
9.847494363784790039e-01
9.978355169296264648e-01
9.761388301849365234e-01
9.585152864456176758e-01
9.736263751983642578e-01
9.652174115180969238e-01
9.675324559211730957e-01
9.825327396392822266e-01
9.738562107086181641e-01
9.825327396392822266e-01
9.891067743301391602e-01
9.934640526771545410e-01
9.956709742546081543e-01
9.956236481666564941e-01
9.331896305084228516e-01
9.586056470870971680e-01
9.890350699424743652e-01
9.956709742546081543e-01
1.000000000000000000e+00
1.000000000000000000e+00
1.000000000000000000e+00
1.000000000000000000e+00
1.000000000000000000e+00
1.000000000000000000e+00
1.000000000000000000e+00
1.000000000000000000e+00
1.000000000000000000e+00
1.000000000000000000e+00
1.000000000000000000e+00
1.000000000000000000e+00
1.000000000000000000e+00
1.000000000000000000e+00
1.000000000000000000e+00
1.000000000000000000e+00
