5.727192512416427739e-02
3.099317424294932219e-02
3.006195939388827884e-02
2.329419306772644721e-02
1.810010728312866704e-02
1.740037198622234813e-02
4.685722090561988962e-02
1.801913747603473004e-02
1.238744834158017269e-02
1.589007374121064950e-02
1.479544280596989218e-02
8.630975075481462158e-03
5.115419069235366961e-03
6.512329835137008888e-03
5.442866251454795551e-03
3.027601399155427017e-03
1.321981495292495583e-02
1.995868475935888911e-02
1.018361434045126496e-02
7.072799650882874781e-03
3.650340347815746005e-03
1.681188890838974243e-02
7.144909757573127997e-03
7.943451124612761760e-03
5.321867712142544678e-03
3.563681654750130816e-03
4.963831015909234146e-03
3.726319736215909489e-03
2.944347623906871415e-03
2.574212534868386328e-03
2.556661858200743112e-02
2.769177743472210282e-02
1.162002060909897092e-02
7.245662943795690841e-03
8.938772071497591912e-03
1.898853742795574224e-03
1.182270563463441292e-03
9.586869735379015961e-04
8.673822205659718291e-04
8.466028951502126447e-04
8.540181035208900019e-04
1.070204393851530980e-03
1.859298475157434780e-02
3.441691857130026871e-02
1.031509264113400492e-02
4.012497764764183690e-03
1.181578126584770759e-02
5.504845714511086979e-03
6.379625694834801554e-03
4.190739789662406393e-03
