1.128046085064963663e-02
3.105196440468266199e-03
8.965753254129439631e-03
1.616375404579348946e-02
1.388819959399247017e-02
6.332108546496066637e-03
3.439746840282074860e-03
1.044728047282518675e-02
1.211838397547171202e-02
7.509709855755340550e-03
6.366232529121917602e-03
5.172977616690496890e-03
4.015179557756753774e-03
2.394878586827935835e-02
1.079806201471497119e-02
9.988618486433096383e-03
4.065615736573191183e-03
4.127205087079201598e-03
2.383801903921118140e-03
4.450056010168127602e-03
2.153257560857331845e-02
1.084940401932900193e-02
2.178444962160862568e-03
8.094576460069080950e-03
1.921356584406055598e-02
6.285871261033615029e-03
2.671189730603993565e-03
1.973368630136597066e-03
3.642504291602970037e-03
2.252585783153658247e-02
8.141245840535518002e-03
1.194187250718458781e-03
6.223399632828688875e-03
1.137134255894238673e-02
7.112428026555077214e-03
1.008862701841583415e-02
6.320052642550930480e-03
4.127005883762790810e-03
1.462566155574481115e-02
6.343193074459612529e-03
2.377542973857318855e-03
5.055807243254585581e-03
8.712938253176896047e-03
1.439916315219285509e-02
4.038778976843880771e-03
6.484354655937277917e-03
7.037998442781515616e-03
7.559422218395469781e-03
9.445852862349951237e-03
7.660208398310542482e-03
