7.881773114204406738e-01
7.798165082931518555e-01
8.500000238418579102e-01
8.564814925193786621e-01
8.918918967247009277e-01
8.475336432456970215e-01
8.508771657943725586e-01
9.132419824600219727e-01
8.728070259094238281e-01
8.727272748947143555e-01
8.913043737411499023e-01
9.318181872367858887e-01
9.207048416137695312e-01
9.307359457015991211e-01
9.649122953414916992e-01
9.446808695793151855e-01
8.571428656578063965e-01
9.310345053672790527e-01
9.570815563201904297e-01
9.115044474601745605e-01
9.276595711708068848e-01
9.655172228813171387e-01
9.260869622230529785e-01
8.841201663017272949e-01
9.529914259910583496e-01
9.082969427108764648e-01
9.396551847457885742e-01
9.871794581413269043e-01
9.875000119209289551e-01
9.957805871963500977e-01
9.313304424285888672e-01
9.316239356994628906e-01
9.230769276618957520e-01
9.393939375877380371e-01
9.285714030265808105e-01
9.743589758872985840e-01
9.484978318214416504e-01
9.743589758872985840e-01
9.656652212142944336e-01
9.279661178588867188e-01
9.237288236618041992e-01
9.829787015914916992e-01
9.874476790428161621e-01
9.661017060279846191e-01
9.358974099159240723e-01
9.267241358757019043e-01
9.342105388641357422e-01
9.703390002250671387e-01
9.746835231781005859e-01
9.610389471054077148e-01
