1.652892492711544037e-02
2.479338832199573517e-02
7.438016682863235474e-02
9.917355328798294067e-02
1.652892529964447021e-01
1.900826394557952881e-01
2.148760259151458740e-01
2.396694272756576538e-01
3.057851195335388184e-01
3.388429880142211914e-01
3.801652789115905762e-01
3.884297609329223633e-01
3.719008266925811768e-01
4.545454680919647217e-01
3.884297609329223633e-01
4.297520518302917480e-01
4.214875996112823486e-01
4.462809860706329346e-01
4.876033067703247070e-01
4.876033067703247070e-01
5.206611752510070801e-01
5.041322112083435059e-01
5.041322112083435059e-01
5.619834661483764648e-01
5.537189841270446777e-01
5.537189841270446777e-01
5.702479481697082520e-01
5.537189841270446777e-01
5.371900796890258789e-01
5.371900796890258789e-01
5.289255976676940918e-01
5.619834661483764648e-01
5.867768526077270508e-01
5.867768526077270508e-01
6.115702390670776367e-01
6.363636255264282227e-01
6.363636255264282227e-01
5.702479481697082520e-01
5.785123705863952637e-01
6.694214940071105957e-01
5.867768526077270508e-01
6.198347210884094238e-01
6.198347210884094238e-01
5.867768526077270508e-01
6.446281075477600098e-01
6.776859760284423828e-01
6.115702390670776367e-01
6.198347210884094238e-01
6.280992031097412109e-01
6.611570119857788086e-01
6.611570119857788086e-01
7.107437849044799805e-01
6.611570119857788086e-01
6.942148804664611816e-01
6.446281075477600098e-01
6.776859760284423828e-01
6.280992031097412109e-01
6.694214940071105957e-01
6.942148804664611816e-01
6.694214940071105957e-01
7.355371713638305664e-01
6.694214940071105957e-01
7.190082669258117676e-01
6.528925895690917969e-01
7.272727489471435547e-01
7.107437849044799805e-01
7.933884263038635254e-01
7.438016533851623535e-01
7.107437849044799805e-01
7.024793624877929688e-01
7.685950398445129395e-01
7.438016533851623535e-01
7.190082669258117676e-01
7.603305578231811523e-01
7.355371713638305664e-01
7.768595218658447266e-01
7.685950398445129395e-01
6.859503984451293945e-01
7.520661354064941406e-01
7.933884263038635254e-01
8.016529083251953125e-01
7.768595218658447266e-01
8.099173307418823242e-01
7.933884263038635254e-01
7.933884263038635254e-01
8.264462947845458984e-01
8.347107172012329102e-01
7.933884263038635254e-01
7.603305578231811523e-01
8.347107172012329102e-01
7.851239442825317383e-01
8.099173307418823242e-01
7.851239442825317383e-01
8.016529083251953125e-01
8.347107172012329102e-01
8.595041036605834961e-01
7.933884263038635254e-01
7.933884263038635254e-01
8.099173307418823242e-01
8.264462947845458984e-01
8.016529083251953125e-01
8.181818127632141113e-01
8.347107172012329102e-01
8.181818127632141113e-01
8.429751992225646973e-01
8.595041036605834961e-01
8.429751992225646973e-01
8.595041036605834961e-01
8.677685856819152832e-01
8.264462947845458984e-01
8.760330677032470703e-01
8.595041036605834961e-01
8.760330677032470703e-01
8.512396812438964844e-01
8.264462947845458984e-01
8.842975497245788574e-01
9.008264541625976562e-01
8.595041036605834961e-01
8.677685856819152832e-01
8.347107172012329102e-01
8.760330677032470703e-01
9.008264541625976562e-01
9.008264541625976562e-01
9.256198406219482422e-01
8.099173307418823242e-01
8.760330677032470703e-01
8.760330677032470703e-01
9.008264541625976562e-01
8.760330677032470703e-01
9.008264541625976562e-01
9.173553586006164551e-01
9.256198406219482422e-01
9.504132270812988281e-01
9.173553586006164551e-01
9.008264541625976562e-01
9.669421315193176270e-01
9.421487450599670410e-01
9.090909361839294434e-01
8.760330677032470703e-01
8.595041036605834961e-01
9.008264541625976562e-01
9.173553586006164551e-01
9.256198406219482422e-01
9.504132270812988281e-01
9.173553586006164551e-01
9.090909361839294434e-01
8.842975497245788574e-01
9.504132270812988281e-01
9.504132270812988281e-01
9.090909361839294434e-01
