6.151364154119290939e-01
2.384298937487779324e-01
2.018457766839170109e-01
1.605761771545450023e-01
1.535130377709840732e-01
1.442451251635403775e-01
1.388019691312035730e-01
1.257168809892397487e-01
1.304352005647605450e-01
1.276416911182049752e-01
1.109236707640358366e-01
1.262781345927592447e-01
1.115121943351096989e-01
1.083316898108297871e-01
1.031343987091640213e-01
9.803365357764669274e-02
1.062006028211165132e-01
1.055273348620354434e-01
9.638411246982521441e-02
1.017712881471403291e-01
9.684753109068039434e-02
9.499106358602651956e-02
9.664586431510260867e-02
8.818359951665478980e-02
9.024380276269465539e-02
8.284839346252240166e-02
8.129596948974623927e-02
8.449704553641035343e-02
8.451936548302110830e-02
7.491111703535015265e-02
7.981935949761358173e-02
7.210379014980082546e-02
6.745877577313791340e-02
6.974180522328526921e-02
6.494136885296097894e-02
6.580076444440431660e-02
6.272943488955448621e-02
6.612058960818886777e-02
6.230746478657209209e-02
5.560248876254202111e-02
5.837693224304562473e-02
5.803957758551488849e-02
5.463477856062112087e-02
5.641926467736189943e-02
5.544509605534830854e-02
4.799039067469016567e-02
4.434308882920647010e-02
4.590362612091786892e-02
5.725816895458453459e-02
4.794829980890513710e-02
4.448733809216223745e-02
4.546104676831396602e-02
3.632537209030820002e-02
3.610386987080101834e-02
4.209247119772199786e-02
4.422620502637759216e-02
4.302092179641094083e-02
3.220715982719520032e-02
3.570580339606996972e-02
3.961800181390984221e-02
3.120644533692306863e-02
2.682470192115794100e-02
2.692934317783592796e-02
2.759774599887370242e-02
5.039755720495452812e-02
2.394627234183272294e-02
2.229404173512003831e-02
2.202428030758656757e-02
2.197423193648558384e-02
1.956716107639687105e-02
1.936180238886344579e-02
2.211439248090732099e-02
1.764983384952289666e-02
1.807797112744303006e-02
1.493175074814456424e-02
2.748589588655582852e-02
2.145014313443363227e-02
2.129304865972551919e-02
1.397868769463025095e-02
1.328743509182847039e-02
1.109030014693106712e-02
2.497208542967177536e-02
1.508286004579323901e-02
1.255404854615003486e-02
1.369448159164435297e-02
1.425271781518772790e-02
9.252832064736137355e-03
1.007737818373272143e-02
8.308127557316351275e-03
2.646448327746320911e-02
1.181827545920765762e-02
1.272355464133787493e-02
1.645802734879414295e-02
1.611589338545029587e-02
1.032547619199859594e-02
5.439630897770448247e-03
1.477575034770349516e-02
1.396203992201409949e-02
8.923646908254676685e-03
7.880690112869613920e-03
5.531471115645497996e-03
1.384351736404515650e-02
7.154692452004062474e-03
4.817661951123893178e-03
1.200313193265093240e-02
1.803560564889125639e-02
6.506140482166478285e-03
6.574747054461552165e-03
1.024214144409384825e-02
2.920588701987149316e-02
1.177711749991846440e-02
2.181413596824861856e-02
4.875341564116478406e-03
2.946136020476170046e-03
2.252079879352912248e-03
2.119164277492876104e-03
2.060908075930919722e-03
2.005779423746192284e-03
1.990167724596274192e-03
1.920594589477567530e-03
1.892319137975620241e-03
1.874880860014367873e-03
1.823124352604235492e-03
1.784337893521054878e-03
1.760389964169132996e-03
1.718443086596636383e-03
1.656550694869813071e-03
1.622987495051399828e-03
1.568368786663889734e-03
1.526899576383308234e-03
1.479566602455152690e-03
1.425611770967830398e-03
1.370161224924669550e-03
1.328911351105812070e-03
3.841879796463497365e-02
5.512119853149722443e-02
1.951284270512023550e-02
6.126927164577539858e-03
4.162829651530829990e-03
3.040777311075326672e-03
2.788201826222422644e-03
9.136327642678375438e-03
9.993315293479458628e-03
6.532447779464651064e-03
7.846268351433415347e-03
2.943465193890854904e-03
4.298268320959269632e-03
1.508251781080512067e-03
1.641186084571467007e-03
1.200269033601399343e-03
