1.183098554611206055e-01
2.694610655307769775e-01
3.595505654811859131e-01
5.429447889328002930e-01
5.317220687866210938e-01
5.578034520149230957e-01
5.722891688346862793e-01
6.039885878562927246e-01
6.071428656578063965e-01
6.109422445297241211e-01
6.685393452644348145e-01
6.094182729721069336e-01
6.713483333587646484e-01
6.811594367027282715e-01
7.138643264770507812e-01
7.229917049407958984e-01
6.925287246704101562e-01
6.831395626068115234e-01
7.280701994895935059e-01
6.901408433914184570e-01
7.101449370384216309e-01
7.026239037513732910e-01
6.842105388641357422e-01
7.277936935424804688e-01
7.189189195632934570e-01
7.514124512672424316e-01
7.591036558151245117e-01
7.591036558151245117e-01
7.590027451515197754e-01
7.771587967872619629e-01
7.692307829856872559e-01
7.692307829856872559e-01
8.119891285896301270e-01
8.105849623680114746e-01
8.152173757553100586e-01
8.249999880790710449e-01
8.333333134651184082e-01
8.151260614395141602e-01
8.306451439857482910e-01
8.461538553237915039e-01
8.459459543228149414e-01
8.267716765403747559e-01
8.533333539962768555e-01
8.285714387893676758e-01
8.251928091049194336e-01
8.711340427398681641e-01
8.658227920532226562e-01
8.832890987396240234e-01
8.438355922698974609e-01
8.719999790191650391e-01
8.676844835281372070e-01
8.733850121498107910e-01
9.100257158279418945e-01
8.987013101577758789e-01
8.788659572601318359e-01
8.632911443710327148e-01
8.811369538307189941e-01
9.060913920402526855e-01
8.944723606109619141e-01
8.820512890815734863e-01
9.197995066642761230e-01
9.099756479263305664e-01
9.038461446762084961e-01
9.154228568077087402e-01
8.023809790611267090e-01
9.396135210990905762e-01
9.414634108543395996e-01
9.261904954910278320e-01
9.360189437866210938e-01
9.492753744125366211e-01
9.403341412544250488e-01
9.285714030265808105e-01
9.524940848350524902e-01
9.414519667625427246e-01
9.600939154624938965e-01
9.172576665878295898e-01
9.338061213493347168e-01
9.243499040603637695e-01
9.645389914512634277e-01
9.669030904769897461e-01
9.672897458076477051e-01
9.103773832321166992e-01
9.435294270515441895e-01
9.740566015243530273e-01
9.579439163208007812e-01
9.579439163208007812e-01
9.744779467582702637e-01
9.768518805503845215e-01
9.747706651687622070e-01
9.044288992881774902e-01
9.741784334182739258e-01
9.580419659614562988e-01
9.512761235237121582e-01
9.466357231140136719e-01
9.628770351409912109e-01
9.953703880310058594e-01
9.515011310577392578e-01
9.558139443397521973e-01
9.769585132598876953e-01
9.771167039871215820e-01
9.907407164573669434e-01
9.490740895271301270e-01
9.837962985038757324e-01
9.931350350379943848e-01
9.555035233497619629e-01
9.336384534835815430e-01
9.861111044883728027e-01
9.838337302207946777e-01
9.678899049758911133e-01
8.909090757369995117e-01
9.586206674575805664e-01
9.527186751365661621e-01
9.907621145248413086e-01
9.977064132690429688e-01
1.000000000000000000e+00
1.000000000000000000e+00
1.000000000000000000e+00
1.000000000000000000e+00
1.000000000000000000e+00
1.000000000000000000e+00
1.000000000000000000e+00
1.000000000000000000e+00
1.000000000000000000e+00
1.000000000000000000e+00
1.000000000000000000e+00
1.000000000000000000e+00
1.000000000000000000e+00
1.000000000000000000e+00
1.000000000000000000e+00
1.000000000000000000e+00
1.000000000000000000e+00
1.000000000000000000e+00
1.000000000000000000e+00
1.000000000000000000e+00
9.018691778182983398e-01
8.401936888694763184e-01
9.432623982429504395e-01
9.860140085220336914e-01
9.862385392189025879e-01
9.976851940155029297e-01
9.908466935157775879e-01
9.633027315139770508e-01
9.744779467582702637e-01
9.769052863121032715e-01
9.678161144256591797e-01
9.908675551414489746e-01
9.816933870315551758e-01
1.000000000000000000e+00
1.000000000000000000e+00
1.000000000000000000e+00
