3.775690457245590159e-01
1.106860202154445749e-01
9.670698468710965667e-02
8.201208495450683367e-02
8.393306106801468047e-02
7.520010749890836121e-02
7.100583183919839669e-02
7.447835567932394041e-02
5.799609900085574143e-02
5.654109825437048792e-02
5.581930771251104872e-02
6.152588765915520397e-02
5.219336395992480587e-02
4.842336896204801205e-02
4.466185591429218393e-02
4.839192712297756688e-02
5.673731604773963461e-02
6.175060016488438663e-02
4.453033417728365778e-02
4.556662300623209871e-02
4.126347076185249430e-02
4.394209766810888013e-02
4.252280959569937346e-02
3.753007118635554029e-02
3.801008720564593574e-02
3.204740730545729138e-02
3.856157367560675286e-02
3.088358846152372550e-02
3.148761151426191646e-02
3.596637842561602877e-02
3.263186217895770042e-02
3.510158269306715151e-02
2.680842604701337215e-02
3.850584826378147113e-02
2.746910115953157469e-02
2.799265650774468081e-02
2.612220009749975647e-02
2.323393700089758027e-02
2.227939731007108973e-02
2.269891186020202289e-02
2.133014779437076777e-02
2.571481836661523510e-02
2.059463855478414068e-02
1.701859375447530368e-02
1.908302653151616735e-02
2.087699676801184692e-02
1.901150174793331260e-02
1.899914783609300481e-02
1.807927059359727348e-02
2.062139000487207829e-02
2.271907471627434769e-02
1.361057614765006848e-02
1.773120764944030939e-02
1.564312807002666075e-02
1.825397882080433132e-02
1.036566603181153338e-02
1.079605465606488755e-02
1.655758932025416102e-02
1.898171353944031955e-02
1.351481784143746673e-02
1.756374485076211273e-02
2.873203651050403734e-02
1.137768729227578435e-02
9.969750963791063764e-03
5.977925885546511373e-03
1.429410462756767336e-02
9.277865780432466639e-03
8.638939367173626566e-03
1.313698696576156774e-02
8.844313184368407174e-03
8.699213900824480025e-03
1.285699481264834278e-02
1.129883492353954931e-02
5.833698819266821059e-03
7.202661846175916621e-03
8.786057895993019257e-03
1.322148092831531771e-02
9.734126305595121320e-03
1.106011223160335497e-02
8.557346915251418454e-03
9.530477375418743707e-03
4.440698863424170570e-03
8.882624083483118410e-03
3.635350804219896707e-03
7.812886829297104735e-03
6.602661668309295177e-03
6.123302073602557814e-03
6.409746237828094044e-03
7.140720483889458590e-03
5.594640151271272101e-03
3.831126866087876566e-03
4.926348375178130415e-03
6.600351410389252056e-03
3.843123675684163073e-03
5.195600084552782182e-03
1.601319720180617232e-02
1.034680118586951518e-02
2.159163587127379234e-03
7.853529611580816958e-03
6.689128975008670937e-03
1.039134925364589360e-02
4.068778140548895764e-03
9.499832727223900611e-03
3.358452370367246906e-03
3.108325184410047452e-03
3.868852874818016520e-03
3.182579424521797106e-03
3.220748281457849489e-03
6.181539421413476815e-03
5.831126692868359752e-03
1.376392730763463003e-02
5.237176565256053407e-03
1.701005694257601069e-03
3.895422847194587000e-03
8.848135039060501389e-03
1.252411485290225342e-02
1.821821003760465407e-03
2.055606091440397975e-03
3.105353073513009848e-03
1.180637286247056099e-02
4.987168506296366967e-03
4.406272174127123450e-03
2.163445351487608935e-03
2.305594500160019090e-03
2.941605997288402382e-03
2.726696215642721369e-03
1.441541046738964438e-03
5.029543125043981280e-03
1.459975555331690343e-02
5.840686795221423748e-03
4.247559117274294152e-03
7.064165081378657139e-03
3.327422490277185622e-03
2.035673262770392247e-03
1.078518274728545783e-03
1.057620235460926365e-03
2.678416540753672612e-03
7.612893334463849762e-03
2.016059301519148358e-03
5.293338310170835059e-03
4.655041057486461291e-03
5.893609084288696856e-03
9.307072290148418747e-03
5.684020284927765107e-03
1.027686902169175614e-03
1.327823863108336215e-03
7.907179928307651526e-03
3.169160515830937719e-03
6.921723130795087719e-03
1.122097911497567900e-02
