8.029197156429290771e-02
3.838383853435516357e-01
5.350877046585083008e-01
5.728155374526977539e-01
5.555555820465087891e-01
5.982142686843872070e-01
6.666666865348815918e-01
6.320754885673522949e-01
6.271186470985412598e-01
7.053571343421936035e-01
6.697247624397277832e-01
6.460176706314086914e-01
6.517857313156127930e-01
6.929824352264404297e-01
6.754385828971862793e-01
6.982758641242980957e-01
6.545454263687133789e-01
7.181817889213562012e-01
7.565217614173889160e-01
7.407407164573669434e-01
7.241379022598266602e-01
7.777777910232543945e-01
7.500000000000000000e-01
7.304347753524780273e-01
8.018018007278442383e-01
7.522124052047729492e-01
7.787610888481140137e-01
7.614678740501403809e-01
8.000000119209289551e-01
7.767857313156127930e-01
7.117117047309875488e-01
7.927927970886230469e-01
8.053097128868103027e-01
7.563025355339050293e-01
7.884615659713745117e-01
7.168141603469848633e-01
8.214285969734191895e-01
8.189654946327209473e-01
8.421052694320678711e-01
8.303571343421936035e-01
7.310924530029296875e-01
8.715596199035644531e-01
8.434782624244689941e-01
8.739495873451232910e-01
8.521739244461059570e-01
8.230088353157043457e-01
8.655462265014648438e-01
8.849557638168334961e-01
8.869565129280090332e-01
8.407079577445983887e-01
8.782608509063720703e-01
8.869565129280090332e-01
8.461538553237915039e-01
8.547008633613586426e-01
8.249999880790710449e-01
7.241379022598266602e-01
8.474576473236083984e-01
8.151260614395141602e-01
8.965517282485961914e-01
9.043478369712829590e-01
9.304347634315490723e-01
9.304347634315490723e-01
9.059829115867614746e-01
8.859649300575256348e-01
9.401709437370300293e-01
9.487179517745971680e-01
8.360655903816223145e-01
8.849557638168334961e-01
9.083333611488342285e-01
9.411764740943908691e-01
9.411764740943908691e-01
8.771929740905761719e-01
8.898305296897888184e-01
8.739495873451232910e-01
9.576271176338195801e-01
9.663865566253662109e-01
9.152542352676391602e-01
9.152542352676391602e-01
9.145299196243286133e-01
8.728813529014587402e-01
1.000000000000000000e+00
9.243697524070739746e-01
9.576271176338195801e-01
9.059829115867614746e-01
9.122806787490844727e-01
9.411764740943908691e-01
9.833333492279052734e-01
9.316239356994628906e-01
8.770492076873779297e-01
9.576271176338195801e-01
9.237288236618041992e-01
9.333333373069763184e-01
9.663865566253662109e-01
9.747899174690246582e-01
9.083333611488342285e-01
9.745762944221496582e-01
8.739495873451232910e-01
9.411764740943908691e-01
9.663865566253662109e-01
9.831932783126831055e-01
1.000000000000000000e+00
9.576271176338195801e-01
9.327731132507324219e-01
9.230769276618957520e-01
9.237288236618041992e-01
9.658119678497314453e-01
9.666666388511657715e-01
9.658119678497314453e-01
9.421487450599670410e-01
9.504132270812988281e-01
9.663865566253662109e-01
9.916666746139526367e-01
9.917355179786682129e-01
9.834710955619812012e-01
8.907563090324401855e-01
9.159663915634155273e-01
9.833333492279052734e-01
9.916666746139526367e-01
9.406779408454895020e-01
9.830508232116699219e-01
9.495798349380493164e-01
9.583333134651184082e-01
9.658119678497314453e-01
9.669421315193176270e-01
9.663865566253662109e-01
9.256198406219482422e-01
9.230769276618957520e-01
9.663865566253662109e-01
9.663865566253662109e-01
9.917355179786682129e-01
1.000000000000000000e+00
1.000000000000000000e+00
1.000000000000000000e+00
1.000000000000000000e+00
8.916666507720947266e-01
9.831932783126831055e-01
9.831932783126831055e-01
9.831932783126831055e-01
9.495798349380493164e-01
9.666666388511657715e-01
9.067796468734741211e-01
9.915966391563415527e-01
9.750000238418579102e-01
1.000000000000000000e+00
9.916666746139526367e-01
1.000000000000000000e+00
1.000000000000000000e+00
1.000000000000000000e+00
1.000000000000000000e+00
1.000000000000000000e+00
