8.766816258430480957e-01
9.114218950271606445e-01
9.311926364898681641e-01
9.054373502731323242e-01
9.470046162605285645e-01
9.521639943122863770e-01
9.657534360885620117e-01
9.637188315391540527e-01
9.799554347991943359e-01
9.771689772605895996e-01
9.398663640022277832e-01
9.535398483276367188e-01
9.711751937866210938e-01
9.711751937866210938e-01
9.735682606697082520e-01
9.554565548896789551e-01
9.733924865722656250e-01
9.801324605941772461e-01
9.602649211883544922e-01
9.890350699424743652e-01
9.912853837013244629e-01
9.781181812286376953e-01
9.531250000000000000e-01
9.803063273429870605e-01
9.890829920768737793e-01
9.803063273429870605e-01
9.718004465103149414e-01
9.866666793823242188e-01
9.890350699424743652e-01
9.847494363784790039e-01
9.802631735801696777e-01
9.480519294738769531e-01
9.584245085716247559e-01
9.671772718429565430e-01
9.802631735801696777e-01
9.913606643676757812e-01
9.956616163253784180e-01
9.978355169296264648e-01
1.000000000000000000e+00
1.000000000000000000e+00
1.000000000000000000e+00
1.000000000000000000e+00
1.000000000000000000e+00
1.000000000000000000e+00
1.000000000000000000e+00
1.000000000000000000e+00
1.000000000000000000e+00
1.000000000000000000e+00
1.000000000000000000e+00
1.000000000000000000e+00
