8.463203310966491699e-01
8.463203310966491699e-01
8.787878751754760742e-01
8.290043473243713379e-01
8.896104097366333008e-01
9.047619104385375977e-01
9.155844449996948242e-01
9.199134111404418945e-01
9.523809552192687988e-01
9.264069199562072754e-01
9.134199023246765137e-01
9.329004287719726562e-01
9.480519294738769531e-01
9.480519294738769531e-01
9.567099809646606445e-01
9.285714030265808105e-01
9.502164721488952637e-01
9.610389471054077148e-01
9.415584206581115723e-01
9.761904478073120117e-01
9.848484992980957031e-01
9.675324559211730957e-01
9.242424368858337402e-01
9.696969985961914062e-01
9.805194735527038574e-01
9.696969985961914062e-01
9.696969985961914062e-01
9.610389471054077148e-01
9.761904478073120117e-01
9.783549904823303223e-01
9.675324559211730957e-01
9.480519294738769531e-01
9.480519294738769531e-01
9.567099809646606445e-01
9.675324559211730957e-01
9.935064911842346191e-01
9.935064911842346191e-01
9.978355169296264648e-01
1.000000000000000000e+00
1.000000000000000000e+00
1.000000000000000000e+00
1.000000000000000000e+00
1.000000000000000000e+00
1.000000000000000000e+00
1.000000000000000000e+00
1.000000000000000000e+00
1.000000000000000000e+00
1.000000000000000000e+00
1.000000000000000000e+00
1.000000000000000000e+00
