1.206825414351561480e-02
7.999984010353233810e-03
6.611808917709848486e-03
1.059948120216572948e-02
5.395234319676531394e-03
8.158132964270859572e-03
4.394312602574797395e-03
3.026588591673035414e-03
5.897610490401024655e-03
2.325398570694312776e-03
2.275560076067479828e-03
5.309823103278699802e-03
5.774884383518546875e-03
4.632489235780846287e-03
2.986740114535461725e-03
3.398387537931998100e-03
3.461753375980416644e-03
1.073207845527612185e-03
1.397674678786032382e-03
9.256295087946470740e-03
2.536082341117736321e-03
3.381205194141500159e-03
1.424294053508344451e-03
1.065497916563892984e-02
3.646666982241476319e-03
1.440396639768386959e-03
3.149965398366793776e-03
2.066306066669663293e-04
7.258204892930641625e-03
4.912050768257109241e-03
3.121117758621256384e-04
1.645685309451266507e-03
2.353762066714722417e-03
3.611902101497058756e-03
2.473969169165331390e-03
2.953447026337186008e-03
2.901167097121155371e-03
4.530283324703370494e-03
8.062867165455758073e-03
2.350796225009224843e-03
1.412693334899300370e-03
2.351140469567962032e-03
6.007165869244071327e-04
2.498493853095971537e-03
2.345493880359436536e-03
4.535592215725913444e-03
3.775199511559912836e-03
1.885688516145409184e-04
2.493385956802914738e-05
1.586983975204782970e-05
