6.774193793535232544e-02
2.451361864805221558e-01
3.383458554744720459e-01
4.982206523418426514e-01
5.622775554656982422e-01
5.728155374526977539e-01
6.050156950950622559e-01
6.133333444595336914e-01
6.870967745780944824e-01
7.266880869865417480e-01
6.593750119209289551e-01
7.101910710334777832e-01
7.252396345138549805e-01
7.012578845024108887e-01
7.138461470603942871e-01
7.460317611694335938e-01
7.770897746086120605e-01
7.667731642723083496e-01
7.612903118133544922e-01
7.987220287322998047e-01
7.934131622314453125e-01
7.832817435264587402e-01
8.056426048278808594e-01
7.975077629089355469e-01
7.958579659461975098e-01
8.275862336158752441e-01
8.066465258598327637e-01
8.307210206985473633e-01
7.804154157638549805e-01
8.293412923812866211e-01
8.253012299537658691e-01
8.301886916160583496e-01
8.399999737739562988e-01
8.540372848510742188e-01
8.447760939598083496e-01
8.746177554130554199e-01
8.536585569381713867e-01
8.450292348861694336e-01
8.818181753158569336e-01
8.502994179725646973e-01
8.615384697914123535e-01
8.708708882331848145e-01
8.716418147087097168e-01
8.686566948890686035e-01
8.571428656578063965e-01
8.839285969734191895e-01
8.902438879013061523e-01
8.605341315269470215e-01
9.021406769752502441e-01
8.816568255424499512e-01
9.198812842369079590e-01
8.813056349754333496e-01
8.713450431823730469e-01
8.826979398727416992e-01
9.047619104385375977e-01
9.112426042556762695e-01
8.978978991508483887e-01
8.849557638168334961e-01
8.902077078819274902e-01
9.120234847068786621e-01
9.088235497474670410e-01
9.205882549285888672e-01
9.198812842369079590e-01
9.188405871391296387e-01
9.296187758445739746e-01
9.408283829689025879e-01
9.230769276618957520e-01
9.174041152000427246e-01
9.210526347160339355e-01
9.285714030265808105e-01
9.132947921752929688e-01
9.335260391235351562e-01
9.048991203308105469e-01
9.476743936538696289e-01
9.373219609260559082e-01
9.310345053672790527e-01
9.514285922050476074e-01
9.565217494964599609e-01
9.512894153594970703e-01
9.571428298950195312e-01
9.491525292396545410e-01
9.398280978202819824e-01
9.344729185104370117e-01
9.576271176338195801e-01
9.289772510528564453e-01
9.252873659133911133e-01
9.830028414726257324e-01
9.659090638160705566e-01
9.571428298950195312e-01
9.830985665321350098e-01
9.542857408523559570e-01
9.157303571701049805e-01
9.491525292396545410e-01
9.830028414726257324e-01
9.802259802818298340e-01
9.742857217788696289e-01
9.550561904907226562e-01
9.378530979156494141e-01
9.634831547737121582e-01
9.626436829566955566e-01
9.656160473823547363e-01
9.773371219635009766e-01
9.774647951126098633e-01
9.687500000000000000e-01
9.692737460136413574e-01
9.691876769065856934e-01
9.859550595283508301e-01
9.473684430122375488e-01
9.601139426231384277e-01
9.772727489471435547e-01
9.747899174690246582e-01
9.971910119056701660e-01
9.778393507003784180e-01
9.943661689758300781e-01
9.637883305549621582e-01
9.715099930763244629e-01
9.776536226272583008e-01
9.829545617103576660e-01
9.719887971878051758e-01
9.433428049087524414e-01
9.550561904907226562e-01
9.832402467727661133e-01
9.775910377502441406e-01
9.915493130683898926e-01
9.943977594375610352e-01
9.888268113136291504e-01
9.663865566253662109e-01
9.388889074325561523e-01
9.802259802818298340e-01
9.747191071510314941e-01
9.553072452545166016e-01
9.861111044883728027e-01
9.972066879272460938e-01
1.000000000000000000e+00
1.000000000000000000e+00
1.000000000000000000e+00
1.000000000000000000e+00
1.000000000000000000e+00
1.000000000000000000e+00
1.000000000000000000e+00
1.000000000000000000e+00
1.000000000000000000e+00
1.000000000000000000e+00
1.000000000000000000e+00
1.000000000000000000e+00
1.000000000000000000e+00
1.000000000000000000e+00
1.000000000000000000e+00
9.971988797187805176e-01
8.795518279075622559e-01
