5.865921825170516968e-02
1.759776473045349121e-01
2.513966560363769531e-01
3.910614550113677979e-01
4.413407742977142334e-01
4.944134056568145752e-01
5.391061305999755859e-01
5.139665007591247559e-01
5.949720740318298340e-01
6.312848925590515137e-01
5.893854498863220215e-01
6.229050159454345703e-01
6.340782046318054199e-01
6.229050159454345703e-01
6.480447053909301758e-01
6.564245820045471191e-01
7.011173367500305176e-01
6.703910827636718750e-01
6.592178940773010254e-01
6.983240246772766113e-01
7.402234673500061035e-01
7.067039012908935547e-01
7.178770899772644043e-01
7.150837779045104980e-01
7.513966560363769531e-01
7.374301552772521973e-01
7.458100318908691406e-01
7.402234673500061035e-01
7.346368432044982910e-01
7.737430334091186523e-01
7.653631567955017090e-01
7.374301552772521973e-01
7.625698447227478027e-01
7.681564092636108398e-01
7.905027866363525391e-01
7.988826632499694824e-01
7.821229100227355957e-01
8.072625994682312012e-01
8.128491640090942383e-01
7.932960987091064453e-01
7.821229100227355957e-01
8.100558519363403320e-01
8.156424760818481445e-01
8.128491640090942383e-01
7.877094745635986328e-01
8.296089172363281250e-01
8.156424760818481445e-01
8.100558519363403320e-01
8.240223526954650879e-01
8.324022293090820312e-01
8.659217953681945801e-01
8.296089172363281250e-01
8.324022293090820312e-01
8.407821059226989746e-01
8.491619825363159180e-01
8.603351712226867676e-01
8.351955413818359375e-01
8.379888534545898438e-01
8.379888534545898438e-01
8.687151074409484863e-01
8.631284832954406738e-01
8.743016719818115234e-01
8.659217953681945801e-01
8.854748606681823730e-01
8.854748606681823730e-01
8.882681727409362793e-01
8.715083599090576172e-01
8.687151074409484863e-01
8.798882961273193359e-01
9.078212380409240723e-01
8.826815485954284668e-01
9.022346138954162598e-01
8.770949840545654297e-01
9.106145501136779785e-01
9.189944267272949219e-01
9.050279259681701660e-01
9.301676154136657715e-01
9.217877388000488281e-01
9.273743033409118652e-01
9.357541799545288086e-01
9.385474920272827148e-01
9.162011146545410156e-01
9.162011146545410156e-01
9.469273686408996582e-01
9.134078025817871094e-01
8.994413614273071289e-01
9.692737460136413574e-01
9.497206807136535645e-01
9.357541799545288086e-01
9.748603105545043945e-01
9.329608678817749023e-01
9.106145501136779785e-01
9.385474920272827148e-01
9.692737460136413574e-01
9.692737460136413574e-01
9.525139927864074707e-01
9.497206807136535645e-01
9.273743033409118652e-01
9.581005573272705078e-01
9.357541799545288086e-01
9.413408041000366211e-01
9.636871218681335449e-01
9.692737460136413574e-01
9.525139927864074707e-01
9.692737460136413574e-01
9.664804339408874512e-01
9.804469347000122070e-01
9.553072452545166016e-01
9.413408041000366211e-01
9.608938694000244141e-01
9.720670580863952637e-01
9.916201233863830566e-01
9.860334992408752441e-01
9.860334992408752441e-01
9.664804339408874512e-01
9.525139927864074707e-01
9.776536226272583008e-01
9.664804339408874512e-01
9.692737460136413574e-01
9.301676154136657715e-01
9.497206807136535645e-01
9.832402467727661133e-01
9.748603105545043945e-01
9.832402467727661133e-01
9.916201233863830566e-01
9.888268113136291504e-01
9.636871218681335449e-01
9.441340565681457520e-01
9.692737460136413574e-01
9.692737460136413574e-01
9.553072452545166016e-01
9.916201233863830566e-01
9.972066879272460938e-01
1.000000000000000000e+00
1.000000000000000000e+00
1.000000000000000000e+00
1.000000000000000000e+00
1.000000000000000000e+00
1.000000000000000000e+00
1.000000000000000000e+00
1.000000000000000000e+00
1.000000000000000000e+00
1.000000000000000000e+00
1.000000000000000000e+00
1.000000000000000000e+00
1.000000000000000000e+00
1.000000000000000000e+00
1.000000000000000000e+00
9.944134354591369629e-01
8.770949840545654297e-01
