9.421487450599670410e-01
8.799999952316284180e-01
9.333333373069763184e-01
9.333333373069763184e-01
9.338843226432800293e-01
9.504132270812988281e-01
9.421487450599670410e-01
9.658119678497314453e-01
9.663865566253662109e-01
9.669421315193176270e-01
9.327731132507324219e-01
9.200000166893005371e-01
9.583333134651184082e-01
9.338843226432800293e-01
9.495798349380493164e-01
9.499999880790710449e-01
9.491525292396545410e-01
9.669421315193176270e-01
9.914529919624328613e-01
9.752066135406494141e-01
9.833333492279052734e-01
9.590163826942443848e-01
9.508196711540222168e-01
9.833333492279052734e-01
9.504132270812988281e-01
9.834710955619812012e-01
9.758064746856689453e-01
9.508196711540222168e-01
9.672130942344665527e-01
9.663865566253662109e-01
9.512194991111755371e-01
9.663865566253662109e-01
9.516128897666931152e-01
9.750000238418579102e-01
9.917355179786682129e-01
9.916666746139526367e-01
9.747899174690246582e-01
9.750000238418579102e-01
9.576271176338195801e-01
9.834710955619812012e-01
9.836065769195556641e-01
9.586777091026306152e-01
9.504132270812988281e-01
9.669421315193176270e-01
9.834710955619812012e-01
9.836065769195556641e-01
9.916666746139526367e-01
9.745762944221496582e-01
9.593495726585388184e-01
9.663865566253662109e-01
