9.344262480735778809e-01
9.016393423080444336e-01
9.180327653884887695e-01
9.180327653884887695e-01
9.262295365333557129e-01
9.426229596138000488e-01
9.344262480735778809e-01
9.262295365333557129e-01
9.426229596138000488e-01
9.590163826942443848e-01
9.098360538482666016e-01
9.426229596138000488e-01
9.426229596138000488e-01
9.262295365333557129e-01
9.262295365333557129e-01
9.344262480735778809e-01
9.180327653884887695e-01
9.590163826942443848e-01
9.508196711540222168e-01
9.672130942344665527e-01
9.672130942344665527e-01
9.590163826942443848e-01
9.508196711540222168e-01
9.672130942344665527e-01
9.426229596138000488e-01
9.754098653793334961e-01
9.918032884597778320e-01
9.508196711540222168e-01
9.672130942344665527e-01
9.426229596138000488e-01
9.590163826942443848e-01
9.426229596138000488e-01
9.672130942344665527e-01
9.590163826942443848e-01
9.836065769195556641e-01
9.754098653793334961e-01
9.508196711540222168e-01
9.590163826942443848e-01
9.262295365333557129e-01
9.754098653793334961e-01
9.836065769195556641e-01
9.508196711540222168e-01
9.426229596138000488e-01
9.590163826942443848e-01
9.754098653793334961e-01
9.836065769195556641e-01
9.754098653793334961e-01
9.426229596138000488e-01
9.672130942344665527e-01
9.426229596138000488e-01
