7.633587718009948730e-02
3.333333432674407959e-01
4.814814925193786621e-01
5.151515007019042969e-01
5.821917653083801270e-01
5.714285969734191895e-01
6.370370388031005859e-01
6.616541147232055664e-01
5.454545617103576660e-01
6.764705777168273926e-01
7.372262477874755859e-01
6.666666865348815918e-01
7.573529481887817383e-01
7.058823704719543457e-01
7.894737124443054199e-01
7.588652372360229492e-01
7.816901206970214844e-01
7.464788556098937988e-01
7.972028255462646484e-01
7.945205569267272949e-01
7.730496525764465332e-01
8.040540814399719238e-01
7.957746386528015137e-01
7.837837934494018555e-01
8.129496574401855469e-01
7.718120813369750977e-01
8.714285492897033691e-01
8.758620619773864746e-01
8.255033493041992188e-01
8.783783912658691406e-01
8.843537569046020508e-01
8.758620619773864746e-01
8.571428656578063965e-01
8.758620619773864746e-01
8.911564350128173828e-01
9.315068721771240234e-01
9.066666960716247559e-01
9.041095972061157227e-01
8.571428656578063965e-01
9.200000166893005371e-01
9.319728016853332520e-01
9.659863710403442383e-01
9.006622433662414551e-01
9.066666960716247559e-01
9.189189076423645020e-01
8.435373902320861816e-01
8.896104097366333008e-01
9.419354796409606934e-01
9.733333587646484375e-01
9.533333182334899902e-01
9.536423683166503906e-01
9.477124214172363281e-01
9.205297827720642090e-01
9.328858852386474609e-01
9.403973221778869629e-01
9.802631735801696777e-01
9.933775067329406738e-01
9.605262875556945801e-01
9.470198750495910645e-01
9.801324605941772461e-01
9.801324605941772461e-01
8.881579041481018066e-01
9.210526347160339355e-01
9.671052694320678711e-01
9.738562107086181641e-01
9.735099077224731445e-01
9.869281053543090820e-01
9.480519294738769531e-01
9.733333587646484375e-01
9.346405267715454102e-01
9.215686321258544922e-01
9.868420958518981934e-01
9.934210777282714844e-01
1.000000000000000000e+00
9.935064911842346191e-01
9.668874144554138184e-01
8.874171972274780273e-01
9.802631735801696777e-01
9.290322661399841309e-01
9.597315192222595215e-01
9.869281053543090820e-01
9.602649211883544922e-01
9.671052694320678711e-01
1.000000000000000000e+00
1.000000000000000000e+00
1.000000000000000000e+00
9.869281053543090820e-01
9.545454382896423340e-01
9.215686321258544922e-01
9.802631735801696777e-01
9.463087320327758789e-01
9.867549538612365723e-01
9.934210777282714844e-01
1.000000000000000000e+00
1.000000000000000000e+00
1.000000000000000000e+00
9.215686321258544922e-01
9.470198750495910645e-01
9.673202633857727051e-01
9.867549538612365723e-01
1.000000000000000000e+00
1.000000000000000000e+00
1.000000000000000000e+00
1.000000000000000000e+00
1.000000000000000000e+00
1.000000000000000000e+00
1.000000000000000000e+00
9.281045794486999512e-01
9.200000166893005371e-01
9.477124214172363281e-01
1.000000000000000000e+00
9.934640526771545410e-01
9.934640526771545410e-01
9.867549538612365723e-01
9.803921580314636230e-01
9.934210777282714844e-01
9.868420958518981934e-01
9.736841917037963867e-01
9.090909361839294434e-01
9.666666388511657715e-01
9.934210777282714844e-01
1.000000000000000000e+00
9.935064911842346191e-01
1.000000000000000000e+00
1.000000000000000000e+00
1.000000000000000000e+00
1.000000000000000000e+00
1.000000000000000000e+00
1.000000000000000000e+00
1.000000000000000000e+00
1.000000000000000000e+00
1.000000000000000000e+00
1.000000000000000000e+00
1.000000000000000000e+00
1.000000000000000000e+00
1.000000000000000000e+00
1.000000000000000000e+00
1.000000000000000000e+00
1.000000000000000000e+00
1.000000000000000000e+00
1.000000000000000000e+00
1.000000000000000000e+00
1.000000000000000000e+00
1.000000000000000000e+00
1.000000000000000000e+00
1.000000000000000000e+00
1.000000000000000000e+00
1.000000000000000000e+00
1.000000000000000000e+00
1.000000000000000000e+00
