2.484614880211570911e-02
1.439366909173357169e-02
1.135341568540459631e-02
1.248430933549301951e-02
1.152183676146579031e-02
1.033700072762830380e-02
6.856971332981592719e-03
6.952422382318310459e-03
8.522627647677916141e-03
1.162001836290074003e-02
7.850241143222766102e-03
8.818856662952864398e-03
8.105601525406755034e-03
5.117862285184721256e-03
4.591004523726254297e-03
4.251850551221992257e-03
9.350820586981164334e-03
5.288116679600578761e-03
5.458845387750536036e-03
1.923029936323388325e-03
9.278863647139487655e-04
4.364048182453644786e-03
7.948398640141938337e-03
1.043639219479992192e-02
7.784225111538816896e-03
7.802396818864661479e-03
3.830591032170879619e-03
3.854447705456846146e-03
1.637644457945070702e-03
2.582747035356283260e-03
9.132298354284447764e-03
5.762910538266793545e-03
5.479457859528590741e-03
4.665282094321487882e-03
8.947457233732982861e-04
3.436082847481146917e-03
1.911875052418140000e-02
1.639268335634236047e-03
2.580250855740818996e-03
2.787446412682746330e-03
5.937829853961417576e-03
2.273552521928934832e-03
1.733679924585850929e-03
8.433310430788782536e-03
5.204974646353544704e-03
3.269361781366982543e-03
3.324660398068458086e-03
1.306793699443659995e-03
6.825479860939583261e-03
6.062089918226341856e-03
