7.857142686843872070e-01
7.983193397521972656e-01
8.487395048141479492e-01
8.361344337463378906e-01
8.361344337463378906e-01
8.319327831268310547e-01
9.159663915634155273e-01
9.033613204956054688e-01
8.697478771209716797e-01
8.403361439704895020e-01
8.697478771209716797e-01
8.991596698760986328e-01
8.697478771209716797e-01
9.201680421829223633e-01
9.285714030265808105e-01
9.411764740943908691e-01
8.739495873451232910e-01
9.117646813392639160e-01
9.075630307197570801e-01
9.495798349380493164e-01
9.873949289321899414e-01
9.369747638702392578e-01
8.823529481887817383e-01
8.697478771209716797e-01
9.285714030265808105e-01
8.907563090324401855e-01
9.495798349380493164e-01
9.495798349380493164e-01
9.789915680885314941e-01
9.579831957817077637e-01
8.823529481887817383e-01
9.159663915634155273e-01
9.243697524070739746e-01
9.285714030265808105e-01
9.915966391563415527e-01
9.579831957817077637e-01
8.151260614395141602e-01
9.789915680885314941e-01
9.705882072448730469e-01
9.621848464012145996e-01
8.949579596519470215e-01
9.663865566253662109e-01
9.831932783126831055e-01
9.075630307197570801e-01
9.201680421829223633e-01
9.369747638702392578e-01
9.579831957817077637e-01
9.831932783126831055e-01
9.285714030265808105e-01
9.327731132507324219e-01
