7.927397162756818494e-01
3.456853886982216295e-01
2.704109981097890802e-01
2.456434574544447413e-01
2.318058543949793326e-01
2.246500743662572519e-01
2.005296620505909455e-01
2.047526335810270770e-01
1.917154123237067298e-01
1.908870913568891936e-01
1.835530212837962749e-01
1.775246804850235116e-01
1.713536334443778730e-01
1.660340825117393726e-01
1.660595363201375907e-01
1.621447816149627630e-01
1.504086611281700847e-01
1.512090778766711774e-01
1.440720061268944974e-01
1.402442158421639273e-01
1.354753248578224045e-01
1.328220533543569004e-01
1.305586875351119336e-01
1.277910685441927818e-01
1.242297507227027864e-01
1.209527278620981111e-01
1.217991382607802875e-01
1.173293938696120808e-01
1.148013961591902582e-01
1.146753493534413137e-01
1.133984601725992331e-01
1.072411636132392931e-01
1.081631128379284823e-01
1.063470107320804020e-01
1.008166100675721433e-01
1.044841702625005225e-01
1.006818519246049093e-01
1.012433775887891102e-01
9.278914773242513681e-02
9.503339588392806236e-02
9.485405582429813631e-02
9.140158135614517843e-02
8.913791481496335933e-02
9.494546512002832728e-02
8.829882120446458371e-02
8.294331103105864744e-02
8.639041968382177306e-02
8.177094396473502669e-02
8.224196913501448380e-02
8.367380556735240504e-02
7.928799950256401607e-02
7.643446367501836869e-02
8.178417133410126327e-02
7.583562177545935534e-02
7.502077505764818965e-02
7.535463958410253127e-02
6.482925233112984964e-02
7.027680470061989371e-02
6.968873484923658601e-02
6.790796058879143560e-02
6.734565138054003641e-02
6.305861882566062004e-02
6.205352256100286901e-02
6.553208866335663574e-02
5.991129691481420633e-02
5.626830087680131931e-02
5.997539067244041927e-02
5.568963629429810741e-02
4.972461110251083505e-02
5.376242480801757262e-02
5.662356336644677052e-02
4.496660815602009087e-02
4.628156304222899586e-02
5.036436908105933891e-02
4.552594484946916736e-02
4.139111855461438672e-02
3.741110587591027492e-02
4.351920427026617633e-02
4.075757993289445824e-02
3.802752369062278870e-02
3.634200501223022045e-02
3.332066726134496476e-02
3.309721417793275167e-02
3.247700864672876248e-02
3.080079221767026768e-02
3.324187873230331769e-02
2.525809398199741276e-02
2.849833777572637755e-02
2.756897598660880758e-02
2.498725635216415830e-02
2.724223875553632296e-02
2.813562981308683625e-02
2.263150715539884866e-02
2.185763336005681554e-02
1.660562595063855632e-02
3.398413209580723043e-02
2.022857894293107403e-02
1.876924874422505191e-02
1.760839446799386879e-02
1.746160300768336351e-02
2.337592939793432453e-02
1.669727665951284759e-02
1.972777756559293202e-02
2.234064775063568722e-02
1.469125710754252620e-02
1.708349188373700991e-02
1.796477134000348114e-02
1.415496421163529688e-02
1.517154641141650433e-02
1.478061425211576844e-02
1.476014848844289622e-02
1.177736381580045399e-02
7.347138963067613958e-03
3.472052855532305193e-02
8.892465587173561947e-03
1.325467085890524865e-02
1.353216475438347340e-02
1.634973165527226283e-02
1.014064574215249592e-02
1.504308628630743848e-02
1.021503593425844049e-02
5.822393031756560415e-03
4.934651019436412517e-03
2.352615754896622557e-02
1.681562115643225885e-02
1.734372340242515756e-02
8.110446264642454106e-03
6.253411181090624653e-03
2.673942576313447644e-02
1.007564607207181093e-02
6.116536777926316788e-03
5.765636476907839807e-03
2.204645487478954641e-02
1.223765096307495234e-02
7.573509286409733574e-03
7.077788129217871434e-03
1.974581827628665159e-02
6.021135311838936126e-03
1.247488823835148954e-02
9.388037114835075594e-03
1.058221730579262179e-02
1.209400803187817355e-02
2.176702684158202290e-03
4.354178506727830918e-03
2.985023799374879674e-02
8.034142615611214108e-03
8.981489457439786189e-03
1.311352091103754579e-02
1.416102326151166130e-02
4.683848978520976925e-03
