2.238432615995407104e-01
4.481033682823181152e-01
5.568987131118774414e-01
5.906627774238586426e-01
6.019174456596374512e-01
6.215089559555053711e-01
6.590245962142944336e-01
6.248436570167541504e-01
6.636098623275756836e-01
6.581909060478210449e-01
6.652771830558776855e-01
6.765319108963012695e-01
6.819508075714111328e-01
6.890370845794677734e-01
6.836181879043579102e-01
6.936223506927490234e-01
7.082117795944213867e-01
7.132138609886169434e-01
7.236348390579223633e-01
7.269695997238159180e-01
7.340558767318725586e-01
7.382242679595947266e-01
7.478116154670715332e-01
7.440600395202636719e-01
7.503126263618469238e-01
7.582325935363769531e-01
7.503126263618469238e-01
7.448937296867370605e-01
7.669862508773803711e-01
7.686536312103271484e-01
7.707378268241882324e-01
7.686536312103271484e-01
7.694872617721557617e-01
7.815756797790527344e-01
7.853271961212158203e-01
7.794914841651916504e-01
7.903292775154113770e-01
7.894956469535827637e-01
8.065860867500305176e-01
7.999166250228881836e-01
7.994998097419738770e-01
8.095039725303649902e-01
8.157565593719482422e-01
7.957482337951660156e-01
8.124218583106994629e-01
8.145060539245605469e-01
8.220091462135314941e-01
8.249270319938659668e-01
8.224260210990905762e-01
8.257607221603393555e-01
8.274281024932861328e-01
8.390996456146240234e-01
8.257607221603393555e-01
8.290954828262329102e-01
8.336806893348693848e-01
8.382659554481506348e-01
8.528553843498229980e-01
8.436848521232604980e-01
8.536890149116516113e-01
8.466027379035949707e-01
8.528553843498229980e-01
8.628595471382141113e-01
8.620258569717407227e-01
8.603584766387939453e-01
8.703626394271850586e-01
8.778657913208007812e-01
8.703626394271850586e-01
8.728637099266052246e-01
8.891204595565795898e-01
8.824509978294372559e-01
8.757815957069396973e-01
9.003751277923583984e-01
9.020425081253051758e-01
8.899541497230529785e-01
9.049603939056396484e-01
9.124635457992553711e-01
9.203835129737854004e-01
9.053772687911987305e-01
9.120466709136962891e-01
9.157982468605041504e-01
9.237182140350341797e-01
9.316381812095642090e-01
9.295539855957031250e-01
9.320549964904785156e-01
9.395581483840942383e-01
9.249687194824218750e-01
9.474781155586242676e-01
9.370570778846740723e-01
9.445602297782897949e-01
9.487286210060119629e-01
9.428928494453430176e-01
9.462276101112365723e-01
9.516465067863464355e-01
9.558148980140686035e-01
9.662359356880187988e-01
9.337223768234252930e-01
9.591496586799621582e-01
9.637348651885986328e-01
9.641517400741577148e-01
9.637348651885986328e-01
9.566485881805419922e-01
9.666527509689331055e-01
9.629012346267700195e-01
9.570654630661010742e-01
9.749895930290222168e-01
9.679033160209655762e-01
9.683201313018798828e-01
9.720717072486877441e-01
9.683201313018798828e-01
9.754064083099365234e-01
9.724885225296020508e-01
9.787411689758300781e-01
9.887453317642211914e-01
9.424760341644287109e-01
9.837432503700256348e-01
9.787411689758300781e-01
9.770737886428833008e-01
9.720717072486877441e-01
9.829095602035522461e-01
9.766569137573242188e-01
9.824926853179931641e-01
9.920800328254699707e-01
9.933305382728576660e-01
9.612338542938232422e-01
9.691538214683532715e-01
9.737390875816345215e-01
9.883284568786621094e-01
9.891621470451354980e-01
9.591496586799621582e-01
9.824926853179931641e-01
9.912463426589965820e-01
9.887453317642211914e-01
9.599833488464355469e-01
9.779074788093566895e-01
9.845768809318542480e-01
9.887453317642211914e-01
9.658191204071044922e-01
9.904126524925231934e-01
9.770737886428833008e-01
9.862442612648010254e-01
9.816589951515197754e-01
9.787411689758300781e-01
9.983326196670532227e-01
9.983326196670532227e-01
9.524801969528198242e-01
9.862442612648010254e-01
9.841600656509399414e-01
9.779074788093566895e-01
9.758232831954956055e-01
9.937474131584167480e-01
