5.833333358168601990e-02
2.916666567325592041e-01
3.027522861957550049e-01
4.190476238727569580e-01
4.553571343421936035e-01
5.288461446762084961e-01
4.285714328289031982e-01
5.299999713897705078e-01
5.887850522994995117e-01
6.346153616905212402e-01
5.405405163764953613e-01
6.238532066345214844e-01
6.226415038108825684e-01
6.509433984756469727e-01
6.792452931404113770e-01
6.542056202888488770e-01
6.728972196578979492e-01
6.666666865348815918e-01
6.250000000000000000e-01
6.355140209197998047e-01
7.019230723381042480e-01
7.685185074806213379e-01
7.264150977134704590e-01
7.129629850387573242e-01
7.766990065574645996e-01
7.766990065574645996e-01
6.822429895401000977e-01
6.967213153839111328e-01
7.169811129570007324e-01
7.549019455909729004e-01
7.777777910232543945e-01
7.241379022598266602e-01
8.125000000000000000e-01
7.685185074806213379e-01
7.586206793785095215e-01
8.348624110221862793e-01
7.452830076217651367e-01
7.706422209739685059e-01
7.592592835426330566e-01
8.421052694320678711e-01
8.362069129943847656e-01
7.521367669105529785e-01
7.807017564773559570e-01
8.407079577445983887e-01
8.521739244461059570e-01
8.571428656578063965e-01
8.632478713989257812e-01
8.249999880790710449e-01
8.584070801734924316e-01
8.151260614395141602e-01
8.220338821411132812e-01
8.793103694915771484e-01
8.434782624244689941e-01
8.596491217613220215e-01
8.717948794364929199e-01
9.043478369712829590e-01
8.706896305084228516e-01
8.487395048141479492e-01
8.898305296897888184e-01
8.869565129280090332e-01
9.333333373069763184e-01
8.119658231735229492e-01
8.956521749496459961e-01
8.991596698760986328e-01
8.620689511299133301e-01
8.583333492279052734e-01
9.145299196243286133e-01
8.508771657943725586e-01
8.750000000000000000e-01
9.237288236618041992e-01
9.380530714988708496e-01
9.401709437370300293e-01
9.159663915634155273e-01
9.482758641242980957e-01
8.991596698760986328e-01
8.907563090324401855e-01
9.067796468734741211e-01
9.008264541625976562e-01
9.268292784690856934e-01
9.008264541625976562e-01
8.888888955116271973e-01
9.098360538482666016e-01
9.159663915634155273e-01
9.237288236618041992e-01
9.663865566253662109e-01
9.333333373069763184e-01
9.565217494964599609e-01
9.396551847457885742e-01
9.256198406219482422e-01
9.327731132507324219e-01
9.743589758872985840e-01
8.852459192276000977e-01
9.401709437370300293e-01
9.166666865348815918e-01
9.401709437370300293e-01
9.411764740943908691e-01
9.576271176338195801e-01
9.674796462059020996e-01
9.747899174690246582e-01
9.499999880790710449e-01
9.576271176338195801e-01
9.406779408454895020e-01
9.262295365333557129e-01
9.508196711540222168e-01
9.256198406219482422e-01
8.389830589294433594e-01
9.159663915634155273e-01
9.917355179786682129e-01
9.750000238418579102e-01
9.090909361839294434e-01
9.663865566253662109e-01
9.834710955619812012e-01
9.833333492279052734e-01
9.666666388511657715e-01
9.572649598121643066e-01
9.579831957817077637e-01
8.833333253860473633e-01
9.243697524070739746e-01
9.576271176338195801e-01
9.750000238418579102e-01
9.159663915634155273e-01
9.661017060279846191e-01
9.349593520164489746e-01
9.915966391563415527e-01
9.672130942344665527e-01
9.333333373069763184e-01
9.754098653793334961e-01
9.166666865348815918e-01
9.586777091026306152e-01
9.672130942344665527e-01
9.750000238418579102e-01
9.590163826942443848e-01
9.750000238418579102e-01
9.504132270812988281e-01
9.516128897666931152e-01
9.918032884597778320e-01
9.666666388511657715e-01
9.327731132507324219e-01
9.579831957817077637e-01
9.590163826942443848e-01
9.586777091026306152e-01
9.583333134651184082e-01
9.508196711540222168e-01
9.495798349380493164e-01
9.411764740943908691e-01
9.512194991111755371e-01
9.674796462059020996e-01
9.487179517745971680e-01
9.105691313743591309e-01
9.750000238418579102e-01
