1.616038829088211060e-01
4.297082126140594482e-01
5.912500023841857910e-01
6.529126167297363281e-01
7.003654241561889648e-01
7.393867969512939453e-01
7.653179168701171875e-01
7.820512652397155762e-01
8.101266026496887207e-01
7.935034632682800293e-01
8.357871174812316895e-01
8.299319744110107422e-01
8.340757489204406738e-01
8.486546874046325684e-01
8.539576530456542969e-01
8.671875000000000000e-01
8.832035660743713379e-01
8.890122175216674805e-01
8.813186883926391602e-01
8.936877250671386719e-01
8.931717872619628906e-01
8.874316811561584473e-01
9.150110483169555664e-01
8.930885791778564453e-01
9.065628647804260254e-01
9.147540926933288574e-01
9.229074716567993164e-01
9.187432527542114258e-01
9.070270061492919922e-01
9.228261113166809082e-01
9.185918569564819336e-01
9.105603694915771484e-01
9.318181872367858887e-01
9.223300814628601074e-01
9.391304254531860352e-01
9.430107474327087402e-01
9.308855533599853516e-01
9.470270276069641113e-01
9.229946732521057129e-01
9.460625648498535156e-01
9.331896305084228516e-01
9.470270276069641113e-01
9.276595711708068848e-01
9.378349184989929199e-01
9.389721751213073730e-01
9.401069283485412598e-01
9.528403282165527344e-01
9.624463319778442383e-01
9.635193347930908203e-01
9.493534564971923828e-01
9.542553424835205078e-01
9.593582749366760254e-01
9.499999880790710449e-01
9.565678238868713379e-01
9.605122804641723633e-01
9.598308801651000977e-01
9.628844261169433594e-01
9.725158810615539551e-01
9.493671059608459473e-01
9.587301611900329590e-01
9.681528806686401367e-01
9.642857313156127930e-01
9.735449552536010742e-01
9.830687642097473145e-01
9.661733508110046387e-01
9.797872304916381836e-01
9.737395048141479492e-01
9.777306318283081055e-01
9.705882072448730469e-01
9.713070988655090332e-01
9.663865566253662109e-01
9.820106029510498047e-01
9.831578731536865234e-01
9.820864200592041016e-01
9.693769812583923340e-01
9.788807034492492676e-01
9.748163819313049316e-01
9.821989536285400391e-01
9.832109212875366211e-01
9.905956387519836426e-01
9.693769812583923340e-01
9.748427867889404297e-01
9.841604828834533691e-01
9.790136218070983887e-01
9.884937405586242676e-01
9.873816967010498047e-01
9.916230440139770508e-01
9.989539980888366699e-01
9.884575009346008301e-01
9.728317856788635254e-01
9.747899174690246582e-01
9.694736599922180176e-01
9.853402972221374512e-01
9.915700554847717285e-01
9.822175502777099609e-01
9.810526371002197266e-01
9.853249192237854004e-01
9.916142821311950684e-01
9.905956387519836426e-01
9.842602014541625977e-01
9.874081611633300781e-01
9.884937405586242676e-01
9.937106966972351074e-01
9.874213933944702148e-01
9.958071112632751465e-01
9.801877140998840332e-01
9.863731861114501953e-01
9.905462265014648438e-01
9.968717694282531738e-01
9.989550709724426270e-01
9.979079365730285645e-01
1.000000000000000000e+00
1.000000000000000000e+00
9.842932224273681641e-01
9.675052165985107422e-01
9.832285046577453613e-01
9.989517927169799805e-01
9.947807788848876953e-01
9.905759096145629883e-01
9.864300489425659180e-01
9.831932783126831055e-01
9.916405677795410156e-01
9.800629615783691406e-01
9.895615577697753906e-01
9.947698712348937988e-01
9.905857443809509277e-01
9.947643876075744629e-01
9.884696006774902344e-01
9.947807788848876953e-01
9.979101419448852539e-01
9.821052551269531250e-01
9.926701784133911133e-01
9.937369227409362793e-01
1.000000000000000000e+00
1.000000000000000000e+00
1.000000000000000000e+00
1.000000000000000000e+00
1.000000000000000000e+00
1.000000000000000000e+00
1.000000000000000000e+00
1.000000000000000000e+00
1.000000000000000000e+00
1.000000000000000000e+00
1.000000000000000000e+00
1.000000000000000000e+00
1.000000000000000000e+00
1.000000000000000000e+00
1.000000000000000000e+00
1.000000000000000000e+00
1.000000000000000000e+00
