8.981900215148925781e-01
9.209932088851928711e-01
8.986784219741821289e-01
9.397321343421936035e-01
9.309576749801635742e-01
9.223946928977966309e-01
9.623059630393981934e-01
9.624723792076110840e-01
9.579645991325378418e-01
9.069767594337463379e-01
9.731543660163879395e-01
9.844444394111633301e-01
9.845814704895019531e-01
9.803921580314636230e-01
9.735099077224731445e-01
9.407894611358642578e-01
9.391891956329345703e-01
9.599999785423278809e-01
9.825327396392822266e-01
9.826464056968688965e-01
9.690949320793151855e-01
9.716157317161560059e-01
9.913232326507568359e-01
9.955849647521972656e-01
9.415584206581115723e-01
8.997821211814880371e-01
9.665178656578063965e-01
9.017467498779296875e-01
9.803921580314636230e-01
9.846827387809753418e-01
9.934640526771545410e-01
9.913793206214904785e-01
1.000000000000000000e+00
1.000000000000000000e+00
1.000000000000000000e+00
1.000000000000000000e+00
1.000000000000000000e+00
1.000000000000000000e+00
1.000000000000000000e+00
1.000000000000000000e+00
9.913232326507568359e-01
8.799999952316284180e-01
9.298245906829833984e-01
9.668141603469848633e-01
9.890829920768737793e-01
9.890829920768737793e-01
9.978166222572326660e-01
1.000000000000000000e+00
1.000000000000000000e+00
1.000000000000000000e+00
