8.593073487281799316e-01
8.831169009208679199e-01
8.831169009208679199e-01
9.112554192543029785e-01
9.047619104385375977e-01
9.004328846931457520e-01
9.393939375877380371e-01
9.437229633331298828e-01
9.372294545173645020e-01
8.441558480262756348e-01
9.415584206581115723e-01
9.588744640350341797e-01
9.675324559211730957e-01
9.740259647369384766e-01
9.545454382896423340e-01
9.285714030265808105e-01
9.025974273681640625e-01
9.350649118423461914e-01
9.740259647369384766e-01
9.805194735527038574e-01
9.502164721488952637e-01
9.632034897804260254e-01
9.891774654388427734e-01
9.761904478073120117e-01
9.415584206581115723e-01
8.939393758773803711e-01
9.372294545173645020e-01
8.939393758773803711e-01
9.740259647369384766e-01
9.740259647369384766e-01
9.870129823684692383e-01
9.956709742546081543e-01
9.956709742546081543e-01
1.000000000000000000e+00
1.000000000000000000e+00
1.000000000000000000e+00
1.000000000000000000e+00
1.000000000000000000e+00
1.000000000000000000e+00
1.000000000000000000e+00
9.891774654388427734e-01
8.571428656578063965e-01
9.177489280700683594e-01
9.458874464035034180e-01
9.805194735527038574e-01
9.805194735527038574e-01
9.891774654388427734e-01
1.000000000000000000e+00
1.000000000000000000e+00
1.000000000000000000e+00
