19
[0.04839786026102921, 0.92156863, 0.8867925]

21
[0.08167742419205958, 0.9347826, 0.8113208]

23
[0.06465993095346632, 0.9183673, 0.8490566]

25
[0.12547115574351939, 0.9347826, 0.8113208]

27
[0.055854989247616525, 0.9583333, 0.8679245]

29
[0.05929632880147496, 0.9375, 0.8490566]

31
[0.091121218956999, 0.72727275, 0.9056604]

33
[0.06754728172384532, 0.7741935, 0.9056604]

vote:
precision= 0.6578947368421053
recall= 0.9433962264150944
f1= 0.7751937984496124

probability:
precision= 0.9375
recall= 0.8490566037735849
f1= 0.8910891089108911

