2.570467200327121102e-02
1.634645924586448223e-02
1.572367519864824315e-02
1.419977055542588455e-02
1.133868644033690642e-02
1.146819004940605527e-02
1.218808456129112823e-02
8.529528910697813798e-03
7.958427445262072561e-03
1.040175371072855556e-02
1.218707442130050750e-02
9.567459262661384342e-03
1.190845259030134939e-02
6.555828666097896114e-03
4.345297575524631993e-03
6.134557805297774329e-03
2.892551916232037439e-03
3.650393374027964023e-03
9.040627032203351829e-03
1.037305686166057131e-02
1.180067200963848088e-02
7.339835414351860397e-03
8.876615516707521414e-03
4.139225389138966558e-03
4.587507573631739548e-03
3.349481746554374816e-03
5.956432109474190349e-03
3.160166431919338680e-03
5.109972380865641060e-03
5.449426195074274712e-03
8.689400837707469266e-03
7.715379434675135803e-03
5.443581987327914158e-03
2.565699627250826644e-03
7.458051799434230883e-03
1.229968426308061108e-02
2.422426517464094670e-03
3.356115323930474684e-03
3.507616997225875520e-03
1.993994646780507859e-03
2.517047588817822312e-03
4.623674805026036644e-03
1.925951784935407696e-02
9.177629855642563395e-03
3.968357386325444339e-03
2.706017605468126822e-03
2.329719085925619111e-03
1.459653212907418901e-03
4.497156976623731955e-03
1.075426884216057651e-02
