9.279538989067077637e-01
9.460227489471435547e-01
9.461756348609924316e-01
9.408450722694396973e-01
9.709302186965942383e-01
9.626436829566955566e-01
9.622092843055725098e-01
9.743589758872985840e-01
9.855907559394836426e-01
9.684813618659973145e-01
9.540230035781860352e-01
9.659090638160705566e-01
9.655172228813171387e-01
9.774011373519897461e-01
9.858757257461547852e-01
9.773371219635009766e-01
9.943181872367858887e-01
9.886685609817504883e-01
9.660056829452514648e-01
9.715909361839294434e-01
9.654178619384765625e-01
9.715909361839294434e-01
9.714285731315612793e-01
9.857954382896423340e-01
9.913793206214904785e-01
9.859154820442199707e-01
9.776536226272583008e-01
9.915013909339904785e-01
9.801699519157409668e-01
9.858356714248657227e-01
9.715909361839294434e-01
9.663865566253662109e-01
9.830985665321350098e-01
9.943502545356750488e-01
9.829059839248657227e-01
9.601139426231384277e-01
9.915013909339904785e-01
9.971428513526916504e-01
9.914772510528564453e-01
9.915730357170104980e-01
9.943342804908752441e-01
9.830985665321350098e-01
9.426934123039245605e-01
9.604519605636596680e-01
9.857954382896423340e-01
9.943342804908752441e-01
9.943502545356750488e-01
1.000000000000000000e+00
9.857954382896423340e-01
9.630681872367858887e-01
