6.902454411110802157e-01
2.439631253644571340e-01
2.089689664071607555e-01
2.175888815737752335e-01
1.676172723532081410e-01
1.655108617281247640e-01
1.622802954583122959e-01
1.483176026247820800e-01
1.499648380352223420e-01
1.389152249620814739e-01
1.340346613852669011e-01
1.515369773572868561e-01
1.290294762125496486e-01
1.297320792731372074e-01
1.307725429753955337e-01
1.248168876623473589e-01
1.236777783493708677e-01
1.175168730381707938e-01
1.233756626342983886e-01
1.191913295715517074e-01
1.120763853021824186e-01
1.217549620875288396e-01
1.011437724388692116e-01
9.543584138939058270e-02
1.012253232594620828e-01
9.043569997939950034e-02
9.307698196160019144e-02
9.514669765847638683e-02
9.130756742458867592e-02
8.670628900527468930e-02
8.314280070667526279e-02
9.120052312775746295e-02
8.336101685727109745e-02
7.609243903492368677e-02
8.164968481812411027e-02
7.540889081569987495e-02
7.092925589323195723e-02
7.095575373261049645e-02
7.826984949782708756e-02
7.265997684170934223e-02
6.944100378622743153e-02
6.438553443037432766e-02
5.742958910028348601e-02
6.169022153079003340e-02
5.540260510184825959e-02
6.062408435485674291e-02
5.708234793588470857e-02
5.668078762345569316e-02
5.630238884327993382e-02
4.809345450494362240e-02
5.143464541571894644e-02
4.387759592234441453e-02
5.392614811443238731e-02
4.690983213950532249e-02
4.104599422924323088e-02
4.156785816815135315e-02
4.623143926141044108e-02
4.116842921446471626e-02
4.290706595534437423e-02
3.596237336930951933e-02
4.010296204823315946e-02
3.230516530326322383e-02
3.337790161265598993e-02
3.134854250044348534e-02
3.146893678992677967e-02
3.600060164497583676e-02
3.384164517283642232e-02
2.746906366176230657e-02
2.873263217141335327e-02
2.148577651967433291e-02
1.689484919041238375e-02
2.601255858392469145e-02
2.180130402548995441e-02
2.579193487122843562e-02
2.677920629354927154e-02
3.150730386888518642e-02
2.871797762866489315e-02
2.397835732295789876e-02
1.635083952382086064e-02
2.684229953545657840e-02
1.976307157540172291e-02
1.701882794244417157e-02
1.812963981788419041e-02
1.507051647035595639e-02
1.724454298503289365e-02
1.012366067721274902e-02
1.733718375267941092e-02
2.187075733249870327e-02
1.829762911461533387e-02
9.277290952010229866e-03
1.076427843963627395e-02
2.430734353017562424e-02
2.310756747358453864e-02
2.447649330010574428e-02
1.225683984536406028e-02
9.350681200890003861e-03
6.539983055975926232e-03
5.552503855855105835e-03
5.178287122995227885e-03
5.009644278192516495e-03
2.763171588745633178e-02
1.388255027453966228e-02
9.397426502874258250e-03
7.941922222433761211e-03
8.233226588390102005e-03
9.592329546396778650e-03
3.562595827842113868e-03
1.236558527068709439e-02
1.947362513825240393e-02
2.531025163650576018e-02
1.249161337218073452e-02
5.156851373272570462e-03
3.606663717330808872e-03
6.536501535666571112e-03
4.097118230630233081e-03
1.203876856232335285e-02
9.356092265847928621e-03
9.246558723896184523e-03
9.242735605397230797e-03
3.210003241497746615e-03
3.835685136726821841e-03
3.247685879702857242e-02
1.063082596491667607e-02
4.911683743572548173e-03
4.294890085455214945e-03
8.796739336268883866e-03
1.160016187329117841e-02
4.506404778958928922e-03
4.365895830246806913e-03
3.175082729384100938e-03
3.231820124006624679e-03
1.562708793194779499e-03
1.420263122726917338e-03
1.221033965015672898e-03
1.193441625107022081e-03
1.194361586010994191e-03
1.184363265245375703e-03
1.218133526559022012e-03
1.087661930035924542e-03
1.043904390231420107e-03
1.080412579443504025e-03
4.620586503884174800e-02
2.907520937836028524e-02
1.284068973137895454e-02
2.702696267256007347e-03
1.405436358323037182e-03
3.460378792756039264e-03
3.967641783226911328e-03
4.972427154455089961e-03
2.123966654692424540e-03
