9.556756615638732910e-01
9.610389471054077148e-01
9.708423614501953125e-01
9.762418866157531738e-01
9.728850126266479492e-01
9.827027320861816406e-01
9.807074069976806641e-01
9.859307408332824707e-01
9.720129370689392090e-01
9.827213883399963379e-01
9.849462509155273438e-01
9.902702569961547852e-01
9.956849813461303711e-01
9.774919748306274414e-01
9.763948321342468262e-01
9.707158207893371582e-01
9.849137663841247559e-01
9.892588853836059570e-01
9.849624037742614746e-01
9.817007780075073242e-01
9.924973249435424805e-01
9.989281892776489258e-01
9.924650192260742188e-01
9.848812222480773926e-01
9.871244430541992188e-01
9.902808070182800293e-01
9.881974458694458008e-01
9.860064387321472168e-01
9.772973060607910156e-01
9.838362336158752441e-01
9.913886189460754395e-01
9.871657490730285645e-01
9.946351647377014160e-01
9.903121590614318848e-01
9.881720542907714844e-01
9.731471538543701172e-01
9.881974458694458008e-01
9.978517889976501465e-01
9.806867241859436035e-01
9.892933368682861328e-01
9.925373196601867676e-01
9.946523904800415039e-01
9.989270567893981934e-01
1.000000000000000000e+00
9.989281892776489258e-01
9.763695001602172852e-01
9.849300384521484375e-01
9.742212891578674316e-01
9.860064387321472168e-01
9.978586435317993164e-01
