7.377049326896667480e-02
2.105263173580169678e-01
4.044943749904632568e-01
5.217391252517700195e-01
5.000000000000000000e-01
4.905660450458526611e-01
6.057692170143127441e-01
5.799999833106994629e-01
5.961538553237915039e-01
5.272727012634277344e-01
5.686274766921997070e-01
6.132075190544128418e-01
6.355140209197998047e-01
6.037735939025878906e-01
5.619047880172729492e-01
6.261682510375976562e-01
6.509433984756469727e-01
6.428571343421936035e-01
7.314814925193786621e-01
6.346153616905212402e-01
7.407407164573669434e-01
7.181817889213562012e-01
6.363636255264282227e-01
7.128713130950927734e-01
7.614678740501403809e-01
6.875000000000000000e-01
7.476635575294494629e-01
7.232142686843872070e-01
7.047619223594665527e-01
7.314814925193786621e-01
7.927927970886230469e-01
7.636363506317138672e-01
7.870370149612426758e-01
7.739130258560180664e-01
7.592592835426330566e-01
8.000000119209289551e-01
7.876105904579162598e-01
7.787610888481140137e-01
8.018018007278442383e-01
7.837837934494018555e-01
8.000000119209289551e-01
8.425925970077514648e-01
8.448275923728942871e-01
8.290598392486572266e-01
7.983193397521972656e-01
8.407079577445983887e-01
8.141592741012573242e-01
8.672566413879394531e-01
8.347107172012329102e-01
8.571428656578063965e-01
9.145299196243286133e-01
8.508771657943725586e-01
8.559321761131286621e-01
8.547008633613586426e-01
9.035087823867797852e-01
9.478260874748229980e-01
9.137930870056152344e-01
8.584070801734924316e-01
8.429751992225646973e-01
8.362069129943847656e-01
8.983050584793090820e-01
9.159663915634155273e-01
9.310345053672790527e-01
8.965517282485961914e-01
7.933884263038635254e-01
9.322034120559692383e-01
9.059829115867614746e-01
9.487179517745971680e-01
9.491525292396545410e-01
9.043478369712829590e-01
9.421487450599670410e-01
9.152542352676391602e-01
9.304347634315490723e-01
8.728813529014587402e-01
9.491525292396545410e-01
8.965517282485961914e-01
9.576271176338195801e-01
9.739130139350891113e-01
9.568965435028076172e-01
9.145299196243286133e-01
9.666666388511657715e-01
9.831932783126831055e-01
9.310345053672790527e-01
9.495798349380493164e-01
8.534482717514038086e-01
9.090909361839294434e-01
9.655172228813171387e-01
9.482758641242980957e-01
9.145299196243286133e-01
9.829059839248657227e-01
9.661017060279846191e-01
9.322034120559692383e-01
9.572649598121643066e-01
9.666666388511657715e-01
9.741379022598266602e-01
9.304347634315490723e-01
9.495798349380493164e-01
9.572649598121643066e-01
8.852459192276000977e-01
9.043478369712829590e-01
9.333333373069763184e-01
9.406779408454895020e-01
9.830508232116699219e-01
1.000000000000000000e+00
1.000000000000000000e+00
1.000000000000000000e+00
9.747899174690246582e-01
9.661017060279846191e-01
9.499999880790710449e-01
9.745762944221496582e-01
8.373983502388000488e-01
9.230769276618957520e-01
9.406779408454895020e-01
9.652174115180969238e-01
9.491525292396545410e-01
9.416666626930236816e-01
8.983050584793090820e-01
9.831932783126831055e-01
9.831932783126831055e-01
9.916666746139526367e-01
1.000000000000000000e+00
9.915966391563415527e-01
9.243697524070739746e-01
9.745762944221496582e-01
9.741379022598266602e-01
9.747899174690246582e-01
9.391304254531860352e-01
9.495798349380493164e-01
9.333333373069763184e-01
9.385964870452880859e-01
9.166666865348815918e-01
9.579831957817077637e-01
9.914529919624328613e-01
9.833333492279052734e-01
1.000000000000000000e+00
1.000000000000000000e+00
9.230769276618957520e-01
9.416666626930236816e-01
9.576271176338195801e-01
9.831932783126831055e-01
9.663865566253662109e-01
1.000000000000000000e+00
1.000000000000000000e+00
1.000000000000000000e+00
1.000000000000000000e+00
1.000000000000000000e+00
9.661017060279846191e-01
8.373983502388000488e-01
9.747899174690246582e-01
9.750000238418579102e-01
