2.180250280315098321e-01
1.043274118679768520e-01
9.256575992258979368e-02
7.504854001839203481e-02
7.167963652915049222e-02
6.820064571553532962e-02
5.946933139155304721e-02
5.471760537660310536e-02
5.582920214864821318e-02
5.729574360482260487e-02
4.721567900758887742e-02
5.524454012913228990e-02
4.767017680555636627e-02
4.037586130741634138e-02
4.440300667376893828e-02
4.340301043860567837e-02
3.547927177072382476e-02
3.819396792088593229e-02
3.918791520256862532e-02
3.672811093850800179e-02
3.227248200245883686e-02
2.951886367056903715e-02
3.573826285104468592e-02
3.347513262962058950e-02
3.441146305759148344e-02
2.634534700806196242e-02
3.245224348951367827e-02
2.368829825549835510e-02
2.042504088968893558e-02
2.688761710683544928e-02
1.922452918371324662e-02
2.454106476255180427e-02
1.798694674370919164e-02
2.245570774867982830e-02
2.093821273772056291e-02
2.065732826366773953e-02
2.004595150819658833e-02
1.555211835689144020e-02
2.214208832740202637e-02
1.430904538634069842e-02
1.301729947577924887e-02
1.661277116550685315e-02
1.187392073550198879e-02
1.286335577746444345e-02
1.139085333309341509e-02
1.304392768710621424e-02
1.710437853303753419e-02
1.383218937442145038e-02
1.655970343517748633e-02
1.213808435160267964e-02
8.748658005190645959e-03
8.759332560454935815e-03
6.354168998354956313e-03
5.728425934524407175e-03
6.788096266328389437e-03
1.098398324451537768e-02
1.301728273937482160e-02
7.254228022418102682e-03
4.494061217098365042e-03
5.574558376539779682e-03
1.135419081232389577e-02
9.928136835859163734e-03
1.152007721238449377e-02
1.243295441866304647e-02
8.716237654895105103e-03
7.908037426183085056e-03
9.834389366965115217e-03
5.626896127654940592e-03
8.828725428781162426e-03
6.821655213617750478e-03
6.670628368454454941e-03
4.812965895614095685e-03
3.490950015423879230e-03
4.785639221984489336e-03
5.459814158851591069e-03
5.963276696051277373e-03
9.487775635829181348e-03
4.828489735005297122e-03
8.924059912873382600e-03
3.919022668577092430e-03
3.684577120056306554e-03
9.608472183993433183e-03
5.819974004751007207e-03
5.552658281498323162e-03
7.356572283638087434e-03
7.423318515173095954e-03
5.749929322370983184e-03
4.113516231598733468e-03
4.365305912688802019e-03
4.438210356159874755e-03
6.110435280056260299e-03
5.956318552608205232e-03
2.804841020916228576e-03
1.966069628907221849e-03
1.913736743430164084e-03
2.005883655913308448e-03
1.842031842150731145e-03
2.961460470813475406e-03
2.115924747108607548e-02
1.240817750453895515e-02
3.401134969571035973e-03
2.119951211662744316e-03
2.039240803857275339e-03
2.185730441403549440e-03
4.257021625351561922e-03
1.766641330000995498e-03
1.381153002094974783e-02
6.982336469020649153e-03
2.788204421496834687e-03
3.737714742693971914e-03
1.615410411946883789e-03
3.462752152207598886e-03
3.185644504218901937e-03
6.472858917067439086e-03
7.793874770290560618e-03
4.550450634111627077e-03
1.716767251208964340e-03
1.559835736490457246e-03
4.826227980369579562e-03
6.595870968937098296e-03
2.888159726723431384e-03
3.205559895322159913e-03
1.396183067512790556e-03
2.327294484515232340e-03
1.439169436743200107e-03
1.359752207325169281e-03
1.292479995395967758e-02
1.032380909501749884e-02
5.726565200787170178e-03
3.624845493866425856e-03
4.804624879610104767e-03
1.760547430187384306e-03
3.059089816449077695e-03
1.344424222262713972e-03
1.260611375630430646e-03
1.241678682394988789e-03
1.234034548673549909e-03
1.244416761387765694e-03
9.420358839623955635e-03
1.609601457643522471e-02
2.781250269485157148e-03
1.112600557604388751e-02
1.935464891328662375e-03
2.151096652855506979e-03
3.245893255745804871e-03
1.231236323591290184e-03
1.281642971096924166e-03
1.123331045365744130e-03
2.219464712993403886e-03
5.446832138062298982e-03
