5.298013240098953247e-02
2.847682237625122070e-01
3.774834573268890381e-01
4.569536447525024414e-01
4.966887533664703369e-01
5.496688485145568848e-01
5.695364475250244141e-01
6.092715263366699219e-01
6.490066051483154297e-01
6.158940196037292480e-01
6.821191906929016113e-01
6.291390657424926758e-01
6.754966974258422852e-01
7.350993156433105469e-01
7.086092829704284668e-01
7.152317762374877930e-01
7.284768223762512207e-01
7.284768223762512207e-01
7.350993156433105469e-01
7.483443617820739746e-01
7.748344540596008301e-01
8.410596251487731934e-01
7.880794405937194824e-01
8.079470396041870117e-01
7.549669146537780762e-01
8.278145790100097656e-01
7.748344540596008301e-01
8.476821184158325195e-01
8.741722106933593750e-01
7.947019934654235840e-01
8.741722106933593750e-01
8.145695328712463379e-01
8.807947039604187012e-01
8.211920261383056641e-01
8.543046116828918457e-01
8.675496578216552734e-01
8.543046116828918457e-01
8.874171972274780273e-01
8.410596251487731934e-01
8.940397500991821289e-01
9.271523356437683105e-01
8.675496578216552734e-01
9.271523356437683105e-01
9.271523356437683105e-01
9.337748289108276367e-01
9.271523356437683105e-01
9.072847962379455566e-01
8.940397500991821289e-01
8.675496578216552734e-01
9.205297827720642090e-01
9.337748289108276367e-01
9.536423683166503906e-01
9.867549538612365723e-01
9.933775067329406738e-01
9.602649211883544922e-01
9.139072895050048828e-01
9.205297827720642090e-01
9.403973221778869629e-01
9.933775067329406738e-01
9.801324605941772461e-01
9.337748289108276367e-01
9.337748289108276367e-01
9.205297827720642090e-01
9.205297827720642090e-01
9.403973221778869629e-01
9.271523356437683105e-01
9.403973221778869629e-01
9.668874144554138184e-01
9.470198750495910645e-01
9.470198750495910645e-01
9.602649211883544922e-01
9.735099077224731445e-01
9.801324605941772461e-01
9.801324605941772461e-01
9.735099077224731445e-01
9.801324605941772461e-01
9.205297827720642090e-01
9.801324605941772461e-01
9.271523356437683105e-01
9.735099077224731445e-01
9.867549538612365723e-01
9.536423683166503906e-01
9.735099077224731445e-01
9.668874144554138184e-01
9.668874144554138184e-01
9.470198750495910645e-01
9.602649211883544922e-01
9.735099077224731445e-01
9.735099077224731445e-01
9.668874144554138184e-01
9.602649211883544922e-01
9.602649211883544922e-01
9.867549538612365723e-01
1.000000000000000000e+00
1.000000000000000000e+00
1.000000000000000000e+00
1.000000000000000000e+00
9.867549538612365723e-01
8.410596251487731934e-01
9.072847962379455566e-01
9.867549538612365723e-01
9.933775067329406738e-01
9.933775067329406738e-01
9.867549538612365723e-01
9.735099077224731445e-01
1.000000000000000000e+00
9.271523356437683105e-01
9.403973221778869629e-01
9.933775067329406738e-01
9.735099077224731445e-01
1.000000000000000000e+00
9.801324605941772461e-01
9.867549538612365723e-01
9.668874144554138184e-01
9.602649211883544922e-01
9.668874144554138184e-01
9.933775067329406738e-01
1.000000000000000000e+00
9.735099077224731445e-01
9.602649211883544922e-01
9.933775067329406738e-01
9.933775067329406738e-01
1.000000000000000000e+00
9.933775067329406738e-01
1.000000000000000000e+00
1.000000000000000000e+00
9.205297827720642090e-01
9.271523356437683105e-01
9.668874144554138184e-01
9.735099077224731445e-01
9.735099077224731445e-01
9.933775067329406738e-01
9.933775067329406738e-01
1.000000000000000000e+00
1.000000000000000000e+00
1.000000000000000000e+00
1.000000000000000000e+00
1.000000000000000000e+00
9.536423683166503906e-01
9.072847962379455566e-01
9.867549538612365723e-01
9.403973221778869629e-01
9.933775067329406738e-01
9.867549538612365723e-01
9.735099077224731445e-01
1.000000000000000000e+00
1.000000000000000000e+00
1.000000000000000000e+00
9.867549538612365723e-01
9.735099077224731445e-01
