1.341107934713363647e-01
2.740524709224700928e-01
3.002915382385253906e-01
3.644315004348754883e-01
3.965014517307281494e-01
4.373177886009216309e-01
4.577259421348571777e-01
4.868804812431335449e-01
4.781341254711151123e-01
5.218659043312072754e-01
4.664722979068756104e-01
5.364431738853454590e-01
5.335276722908020020e-01
5.539358854293823242e-01
5.918367505073547363e-01
5.597667694091796875e-01
5.860058069229125977e-01
6.122449040412902832e-01
6.093294620513916016e-01
6.005830764770507812e-01
6.472303271293640137e-01
6.209912300109863281e-01
6.209912300109863281e-01
6.268221735954284668e-01
6.180757880210876465e-01
6.530612111091613770e-01
6.472303271293640137e-01
6.297376155853271484e-01
6.559766530990600586e-01
6.355684995651245117e-01
6.647230386734008789e-01
6.326530575752258301e-01
6.705539226531982422e-01
6.822157502174377441e-01
6.851311922073364258e-01
6.647230386734008789e-01
7.142857313156127930e-01
6.355684995651245117e-01
6.618075966835021973e-01
6.909620761871337891e-01
7.142857313156127930e-01
6.967930197715759277e-01
7.317784428596496582e-01
7.055393457412719727e-01
7.288630008697509766e-01
7.492711544036865234e-01
6.997084617614746094e-01
7.346938848495483398e-01
7.346938848495483398e-01
7.376093268394470215e-01
7.405247688293457031e-01
7.434402108192443848e-01
7.434402108192443848e-01
7.609329223632812500e-01
7.521865963935852051e-01
7.288630008697509766e-01
7.551020383834838867e-01
7.813411355018615723e-01
7.580174803733825684e-01
7.930029034614562988e-01
8.017492890357971191e-01
7.988338470458984375e-01
7.871720194816589355e-01
8.192420005798339844e-01
8.046647310256958008e-01
8.134110569953918457e-01
8.192420005798339844e-01
8.250728845596313477e-01
7.930029034614562988e-01
8.221574425697326660e-01
8.688046932220458984e-01
8.396501541137695312e-01
8.746355772018432617e-01
8.367347121238708496e-01
8.338192701339721680e-01
8.396501541137695312e-01
8.425655961036682129e-01
8.600583076477050781e-01
8.338192701339721680e-01
8.658891916275024414e-01
8.892128467559814453e-01
8.279883265495300293e-01
8.571428656578063965e-01
8.542274236679077148e-01
8.892128467559814453e-01
8.950437307357788086e-01
8.775510191917419434e-01
9.037901163101196289e-01
9.271137118339538574e-01
9.037901163101196289e-01
8.862974047660827637e-01
9.183673262596130371e-01
9.037901163101196289e-01
9.096210002899169922e-01
8.513119816780090332e-01
9.271137118339538574e-01
9.067055583000183105e-01
9.271137118339538574e-01
9.271137118339538574e-01
9.300291538238525391e-01
9.212828278541564941e-01
8.892128467559814453e-01
9.533527493476867676e-01
9.271137118339538574e-01
9.475218653678894043e-01
9.067055583000183105e-01
9.416909813880920410e-01
9.329445958137512207e-01
9.212828278541564941e-01
9.475218653678894043e-01
9.533527493476867676e-01
9.650145769119262695e-01
9.504373073577880859e-01
8.979591727256774902e-01
8.833819031715393066e-01
9.037901163101196289e-01
9.358600378036499023e-01
9.475218653678894043e-01
9.679300189018249512e-01
9.650145769119262695e-01
9.416909813880920410e-01
9.037901163101196289e-01
9.329445958137512207e-01
9.620991349220275879e-01
9.300291538238525391e-01
9.737609624862670898e-01
9.912536740303039551e-01
9.883381724357604980e-01
8.892128467559814453e-01
9.504373073577880859e-01
9.650145769119262695e-01
9.416909813880920410e-01
9.562682509422302246e-01
9.241982698440551758e-01
9.650145769119262695e-01
9.737609624862670898e-01
9.650145769119262695e-01
9.679300189018249512e-01
9.533527493476867676e-01
9.387755393981933594e-01
9.271137118339538574e-01
9.708454608917236328e-01
9.912536740303039551e-01
9.795918464660644531e-01
9.562682509422302246e-01
9.475218653678894043e-01
9.620991349220275879e-01
9.533527493476867676e-01
9.737609624862670898e-01
9.679300189018249512e-01
