9.574699997901916504e-01
9.632829427719116211e-01
9.728850126266479492e-01
9.685466289520263672e-01
9.837133288383483887e-01
9.815818071365356445e-01
9.784714579582214355e-01
9.827586412429809570e-01
9.719827771186828613e-01
9.569892287254333496e-01
9.816612601280212402e-01
9.838013052940368652e-01
9.783783555030822754e-01
9.794149398803710938e-01
9.774193763732910156e-01
9.924405813217163086e-01
9.752154946327209473e-01
9.795258641242980957e-01
9.751619696617126465e-01
9.881847500801086426e-01
9.806034564971923828e-01
9.839055538177490234e-01
9.935553073883056641e-01
9.882100820541381836e-01
9.924569129943847656e-01
9.783549904823303223e-01
9.859762787818908691e-01
9.870550036430358887e-01
9.946062564849853516e-01
9.849946498870849609e-01
9.774678349494934082e-01
9.892125129699707031e-01
9.892473220825195312e-01
9.903433322906494141e-01
9.967811107635498047e-01
9.957035183906555176e-01
9.978517889976501465e-01
9.752154946327209473e-01
9.784946441650390625e-01
9.924812316894531250e-01
9.763185977935791016e-01
9.774678349494934082e-01
9.935691356658935547e-01
9.978540539741516113e-01
1.000000000000000000e+00
9.784714579582214355e-01
9.924731254577636719e-01
9.946409463882446289e-01
9.957035183906555176e-01
9.978563785552978516e-01
