4.098360426723957062e-03
1.639344170689582825e-02
4.098360426723957062e-03
1.229508221149444580e-02
4.098360426723957062e-03
8.196720853447914124e-03
0.000000000000000000e+00
4.098360426723957062e-03
8.196720853447914124e-03
2.049180306494235992e-02
4.098360426723957062e-03
8.196720853447914124e-03
2.459016442298889160e-02
1.639344170689582825e-02
1.639344170689582825e-02
1.639344170689582825e-02
4.508196562528610229e-02
3.688524663448333740e-02
7.377049326896667480e-02
4.098360612988471985e-02
6.557376682758331299e-02
6.557376682758331299e-02
8.606557548046112061e-02
1.147540956735610962e-01
5.327868834137916565e-02
1.311475336551666260e-01
1.024590134620666504e-01
1.147540956735610962e-01
1.516393423080444336e-01
1.475409865379333496e-01
1.721311509609222412e-01
1.557376980781555176e-01
1.926229447126388550e-01
1.844262331724166870e-01
1.762295067310333252e-01
2.172131091356277466e-01
1.762295067310333252e-01
2.090163975954055786e-01
1.926229447126388550e-01
2.336065620183944702e-01
2.909836173057556152e-01
2.622950673103332520e-01
2.254098355770111084e-01
2.418032735586166382e-01
2.868852317333221436e-01
2.909836173057556152e-01
2.704918086528778076e-01
3.196721374988555908e-01
2.827868759632110596e-01
3.114753961563110352e-01
3.360655605792999268e-01
3.237704932689666748e-01
3.360655605792999268e-01
3.319672048091888428e-01
3.565573692321777344e-01
3.647541105747222900e-01
3.688524663448333740e-01
3.278688490390777588e-01
3.770491778850555420e-01
3.565573692321777344e-01
3.770491778850555420e-01
4.057376980781555176e-01
3.647541105747222900e-01
3.893442749977111816e-01
4.262295067310333252e-01
3.852458894252777100e-01
4.180327951908111572e-01
4.098360538482666016e-01
4.385246038436889648e-01
4.631147682666778564e-01
4.303278625011444092e-01
5.000000000000000000e-01
4.303278625011444092e-01
4.672131240367889404e-01
5.163934230804443359e-01
5.204917788505554199e-01
4.754098355770111084e-01
4.754098355770111084e-01
5.000000000000000000e-01
5.000000000000000000e-01
5.368852615356445312e-01
5.819672346115112305e-01
5.368852615356445312e-01
5.450819730758666992e-01
5.204917788505554199e-01
5.532786846160888672e-01
5.614753961563110352e-01
5.450819730758666992e-01
5.860655903816223145e-01
5.901639461517333984e-01
5.778688788414001465e-01
6.147540807723999023e-01
6.188524365425109863e-01
6.065573692321777344e-01
6.229507923126220703e-01
6.188524365425109863e-01
6.516393423080444336e-01
6.557376980781555176e-01
6.557376980781555176e-01
6.188524365425109863e-01
6.270492076873779297e-01
6.803278923034667969e-01
6.680327653884887695e-01
6.844262480735778809e-01
6.803278923034667969e-01
6.844262480735778809e-01
7.049180269241333008e-01
6.885246038436889648e-01
7.008196711540222168e-01
6.926229596138000488e-01
6.967213153839111328e-01
7.172130942344665527e-01
7.008196711540222168e-01
7.049180269241333008e-01
7.377049326896667480e-01
7.745901346206665039e-01
7.540983557701110840e-01
7.622950673103332520e-01
7.827869057655334473e-01
7.418032884597778320e-01
7.581967115402221680e-01
7.622950673103332520e-01
8.237704634666442871e-01
7.868852615356445312e-01
6.721311211585998535e-01
7.663934230804443359e-01
8.032786846160888672e-01
7.663934230804443359e-01
7.868852615356445312e-01
8.401639461517333984e-01
8.155737519264221191e-01
8.032786846160888672e-01
8.114753961563110352e-01
8.401639461517333984e-01
8.688524365425109863e-01
8.196721076965332031e-01
8.319672346115112305e-01
8.032786846160888672e-01
8.073770403861999512e-01
8.319672346115112305e-01
8.278688788414001465e-01
8.770492076873779297e-01
8.196721076965332031e-01
8.155737519264221191e-01
8.770492076873779297e-01
8.606557250022888184e-01
8.524590134620666504e-01
9.057376980781555176e-01
8.278688788414001465e-01
8.688524365425109863e-01
