8.625592589378356934e-01
8.838862776756286621e-01
9.174311757087707520e-01
9.320843219757080078e-01
9.297052025794982910e-01
9.305555820465087891e-01
9.367945790290832520e-01
9.377880096435546875e-01
9.440715909004211426e-01
9.414414167404174805e-01
9.593679308891296387e-01
9.444444179534912109e-01
9.508928656578063965e-01
9.452054500579833984e-01
9.227272868156433105e-01
9.579645991325378418e-01
8.188775777816772461e-01
9.535962939262390137e-01
9.798206090927124023e-01
9.756637215614318848e-01
9.867549538612365723e-01
9.934354424476623535e-01
9.956140518188476562e-01
9.933775067329406738e-01
1.000000000000000000e+00
9.319728016853332520e-01
9.279279112815856934e-01
9.230769276618957520e-01
9.671772718429565430e-01
9.800000190734863281e-01
9.867549538612365723e-01
9.890350699424743652e-01
9.934640526771545410e-01
9.251700639724731445e-01
9.642058014869689941e-01
9.760348796844482422e-01
9.804772138595581055e-01
9.735682606697082520e-01
9.450549483299255371e-01
9.356984496116638184e-01
9.646798968315124512e-01
9.601770043373107910e-01
9.648351669311523438e-01
9.956616163253784180e-01
9.913043379783630371e-01
9.890590906143188477e-01
9.890829920768737793e-01
9.362637400627136230e-01
9.399999976158142090e-01
9.891540408134460449e-01
