9.030836820602416992e-01
9.285714030265808105e-01
9.342105388641357422e-01
9.536423683166503906e-01
9.645232558250427246e-01
9.617977738380432129e-01
9.498910903930664062e-01
9.623894095420837402e-01
9.652928709983825684e-01
9.649122953414916992e-01
9.782134890556335449e-01
9.694989323616027832e-01
9.540481567382812500e-01
9.567099809646606445e-01
9.599999785423278809e-01
9.738562107086181641e-01
9.846491217613220215e-01
9.934640526771545410e-01
9.736841917037963867e-01
9.543478488922119141e-01
9.934354424476623535e-01
9.956803321838378906e-01
1.000000000000000000e+00
1.000000000000000000e+00
9.978355169296264648e-01
9.694322943687438965e-01
9.161148071289062500e-01
9.624723792076110840e-01
9.824561476707458496e-01
9.802197813987731934e-01
9.956616163253784180e-01
1.000000000000000000e+00
1.000000000000000000e+00
9.739696383476257324e-01
9.585152864456176758e-01
9.759825468063354492e-01
9.868131875991821289e-01
9.868420958518981934e-01
9.848484992980957031e-01
9.956803321838378906e-01
9.978355169296264648e-01
9.675324559211730957e-01
9.847826361656188965e-01
9.498910903930664062e-01
9.934924244880676270e-01
9.978355169296264648e-01
1.000000000000000000e+00
1.000000000000000000e+00
1.000000000000000000e+00
1.000000000000000000e+00
