8.874458670616149902e-01
9.004328846931457520e-01
9.220778942108154297e-01
9.350649118423461914e-01
9.415584206581115723e-01
9.264069199562072754e-01
9.437229633331298828e-01
9.415584206581115723e-01
9.632034897804260254e-01
9.523809552192687988e-01
9.718614816665649414e-01
9.632034897804260254e-01
9.437229633331298828e-01
9.567099809646606445e-01
9.350649118423461914e-01
9.675324559211730957e-01
9.718614816665649414e-01
9.870129823684692383e-01
9.610389471054077148e-01
9.502164721488952637e-01
9.826839566230773926e-01
9.978355169296264648e-01
9.956709742546081543e-01
1.000000000000000000e+00
9.978355169296264648e-01
9.610389471054077148e-01
8.982684016227722168e-01
9.437229633331298828e-01
9.696969985961914062e-01
9.653679728507995605e-01
9.935064911842346191e-01
1.000000000000000000e+00
9.978355169296264648e-01
9.718614816665649414e-01
9.502164721488952637e-01
9.675324559211730957e-01
9.718614816665649414e-01
9.740259647369384766e-01
9.848484992980957031e-01
9.978355169296264648e-01
9.978355169296264648e-01
9.675324559211730957e-01
9.805194735527038574e-01
9.437229633331298828e-01
9.913420081138610840e-01
9.978355169296264648e-01
1.000000000000000000e+00
1.000000000000000000e+00
1.000000000000000000e+00
1.000000000000000000e+00
