9.075630307197570801e-01
9.491525292396545410e-01
9.159663915634155273e-01
9.416666626930236816e-01
9.520000219345092773e-01
9.411764740943908691e-01
8.991596698760986328e-01
9.426229596138000488e-01
9.834710955619812012e-01
9.508196711540222168e-01
9.268292784690856934e-01
9.572649598121643066e-01
9.583333134651184082e-01
9.430894255638122559e-01
9.333333373069763184e-01
9.499999880790710449e-01
9.836065769195556641e-01
9.430894255638122559e-01
9.344262480735778809e-01
9.508196711540222168e-01
9.193548560142517090e-01
9.499999880790710449e-01
9.677419066429138184e-01
9.677419066429138184e-01
9.917355179786682129e-01
9.752066135406494141e-01
9.435483813285827637e-01
9.508196711540222168e-01
9.590163826942443848e-01
9.833333492279052734e-01
9.754098653793334961e-01
9.754098653793334961e-01
9.430894255638122559e-01
9.750000238418579102e-01
9.243697524070739746e-01
9.426229596138000488e-01
9.834710955619812012e-01
9.750000238418579102e-01
9.758064746856689453e-01
9.836065769195556641e-01
1.000000000000000000e+00
1.000000000000000000e+00
9.754098653793334961e-01
9.918032884597778320e-01
9.918032884597778320e-01
1.000000000000000000e+00
9.754098653793334961e-01
9.917355179786682129e-01
9.669421315193176270e-01
9.918032884597778320e-01
