3.220441678082620884e-02
1.525461550757695184e-02
1.343759891922079348e-02
5.686263276400204368e-03
8.105514507370872174e-03
7.262243371840770671e-03
7.577138672361679109e-03
5.308919317711703785e-03
2.546673111472788631e-03
6.913871444583123173e-03
8.899729117269973566e-03
8.189983190918213168e-03
4.157221674946498871e-03
6.888523989746726112e-03
3.001609501484363719e-03
8.774917844012351462e-03
2.841259670056322118e-03
2.578189982153901872e-03
5.929950537010220818e-03
5.542011474160519341e-03
1.386066780667622378e-03
5.012814961957233473e-03
4.370402812546123061e-03
1.376749841929957204e-02
5.806134399345356384e-03
2.167833486319089686e-03
2.406056632366310958e-03
7.764670764892351272e-03
3.749489979166609720e-03
1.477479065178871273e-03
2.907066202358028154e-03
4.862960629723030170e-03
5.882907183835469137e-03
4.326973137267838172e-03
4.274437532271132406e-03
2.082140033004757900e-03
1.826612004617334320e-03
5.315638795456858502e-03
3.461877188376278475e-03
8.684734429689433500e-04
7.508651316774561310e-04
5.628698668964870165e-03
1.459330766328897910e-02
3.819383993692269507e-03
9.275832094074920511e-04
1.385211729036164461e-03
2.742693725332678075e-03
3.870012861619252006e-03
5.304347884705130391e-03
9.917194273215499539e-04
