3.007518872618675232e-02
3.249999880790710449e-01
3.606557250022888184e-01
7.460317611694335938e-01
7.500000000000000000e-01
7.285714149475097656e-01
7.500000000000000000e-01
7.613636255264282227e-01
7.362637519836425781e-01
6.923077106475830078e-01
6.764705777168273926e-01
7.500000000000000000e-01
7.244898080825805664e-01
7.894737124443054199e-01
7.291666865348815918e-01
7.659574747085571289e-01
7.766990065574645996e-01
7.799999713897705078e-01
7.614678740501403809e-01
7.523809671401977539e-01
8.737863898277282715e-01
8.207547068595886230e-01
8.399999737739562988e-01
7.920792102813720703e-01
8.173077106475830078e-01
8.363636136054992676e-01
7.777777910232543945e-01
7.864077687263488770e-01
8.627451062202453613e-01
8.018018007278442383e-01
8.269230723381042480e-01
8.148148059844970703e-01
8.301886916160583496e-01
8.454545736312866211e-01
7.807017564773559570e-01
8.000000119209289551e-01
8.272727131843566895e-01
8.189654946327209473e-01
8.857142925262451172e-01
8.771929740905761719e-01
8.421052694320678711e-01
9.056603908538818359e-01
8.608695864677429199e-01
8.660714030265808105e-01
8.583333492279052734e-01
8.448275923728942871e-01
8.849557638168334961e-01
8.771929740905761719e-01
9.099099040031433105e-01
8.793103694915771484e-01
9.279279112815856934e-01
8.999999761581420898e-01
9.082568883895874023e-01
9.137930870056152344e-01
9.237288236618041992e-01
9.051724076271057129e-01
8.434782624244689941e-01
9.734513163566589355e-01
9.115044474601745605e-01
9.391304254531860352e-01
9.112903475761413574e-01
9.478260874748229980e-01
9.083333611488342285e-01
9.391304254531860352e-01
9.823008775711059570e-01
9.159663915634155273e-01
8.770492076873779297e-01
9.316239356994628906e-01
9.217391014099121094e-01
9.008264541625976562e-01
9.166666865348815918e-01
9.159663915634155273e-01
9.663865566253662109e-01
9.583333134651184082e-01
9.338843226432800293e-01
9.914529919624328613e-01
9.590163826942443848e-01
9.583333134651184082e-01
9.658119678497314453e-01
8.813559412956237793e-01
9.262295365333557129e-01
9.661017060279846191e-01
9.338843226432800293e-01
9.262295365333557129e-01
9.279999732971191406e-01
9.833333492279052734e-01
9.411764740943908691e-01
9.836065769195556641e-01
9.359999895095825195e-01
9.090909361839294434e-01
9.669421315193176270e-01
9.586777091026306152e-01
9.666666388511657715e-01
9.426229596138000488e-01
9.593495726585388184e-01
9.750000238418579102e-01
9.359999895095825195e-01
9.365079402923583984e-01
9.344262480735778809e-01
9.421487450599670410e-01
9.761904478073120117e-01
9.593495726585388184e-01
9.426229596138000488e-01
9.679999947547912598e-01
9.758064746856689453e-01
9.917355179786682129e-01
9.834710955619812012e-01
9.836065769195556641e-01
9.430894255638122559e-01
9.523809552192687988e-01
1.000000000000000000e+00
1.000000000000000000e+00
9.760000109672546387e-01
9.916666746139526367e-01
9.344262480735778809e-01
8.799999952316284180e-01
9.426229596138000488e-01
9.586777091026306152e-01
9.672130942344665527e-01
9.918032884597778320e-01
1.000000000000000000e+00
1.000000000000000000e+00
9.760000109672546387e-01
9.520000219345092773e-01
9.126983880996704102e-01
9.421487450599670410e-01
9.679999947547912598e-01
9.838709831237792969e-01
9.677419066429138184e-01
9.495798349380493164e-01
9.760000109672546387e-01
9.262295365333557129e-01
9.760000109672546387e-01
9.833333492279052734e-01
9.837398529052734375e-01
9.918699264526367188e-01
9.838709831237792969e-01
9.837398529052734375e-01
9.919354915618896484e-01
1.000000000000000000e+00
9.837398529052734375e-01
9.586777091026306152e-01
9.055117964744567871e-01
9.837398529052734375e-01
1.000000000000000000e+00
9.840000271797180176e-01
9.840000271797180176e-01
1.000000000000000000e+00
9.837398529052734375e-01
1.000000000000000000e+00
