3.558806003448074518e-01
1.081294294760749009e-01
1.107480120366152593e-01
8.454275188415850961e-02
9.051482532135940451e-02
8.077162620305369800e-02
7.383295982983899275e-02
7.259687057596163340e-02
7.342054632370635658e-02
6.498645303939445950e-02
6.213846837284946883e-02
6.495436831836265412e-02
6.136941300000640920e-02
5.294460598998814577e-02
6.373280043046047894e-02
4.859636017544179121e-02
4.531063919646372701e-02
5.087078401886577922e-02
4.729780840434635175e-02
4.892154076271341273e-02
4.322972777605701977e-02
4.386091019673026697e-02
4.279766933616518942e-02
4.264526128515382097e-02
3.721683361759871994e-02
3.926404996300426192e-02
4.904447294402887458e-02
4.137921887064570370e-02
3.653095035229601134e-02
3.324739431079307139e-02
3.345270354116345463e-02
3.283101832097985728e-02
3.338419870320024491e-02
2.943944001580427877e-02
3.729095989485305129e-02
2.974049181281967005e-02
3.444777894981222721e-02
3.142748151207883089e-02
2.605874435392720526e-02
3.015434141404068139e-02
2.595302305988857888e-02
2.366936296132398157e-02
2.621880600449311496e-02
2.541963268742714402e-02
2.634553509574939431e-02
2.068114183750939875e-02
2.245418890181292287e-02
2.187259321022499287e-02
2.117362236409618681e-02
2.215346779417871892e-02
2.001937931837126372e-02
2.187152759496868715e-02
1.380937185415051678e-02
1.269683770241888596e-02
1.281066792739781433e-02
1.315697287306569901e-02
1.429969223096609447e-02
1.283153527713764598e-02
1.397576146238330153e-02
1.637494769048202306e-02
1.460739974060714513e-02
1.181615538980123302e-02
1.764033440203742129e-02
1.218592249251734989e-02
9.372883160293898203e-03
1.212343312522622639e-02
1.111225025927862521e-02
1.071337639996659472e-02
1.009847894771930682e-02
8.557559675821561213e-03
7.641928922312949193e-03
9.965798125565571500e-03
6.119004709859308423e-03
8.922991657965260309e-03
1.216717534075503412e-02
1.334565166277380290e-02
1.092628298121326585e-02
9.519758712239591650e-03
7.204172794965700045e-03
8.111051156647267404e-03
7.432212040933210487e-03
9.998881110593054941e-03
9.022530600823294722e-03
6.831668490005191746e-03
8.788369281061875898e-03
5.040769823427093503e-03
6.405932153881241549e-03
1.194960785970633488e-02
4.400468877806960194e-03
5.577751015956179670e-03
1.144256184708790890e-02
6.548605655440275716e-03
2.921253980363575867e-03
3.156988120732190633e-03
6.235851645408441689e-03
1.500859518145763495e-02
3.784003498987780975e-03
3.460185256122546085e-03
7.113236226000998509e-03
9.383071372422339268e-03
5.901533256595333128e-03
5.561361815301414831e-03
9.355400616017854609e-03
9.875491454787494253e-03
6.157718960513423531e-03
2.706657530061399187e-03
6.315775137565373190e-03
4.244824796241592098e-03
7.359860442511806898e-03
1.807998379923645175e-03
2.833511494172121989e-03
2.839085009515902262e-03
2.551643573661022905e-03
4.832659204103691847e-03
9.740382598332011227e-03
4.310956268556191510e-03
2.243619657979452689e-03
5.273032305299031261e-03
1.700680667180812971e-03
6.093951054522443213e-03
6.908651281433426071e-03
6.020059842041535804e-03
9.136668350965314669e-03
7.963482800464894915e-03
3.279635419079432977e-03
4.108781529009221563e-03
5.564264175863842775e-03
1.000496215640429669e-02
4.892309589836565074e-03
6.629622816425090673e-03
2.457079032294838278e-03
1.198351052960658922e-03
1.183719649926772951e-03
1.154023890685339183e-03
1.213844596895937355e-03
1.302628194223959734e-03
1.114482779995079565e-03
1.064097773581195805e-03
1.156855787475408268e-03
1.190155171299438208e-03
1.075558057263758562e-02
5.921028962568433869e-03
9.347648671356427116e-03
6.932038193127775666e-03
4.080102046265944582e-03
2.030430650100837914e-03
4.399336563684017216e-03
4.820465667739406643e-03
6.549699751484479651e-03
1.086561082081173449e-03
