1.040000021457672119e-01
3.100000023841857910e-01
3.921568691730499268e-01
4.587155878543853760e-01
4.622641503810882568e-01
5.436893105506896973e-01
5.321100950241088867e-01
5.090909004211425781e-01
4.741379320621490479e-01
5.779816508293151855e-01
6.055045723915100098e-01
6.018518805503845215e-01
5.555555820465087891e-01
6.491228342056274414e-01
5.714285969734191895e-01
6.728972196578979492e-01
6.972476840019226074e-01
6.542056202888488770e-01
6.315789222717285156e-01
6.435643434524536133e-01
6.636363863945007324e-01
6.605504751205444336e-01
7.358490824699401855e-01
6.727272868156433105e-01
7.500000000000000000e-01
7.264150977134704590e-01
6.403508782386779785e-01
7.168141603469848633e-01
7.777777910232543945e-01
7.672413587570190430e-01
7.547169923782348633e-01
7.391304373741149902e-01
7.889908552169799805e-01
8.125000000000000000e-01
6.869565248489379883e-01
7.894737124443054199e-01
7.321428656578063965e-01
7.433628439903259277e-01
7.586206793785095215e-01
7.657657861709594727e-01
7.719298005104064941e-01
8.434782624244689941e-01
8.000000119209289551e-01
7.946428656578063965e-01
7.982456088066101074e-01
8.000000119209289551e-01
8.303571343421936035e-01
8.198198080062866211e-01
8.067227005958557129e-01
8.407079577445983887e-01
8.376068472862243652e-01
8.362069129943847656e-01
8.907563090324401855e-01
9.051724076271057129e-01
9.145299196243286133e-01
9.043478369712829590e-01
8.888888955116271973e-01
8.991596698760986328e-01
8.861788511276245117e-01
8.706896305084228516e-01
8.898305296897888184e-01
9.059829115867614746e-01
8.416666388511657715e-01
9.067796468734741211e-01
9.495798349380493164e-01
8.842975497245788574e-01
9.473684430122375488e-01
8.861788511276245117e-01
9.243697524070739746e-01
9.487179517745971680e-01
9.499999880790710449e-01
9.152542352676391602e-01
9.663865566253662109e-01
9.579831957817077637e-01
8.888888955116271973e-01
9.130434989929199219e-01
9.224137663841247559e-01
9.075630307197570801e-01
9.344262480735778809e-01
9.495798349380493164e-01
9.344262480735778809e-01
9.316239356994628906e-01
9.385964870452880859e-01
9.354838728904724121e-01
9.310345053672790527e-01
9.579831957817077637e-01
9.338843226432800293e-01
8.833333253860473633e-01
9.747899174690246582e-01
9.338843226432800293e-01
8.934426307678222656e-01
9.568965435028076172e-01
9.916666746139526367e-01
9.833333492279052734e-01
9.666666388511657715e-01
8.813559412956237793e-01
9.663865566253662109e-01
9.752066135406494141e-01
9.411764740943908691e-01
9.256198406219482422e-01
9.435483813285827637e-01
9.349593520164489746e-01
9.243697524070739746e-01
9.098360538482666016e-01
9.579831957817077637e-01
9.752066135406494141e-01
9.586777091026306152e-01
9.666666388511657715e-01
9.416666626930236816e-01
1.000000000000000000e+00
9.750000238418579102e-01
9.672130942344665527e-01
9.754098653793334961e-01
9.752066135406494141e-01
8.870967626571655273e-01
9.833333492279052734e-01
9.916666746139526367e-01
9.663865566253662109e-01
9.917355179786682129e-01
9.512194991111755371e-01
9.421487450599670410e-01
9.572649598121643066e-01
9.416666626930236816e-01
9.344262480735778809e-01
9.833333492279052734e-01
9.666666388511657715e-01
9.426229596138000488e-01
9.173553586006164551e-01
9.421487450599670410e-01
9.495798349380493164e-01
9.915966391563415527e-01
1.000000000000000000e+00
1.000000000000000000e+00
1.000000000000000000e+00
1.000000000000000000e+00
9.917355179786682129e-01
1.000000000000000000e+00
1.000000000000000000e+00
1.000000000000000000e+00
9.918032884597778320e-01
9.159663915634155273e-01
9.333333373069763184e-01
9.237288236618041992e-01
9.416666626930236816e-01
9.590163826942443848e-01
9.917355179786682129e-01
9.579831957817077637e-01
9.666666388511657715e-01
9.583333134651184082e-01
1.000000000000000000e+00
