6.720711441598874458e-01
2.344173912183127872e-01
1.852463558742543648e-01
1.801777607003380854e-01
1.734076949717429095e-01
1.555582446895849569e-01
1.628546216970958027e-01
1.414462739166473249e-01
1.333776534096973165e-01
1.496333514747598126e-01
1.445911940942018192e-01
1.319355454424909480e-01
1.318038871196459683e-01
1.196151090178936005e-01
1.142334994311210716e-01
1.195237160488754474e-01
1.120935984654708867e-01
1.183221875034752985e-01
1.058384175855322656e-01
1.165609022824540403e-01
9.999142434092869736e-02
1.085080760859902238e-01
9.771675554611251868e-02
9.780026942328237660e-02
1.002446991973187790e-01
9.231077145533492234e-02
1.073862023745236483e-01
9.111821231768836571e-02
1.009228066275284635e-01
9.034877695288626165e-02
8.606324755504181356e-02
8.888456269701301704e-02
8.489386362952500154e-02
8.884234828135081918e-02
8.477901379081370647e-02
8.254482066962014197e-02
8.103519482620892556e-02
7.642870780437974187e-02
7.378266990215996690e-02
7.033301724319476755e-02
7.541807856868647242e-02
6.615493260913987705e-02
7.089371568072959373e-02
6.468750943342316262e-02
7.402132803699243424e-02
6.754687827838336267e-02
5.902805679552070722e-02
6.017182478564160608e-02
6.400063705801982417e-02
5.950645700076529626e-02
5.447432813670931989e-02
5.224224777354202071e-02
5.564991111752082276e-02
6.401076428044089051e-02
5.338013231034138828e-02
4.664608822699475854e-02
4.979548762212055585e-02
4.805194408125330885e-02
5.340651898477669773e-02
4.352890495090985801e-02
4.006140198310394196e-02
3.963591446646134303e-02
3.883226236612628141e-02
3.602401848979118471e-02
4.039760936431101984e-02
3.851193401635551877e-02
3.743518661862559049e-02
3.708805593969232567e-02
3.878161749909393718e-02
3.034122588473222790e-02
4.201715950224835239e-02
3.008265990436174639e-02
2.906431167057126411e-02
3.523999265213065279e-02
3.092735892124995681e-02
2.925286901850396998e-02
2.064176747411538074e-02
3.533803176085722336e-02
3.322707940910448604e-02
1.941523500181003073e-02
2.313978463804148081e-02
2.428262139313418569e-02
2.281430959486954041e-02
1.882465463160213834e-02
2.568220798677183642e-02
1.550282345677623033e-02
1.854361338929922179e-02
1.797220008111854658e-02
1.696272535381196031e-02
3.134943801908543493e-02
1.788127699864416886e-02
1.886636862767108666e-02
1.671760217842851656e-02
2.597896100888893653e-02
1.710262743263155430e-02
1.640341519973822007e-02
1.438276820506927643e-02
1.139940611366839149e-02
1.683506979460976452e-02
1.547015889839808631e-02
1.097350404200529359e-02
1.742282859228160702e-02
1.116376506162100775e-02
1.098500906544125355e-02
1.267098131377101047e-02
9.787994098581340521e-03
1.464691813405223642e-02
7.846247420562606212e-03
1.311570378478121336e-02
2.105611072126381891e-02
1.916763132518568141e-02
7.928677964177167220e-03
7.864241731409532879e-03
4.491540363800308917e-03
1.359201475236703101e-02
1.683462248761878610e-02
9.350655766790560985e-03
2.080660347598967813e-02
1.555558370489673256e-02
9.949460606997305098e-03
4.223256549291991117e-03
3.062348325127897154e-03
8.065338170587334210e-03
5.099492859450468867e-03
4.229652461432825521e-03
4.289466929415975197e-03
9.197914497272136405e-03
1.906605694816534621e-02
2.475977270784301965e-02
2.387382771878448010e-02
6.449440148347594486e-03
4.457089115709562607e-03
6.735034772430250824e-03
2.891864651889088349e-03
4.211275916940732111e-03
7.437181779704634364e-03
9.614205261656435034e-03
2.017615442671440509e-02
1.004934045467834047e-02
3.045826842957012962e-03
2.563636003602062004e-03
2.304304108903675215e-03
2.009451781570644347e-03
1.750812197990598987e-03
1.814551940214456389e-03
1.805938139839128979e-03
1.753699626580232417e-03
1.628126004177236170e-03
2.232824184051021392e-03
5.522788060109450059e-02
