7.922705411911010742e-01
8.585858345031738281e-01
8.611111044883728027e-01
8.538812994956970215e-01
9.223300814628601074e-01
8.818181753158569336e-01
8.909090757369995117e-01
8.772727251052856445e-01
8.689956068992614746e-01
8.577777743339538574e-01
8.995434045791625977e-01
9.107142686843872070e-01
9.140271544456481934e-01
9.264069199562072754e-01
9.434782862663269043e-01
9.251101613044738770e-01
9.511111378669738770e-01
9.170305728912353516e-01
9.561403393745422363e-01
9.868420958518981934e-01
9.563318490982055664e-01
9.393939375877380371e-01
9.264069199562072754e-01
9.824561476707458496e-01
9.702127575874328613e-01
9.829787015914916992e-01
9.210526347160339355e-01
9.051724076271057129e-01
9.519650936126708984e-01
9.656652212142944336e-01
8.991596698760986328e-01
9.240506291389465332e-01
9.439654946327209473e-01
9.702127575874328613e-01
9.618644118309020996e-01
9.574468135833740234e-01
9.491525292396545410e-01
9.489361643791198730e-01
9.829787015914916992e-01
9.623430967330932617e-01
9.702127575874328613e-01
9.358974099159240723e-01
9.434782862663269043e-01
9.661017060279846191e-01
9.745762944221496582e-01
9.745762944221496582e-01
9.915611743927001953e-01
9.618644118309020996e-01
8.595744967460632324e-01
9.698275923728942871e-01
