6.890756487846374512e-01
7.142857313156127930e-01
7.815126180648803711e-01
7.857142686843872070e-01
7.983193397521972656e-01
8.151260614395141602e-01
8.235294222831726074e-01
8.109243512153625488e-01
8.361344337463378906e-01
8.109243512153625488e-01
8.277310729026794434e-01
8.571428656578063965e-01
8.487395048141479492e-01
8.991596698760986328e-01
9.117646813392639160e-01
8.823529481887817383e-01
8.991596698760986328e-01
8.823529481887817383e-01
9.159663915634155273e-01
9.453781247138977051e-01
9.201680421829223633e-01
9.117646813392639160e-01
8.991596698760986328e-01
9.411764740943908691e-01
9.579831957817077637e-01
9.705882072448730469e-01
8.823529481887817383e-01
8.823529481887817383e-01
9.159663915634155273e-01
9.453781247138977051e-01
8.991596698760986328e-01
9.201680421829223633e-01
9.201680421829223633e-01
9.579831957817077637e-01
9.537814855575561523e-01
9.453781247138977051e-01
9.411764740943908691e-01
9.369747638702392578e-01
9.705882072448730469e-01
9.663865566253662109e-01
9.579831957817077637e-01
9.201680421829223633e-01
9.117646813392639160e-01
9.579831957817077637e-01
9.663865566253662109e-01
9.663865566253662109e-01
9.873949289321899414e-01
9.537814855575561523e-01
8.487395048141479492e-01
9.453781247138977051e-01
