1.118881106376647949e-01
3.759999871253967285e-01
5.000000000000000000e-01
5.737704634666442871e-01
6.691729426383972168e-01
6.382978558540344238e-01
6.740740537643432617e-01
6.474820375442504883e-01
6.569343209266662598e-01
6.618704795837402344e-01
7.028985619544982910e-01
7.412587404251098633e-01
7.042253613471984863e-01
7.050359845161437988e-01
7.323943376541137695e-01
7.446808218955993652e-01
7.272727489471435547e-01
8.085106611251831055e-01
7.272727489471435547e-01
7.902097702026367188e-01
7.785714268684387207e-01
7.972028255462646484e-01
8.142856955528259277e-01
8.287671208381652832e-01
8.206896781921386719e-01
8.239436745643615723e-01
8.368794322013854980e-01
8.181818127632141113e-01
8.175675868988037109e-01
8.707482814788818359e-01
9.219858050346374512e-01
9.194630980491638184e-01
8.791946172714233398e-01
8.561643958091735840e-01
8.767123222351074219e-01
9.034482836723327637e-01
9.281045794486999512e-01
9.395973086357116699e-01
8.639456033706665039e-01
9.251700639724731445e-01
8.636363744735717773e-01
8.523489832878112793e-01
9.333333373069763184e-01
9.346405267715454102e-01
9.189189076423645020e-01
9.194630980491638184e-01
9.072847962379455566e-01
9.597315192222595215e-01
9.387755393981933594e-01
9.533333182334899902e-01
9.342105388641357422e-01
9.597315192222595215e-01
9.800000190734863281e-01
9.133333563804626465e-01
9.266666769981384277e-01
9.727891087532043457e-01
9.523809552192687988e-01
9.403973221778869629e-01
9.605262875556945801e-01
9.594594836235046387e-01
9.459459185600280762e-01
9.802631735801696777e-01
9.150326848030090332e-01
9.407894611358642578e-01
9.727891087532043457e-01
9.281045794486999512e-01
9.867549538612365723e-01
9.933333396911621094e-01
9.867549538612365723e-01
9.399999976158142090e-01
9.150326848030090332e-01
9.459459185600280762e-01
9.668874144554138184e-01
9.736841917037963867e-01
9.591836929321289062e-01
9.215686321258544922e-01
9.671052694320678711e-01
1.000000000000000000e+00
9.933775067329406738e-01
9.933775067329406738e-01
9.933775067329406738e-01
1.000000000000000000e+00
9.866666793823242188e-01
9.006622433662414551e-01
9.536423683166503906e-01
9.866666793823242188e-01
1.000000000000000000e+00
1.000000000000000000e+00
1.000000000000000000e+00
1.000000000000000000e+00
1.000000000000000000e+00
1.000000000000000000e+00
1.000000000000000000e+00
1.000000000000000000e+00
9.933775067329406738e-01
8.799999952316284180e-01
8.993288874626159668e-01
9.542483687400817871e-01
8.896104097366333008e-01
9.597315192222595215e-01
9.800000190734863281e-01
9.802631735801696777e-01
9.932885766029357910e-01
1.000000000000000000e+00
1.000000000000000000e+00
1.000000000000000000e+00
1.000000000000000000e+00
1.000000000000000000e+00
1.000000000000000000e+00
1.000000000000000000e+00
1.000000000000000000e+00
1.000000000000000000e+00
1.000000000000000000e+00
1.000000000000000000e+00
1.000000000000000000e+00
1.000000000000000000e+00
1.000000000000000000e+00
1.000000000000000000e+00
1.000000000000000000e+00
1.000000000000000000e+00
1.000000000000000000e+00
1.000000000000000000e+00
1.000000000000000000e+00
1.000000000000000000e+00
1.000000000000000000e+00
1.000000000000000000e+00
1.000000000000000000e+00
1.000000000000000000e+00
1.000000000000000000e+00
1.000000000000000000e+00
1.000000000000000000e+00
1.000000000000000000e+00
1.000000000000000000e+00
1.000000000000000000e+00
1.000000000000000000e+00
1.000000000000000000e+00
1.000000000000000000e+00
9.350649118423461914e-01
8.333333134651184082e-01
9.276315569877624512e-01
9.733333587646484375e-01
9.867549538612365723e-01
1.000000000000000000e+00
9.597315192222595215e-01
9.664429426193237305e-01
9.463087320327758789e-01
9.735099077224731445e-01
1.000000000000000000e+00
1.000000000000000000e+00
1.000000000000000000e+00
