1.059602648019790649e-01
3.112582862377166748e-01
4.437085986137390137e-01
4.635761678218841553e-01
5.894039869308471680e-01
5.960264801979064941e-01
6.026490330696105957e-01
5.960264801979064941e-01
5.960264801979064941e-01
6.092715263366699219e-01
6.423841118812561035e-01
7.019867300987243652e-01
6.622516512870788574e-01
6.490066051483154297e-01
6.887417435646057129e-01
6.953642368316650391e-01
6.887417435646057129e-01
7.549669146537780762e-01
6.887417435646057129e-01
7.483443617820739746e-01
7.218543291091918945e-01
7.549669146537780762e-01
7.549669146537780762e-01
8.013244867324829102e-01
7.880794405937194824e-01
7.748344540596008301e-01
7.814569473266601562e-01
7.748344540596008301e-01
8.013244867324829102e-01
8.476821184158325195e-01
8.609271645545959473e-01
9.072847962379455566e-01
8.675496578216552734e-01
8.278145790100097656e-01
8.476821184158325195e-01
8.675496578216552734e-01
9.403973221778869629e-01
9.271523356437683105e-01
8.410596251487731934e-01
9.006622433662414551e-01
8.807947039604187012e-01
8.410596251487731934e-01
9.271523356437683105e-01
9.470198750495910645e-01
9.006622433662414551e-01
9.072847962379455566e-01
9.072847962379455566e-01
9.470198750495910645e-01
9.139072895050048828e-01
9.470198750495910645e-01
9.403973221778869629e-01
9.470198750495910645e-01
9.735099077224731445e-01
9.072847962379455566e-01
9.205297827720642090e-01
9.470198750495910645e-01
9.271523356437683105e-01
9.403973221778869629e-01
9.668874144554138184e-01
9.403973221778869629e-01
9.271523356437683105e-01
9.867549538612365723e-01
9.271523356437683105e-01
9.470198750495910645e-01
9.470198750495910645e-01
9.403973221778869629e-01
9.867549538612365723e-01
9.867549538612365723e-01
9.867549538612365723e-01
9.337748289108276367e-01
9.271523356437683105e-01
9.271523356437683105e-01
9.668874144554138184e-01
9.801324605941772461e-01
9.337748289108276367e-01
9.337748289108276367e-01
9.735099077224731445e-01
9.867549538612365723e-01
9.933775067329406738e-01
9.933775067329406738e-01
9.933775067329406738e-01
9.933775067329406738e-01
9.801324605941772461e-01
9.006622433662414551e-01
9.536423683166503906e-01
9.801324605941772461e-01
1.000000000000000000e+00
1.000000000000000000e+00
1.000000000000000000e+00
1.000000000000000000e+00
1.000000000000000000e+00
1.000000000000000000e+00
1.000000000000000000e+00
1.000000000000000000e+00
9.933775067329406738e-01
8.741722106933593750e-01
8.874171972274780273e-01
9.668874144554138184e-01
9.072847962379455566e-01
9.470198750495910645e-01
9.735099077224731445e-01
9.867549538612365723e-01
9.801324605941772461e-01
1.000000000000000000e+00
1.000000000000000000e+00
1.000000000000000000e+00
1.000000000000000000e+00
1.000000000000000000e+00
1.000000000000000000e+00
1.000000000000000000e+00
1.000000000000000000e+00
1.000000000000000000e+00
1.000000000000000000e+00
1.000000000000000000e+00
1.000000000000000000e+00
1.000000000000000000e+00
1.000000000000000000e+00
1.000000000000000000e+00
1.000000000000000000e+00
1.000000000000000000e+00
1.000000000000000000e+00
1.000000000000000000e+00
1.000000000000000000e+00
1.000000000000000000e+00
1.000000000000000000e+00
1.000000000000000000e+00
1.000000000000000000e+00
1.000000000000000000e+00
1.000000000000000000e+00
1.000000000000000000e+00
1.000000000000000000e+00
1.000000000000000000e+00
1.000000000000000000e+00
1.000000000000000000e+00
1.000000000000000000e+00
1.000000000000000000e+00
1.000000000000000000e+00
9.536423683166503906e-01
7.947019934654235840e-01
9.337748289108276367e-01
9.668874144554138184e-01
9.867549538612365723e-01
1.000000000000000000e+00
9.470198750495910645e-01
9.536423683166503906e-01
9.337748289108276367e-01
9.735099077224731445e-01
1.000000000000000000e+00
1.000000000000000000e+00
1.000000000000000000e+00
