4.068688303384447591e-02
3.041926222100939034e-02
2.904169746043977485e-02
2.085048942732956392e-02
1.691461666692225391e-02
2.014763732412697822e-02
1.699061841788928467e-02
1.517738959408213191e-02
1.282225800664811739e-02
1.303315832474413391e-02
1.788089411648941321e-02
2.054227896770202677e-02
1.136734984001319670e-02
1.664123278333130493e-02
1.191085508572649679e-02
1.229316194943228836e-02
1.061554849806297871e-02
1.668126122105871925e-02
7.463874201193913642e-03
1.168366491046064250e-02
9.969051057954139358e-03
7.301625819000183600e-03
9.192718029023359133e-03
1.836381096872852572e-02
1.252955314206079078e-02
9.653992240077459777e-03
8.852342333973117414e-03
1.433796303808655692e-02
1.295435094839159779e-02
9.283721719526764546e-03
1.802203126899826549e-02
5.563791099027190316e-03
3.914478483859267638e-03
8.381389342023863598e-03
1.863606897608314356e-02
7.798286084484133858e-03
8.655714970970831632e-03
2.360401926820071203e-02
9.307828646548502866e-03
5.169072692411723693e-03
2.743031429570300279e-03
2.716228399465521644e-03
2.261368965876996585e-03
7.007184098189679980e-03
4.750703846969820017e-03
2.116163952033074322e-02
1.830459452393409792e-02
1.211535850007578428e-02
5.809760829526102940e-03
9.379171266303203830e-03
