8.921282887458801270e-01
9.210526347160339355e-01
9.037901163101196289e-01
9.556213021278381348e-01
9.648093581199645996e-01
9.389534592628479004e-01
9.507246613502502441e-01
9.537572264671325684e-01
9.654178619384765625e-01
9.553072452545166016e-01
9.340974092483520508e-01
9.287749528884887695e-01
9.713466763496398926e-01
9.425287246704101562e-01
9.602272510528564453e-01
9.634831547737121582e-01
9.659090638160705566e-01
9.426934123039245605e-01
9.716714024543762207e-01
9.715099930763244629e-01
9.774011373519897461e-01
9.774011373519897461e-01
9.746478796005249023e-01
9.314285516738891602e-01
9.576271176338195801e-01
9.715909361839294434e-01
9.717513918876647949e-01
9.549295902252197266e-01
9.573863744735717773e-01
9.688385128974914551e-01
9.425287246704101562e-01
9.887005686759948730e-01
9.943661689758300781e-01
9.716714024543762207e-01
9.342857003211975098e-01
9.857954382896423340e-01
9.745762944221496582e-01
9.090909361839294434e-01
9.660056829452514648e-01
9.887005686759948730e-01
9.916666746139526367e-01
9.916666746139526367e-01
9.972066879272460938e-01
9.775910377502441406e-01
9.859154820442199707e-01
9.320113062858581543e-01
9.484240412712097168e-01
9.549295902252197266e-01
9.859550595283508301e-01
9.661971926689147949e-01
