9.510337114334106445e-01
9.609967470169067383e-01
9.687500000000000000e-01
9.804560542106628418e-01
9.761646986007690430e-01
9.870967864990234375e-01
9.859762787818908691e-01
9.838013052940368652e-01
9.880823493003845215e-01
9.794594645500183105e-01
9.870410561561584473e-01
9.730021357536315918e-01
9.816810488700866699e-01
9.828141927719116211e-01
9.848812222480773926e-01
9.978517889976501465e-01
9.924892783164978027e-01
9.914070963859558105e-01
9.935483932495117188e-01
9.924731254577636719e-01
9.773463010787963867e-01
9.752953648567199707e-01
9.774193763732910156e-01
9.957035183906555176e-01
1.000000000000000000e+00
1.000000000000000000e+00
9.903017282485961914e-01
9.859913587570190430e-01
9.796355962753295898e-01
9.892588853836059570e-01
9.978563785552978516e-01
9.957264661788940430e-01
9.957173466682434082e-01
9.892473220825195312e-01
9.839055538177490234e-01
9.848974943161010742e-01
9.871244430541992188e-01
9.871520400047302246e-01
9.881847500801086426e-01
1.000000000000000000e+00
1.000000000000000000e+00
1.000000000000000000e+00
1.000000000000000000e+00
1.000000000000000000e+00
1.000000000000000000e+00
1.000000000000000000e+00
1.000000000000000000e+00
1.000000000000000000e+00
1.000000000000000000e+00
1.000000000000000000e+00
