1.546477675437927246e-01
2.905377149581909180e-01
3.918299376964569092e-01
4.472697079181671143e-01
4.706127643585205078e-01
4.922884404659271240e-01
5.010421276092529297e-01
5.189662575721740723e-01
5.177156925201416016e-01
5.377240777015686035e-01
5.302209258079528809e-01
5.593997240066528320e-01
5.543976426124572754e-01
5.664860606193542480e-01
5.710712671279907227e-01
5.773239135742187500e-01
5.694039463996887207e-01
5.910795927047729492e-01
5.873280763626098633e-01
5.981659293174743652e-01
5.823259949684143066e-01
6.177573800086975098e-01
6.048353314399719238e-01
6.148394942283630371e-01
6.190079450607299805e-01
6.106711030006408691e-01
6.240100264549255371e-01
6.319299936294555664e-01
6.319299936294555664e-01
6.198415756225585938e-01
6.352646946907043457e-01
6.323468089103698730e-01
6.523551344871520996e-01
6.477699279785156250e-01
6.594414114952087402e-01
6.619424819946289062e-01
6.706961393356323242e-01
6.540225148200988770e-01
6.665277481079101562e-01
6.731971502304077148e-01
6.807003021240234375e-01
6.694455742835998535e-01
6.915381550788879395e-01
6.894539594650268555e-01
6.915381550788879395e-01
6.840350031852722168e-01
6.902876496315002441e-01
7.052938938140869141e-01
7.194664478302001953e-01
7.123801708221435547e-01
7.052938938140869141e-01
6.994581222534179688e-01
7.119632959365844727e-01
7.165485620498657227e-01
7.265527248382568359e-01
7.294706106185913086e-01
7.336390018463134766e-01
7.386410832405090332e-01
7.344726920127868652e-01
7.461442351341247559e-01
7.519800066947937012e-01
7.403084635734558105e-01
7.457273602485656738e-01
7.523968219757080078e-01
7.511463165283203125e-01
7.590662837028503418e-01
7.611504793167114258e-01
7.611504793167114258e-01
7.699041366577148438e-01
7.678199410438537598e-01
7.682367563247680664e-01
7.849103808403015137e-01
7.799082994461059570e-01
7.869945764541625977e-01
7.778241038322448730e-01
7.824093103408813477e-01
7.994998097419738770e-01
7.990829348564147949e-01
8.070029020309448242e-01
7.974156141281127930e-01
8.103376626968383789e-01
8.190912604331970215e-01
8.303459882736206055e-01
8.220091462135314941e-01
8.395164608955383301e-01
8.328469991683959961e-01
8.382659554481506348e-01
8.407669663429260254e-01
8.357648849487304688e-01
8.536890149116516113e-01
8.582742810249328613e-01
8.528553843498229980e-01
8.657774329185485840e-01
8.682784438133239746e-01
8.749479055404663086e-01
8.757815957069396973e-01
8.749479055404663086e-01
8.724468350410461426e-01
8.853688836097717285e-01
8.924551606178283691e-01
8.970404267311096191e-01
9.045435786247253418e-01
8.974573016166687012e-01
9.124635457992553711e-01
9.099624752998352051e-01
9.149645566940307617e-01
9.145477414131164551e-01
9.308044910430908203e-01
9.070445895195007324e-01
9.057940840721130371e-01
9.333055615425109863e-01
9.524801969528198242e-01
9.462276101112365723e-01
9.262192845344543457e-01
9.374739527702331543e-01
9.312213659286499023e-01
9.524801969528198242e-01
9.470613002777099609e-01
9.512296915054321289e-01
9.566485881805419922e-01
9.462276101112365723e-01
9.420592188835144043e-01
9.649854302406311035e-01
9.595664739608764648e-01
9.412255287170410156e-01
9.553980827331542969e-01
9.708212018013000488e-01
9.862442612648010254e-01
9.733222126960754395e-01
9.216340184211730957e-01
9.729053974151611328e-01
9.816589951515197754e-01
9.758232831954956055e-01
9.387244582176208496e-01
9.591496586799621582e-01
9.783242940902709961e-01
9.629012346267700195e-01
9.687369465827941895e-01
9.770737886428833008e-01
9.829095602035522461e-01
9.424760341644287109e-01
9.695706367492675781e-01
9.766569137573242188e-01
9.820758700370788574e-01
9.524801969528198242e-01
9.812421798706054688e-01
9.808253645896911621e-01
9.583159685134887695e-01
9.749895930290222168e-01
9.716548323631286621e-01
