5.681818351149559021e-03
3.361344709992408752e-02
1.904761977493762970e-02
7.142857462167739868e-02
2.352941222488880157e-02
8.571428805589675903e-02
1.379310339689254761e-01
1.463414579629898071e-01
1.044776141643524170e-01
2.647058963775634766e-01
2.191780805587768555e-01
2.183908075094223022e-01
2.812500000000000000e-01
3.098591566085815430e-01
3.058823645114898682e-01
3.571428656578063965e-01
3.529411852359771729e-01
4.044943749904632568e-01
3.529411852359771729e-01
4.220183491706848145e-01
3.942307829856872559e-01
4.687500000000000000e-01
5.051546096801757812e-01
4.954128563404083252e-01
5.688073635101318359e-01
4.910714328289031982e-01
5.135135054588317871e-01
5.929203629493713379e-01
5.461538434028625488e-01
5.230769515037536621e-01
5.892857313156127930e-01
6.115702390670776367e-01
5.303030014038085938e-01
6.422764062881469727e-01
6.124030947685241699e-01
6.115108132362365723e-01
6.148148179054260254e-01
6.122449040412902832e-01
6.569343209266662598e-01
6.209150552749633789e-01
6.225165724754333496e-01
6.575342416763305664e-01
6.688311696052551270e-01
6.853147149085998535e-01
6.849315166473388672e-01
6.265822649002075195e-01
7.037037014961242676e-01
7.046979665756225586e-01
6.898733973503112793e-01
7.972972989082336426e-01
7.484662532806396484e-01
7.987012863159179688e-01
7.457627058029174805e-01
7.594936490058898926e-01
7.317073345184326172e-01
8.011695742607116699e-01
7.777777910232543945e-01
7.954545617103576660e-01
8.202247023582458496e-01
8.000000119209289551e-01
8.270270228385925293e-01
7.923497557640075684e-01
8.072916865348815918e-01
8.162162303924560547e-01
8.306010961532592773e-01
8.469945192337036133e-01
7.989417910575866699e-01
8.249999880790710449e-01
7.950000166893005371e-01
8.149999976158142090e-01
8.415841460227966309e-01
8.484848737716674805e-01
8.426395654678344727e-01
8.454106450080871582e-01
8.872548937797546387e-01
8.632075190544128418e-01
8.750000000000000000e-01
8.861386179924011230e-01
8.254716992378234863e-01
8.970588445663452148e-01
8.418604731559753418e-01
8.940092325210571289e-01
8.930232524871826172e-01
8.727272748947143555e-01
8.738317489624023438e-01
8.687782883644104004e-01
8.853210806846618652e-01
9.192824959754943848e-01
9.212962985038757324e-01
8.903508782386779785e-01
8.511627912521362305e-01
9.181818366050720215e-01
9.267241358757019043e-01
8.798283338546752930e-01
8.977777957916259766e-01
9.234042763710021973e-01
9.247787594795227051e-01
9.401709437370300293e-01
8.787878751754760742e-01
8.695651888847351074e-01
9.319148659706115723e-01
9.208333492279052734e-01
8.658008575439453125e-01
8.961039185523986816e-01
9.704641103744506836e-01
9.322034120559692383e-01
9.322034120559692383e-01
9.451476931571960449e-01
8.793103694915771484e-01
9.497907757759094238e-01
9.699570536613464355e-01
9.628099203109741211e-01
9.579831957817077637e-01
9.367088675498962402e-01
9.426229596138000488e-01
9.527897238731384277e-01
9.666666388511657715e-01
9.125000238418579102e-01
9.330543875694274902e-01
9.322034120559692383e-01
9.087136983871459961e-01
9.516128897666931152e-01
9.333333373069763184e-01
9.453781247138977051e-01
9.221311211585998535e-01
9.297520518302917480e-01
9.590163826942443848e-01
8.897958993911743164e-01
9.380165338516235352e-01
9.710744023323059082e-01
9.669421315193176270e-01
9.796748161315917969e-01
9.306122660636901855e-01
9.017093777656555176e-01
9.624999761581420898e-01
9.428571462631225586e-01
9.250000119209289551e-01
9.593495726585388184e-01
9.458333253860473633e-01
9.497907757759094238e-01
9.173553586006164551e-01
9.754098653793334961e-01
9.918699264526367188e-01
9.918367266654968262e-01
9.465020298957824707e-01
9.128630757331848145e-01
9.514170289039611816e-01
9.674796462059020996e-01
9.629629850387573242e-01
9.211618304252624512e-01
