2.031699467410044702e-02
1.520883589620145200e-02
1.454642480187051841e-02
8.199686425954481189e-03
1.020294615846885009e-02
6.844701083409056482e-03
8.102827719578408958e-03
8.392022265739340972e-03
7.176975833435023620e-03
7.867793812823813127e-03
5.035797059492762989e-03
6.716153155583729807e-03
7.634329663233778256e-03
7.959600729880059872e-03
2.631049085972428717e-03
5.473723067091353089e-03
4.430444168603250681e-03
5.530369048199867965e-03
5.098497627631812419e-03
6.091989690935987155e-03
3.003967158447400781e-03
3.981291258692156755e-03
5.696660715132974631e-03
5.486145290551160819e-03
2.126408160061986873e-03
1.146095511445895153e-03
2.626360429759509556e-03
3.526404170929515677e-03
1.760856982314064605e-03
2.314835487903086318e-03
7.758031804503531803e-03
4.119624655743468755e-03
5.575704731083887776e-03
8.650284645951454923e-03
3.013010978700891157e-03
3.707663749738280071e-03
5.633922501943273813e-03
5.288819386596789462e-03
1.201161685632361718e-03
7.126875675235833790e-03
4.077048549534463724e-03
2.357882615501149127e-03
1.148387299665471102e-03
2.976577493094904533e-03
5.658764853837272742e-03
1.929256591788505422e-03
3.949883166019576078e-03
7.715027521750461581e-03
5.005749671238101002e-03
1.661054626989019213e-03
