1.204819232225418091e-02
2.290076389908790588e-02
3.614457696676254272e-02
1.369863003492355347e-02
2.941176481544971466e-02
1.960784383118152618e-02
1.025641039013862610e-01
9.090909361839294434e-02
7.500000298023223877e-02
9.090909361839294434e-02
5.000000074505805969e-02
1.212121248245239258e-01
5.714285746216773987e-02
1.666666716337203979e-01
1.224489808082580566e-01
2.051282078027725220e-01
1.590909063816070557e-01
2.391304373741149902e-01
2.333333343267440796e-01
3.469387888908386230e-01
3.584905564785003662e-01
3.090909123420715332e-01
3.799999952316284180e-01
4.062500000000000000e-01
4.062500000000000000e-01
5.185185074806213379e-01
3.924050629138946533e-01
4.666666686534881592e-01
3.974359035491943359e-01
5.373134613037109375e-01
5.394737124443054199e-01
4.936708807945251465e-01
5.316455960273742676e-01
5.795454382896423340e-01
5.333333611488342285e-01
5.465116500854492188e-01
5.432098507881164551e-01
5.749999880790710449e-01
5.104166865348815918e-01
6.395348906517028809e-01
6.483516693115234375e-01
6.860465407371520996e-01
5.500000119209289551e-01
5.978260636329650879e-01
5.643564462661743164e-01
6.122449040412902832e-01
7.171717286109924316e-01
6.481481194496154785e-01
6.634615659713745117e-01
6.944444179534912109e-01
6.842105388641357422e-01
6.721311211585998535e-01
6.782608628273010254e-01
6.608695387840270996e-01
7.017543911933898926e-01
7.603305578231811523e-01
7.039999961853027344e-01
7.586206793785095215e-01
7.265625000000000000e-01
7.016128897666931152e-01
7.357142567634582520e-01
7.760000228881835938e-01
7.950819730758666992e-01
7.637795209884643555e-01
7.925925850868225098e-01
7.557252049446105957e-01
7.481481432914733887e-01
6.944444179534912109e-01
8.230769038200378418e-01
7.971014380455017090e-01
7.586206793785095215e-01
7.676056623458862305e-01
8.214285969734191895e-01
7.687074542045593262e-01
8.188405632972717285e-01
8.164557218551635742e-01
7.654321193695068359e-01
8.187500238418579102e-01
8.000000119209289551e-01
8.231707215309143066e-01
7.888198494911193848e-01
8.255813717842102051e-01
8.083832263946533203e-01
7.975460290908813477e-01
8.284023404121398926e-01
8.554913401603698730e-01
7.932960987091064453e-01
8.579881787300109863e-01
8.757396340370178223e-01
8.700565099716186523e-01
8.201057910919189453e-01
8.313953280448913574e-01
8.457446694374084473e-01
8.342541456222534180e-01
8.729282021522521973e-01
8.457446694374084473e-01
8.626373410224914551e-01
8.578947186470031738e-01
8.263157606124877930e-01
8.191489577293395996e-01
8.624338507652282715e-01
9.175257682800292969e-01
9.059405922889709473e-01
9.047619104385375977e-01
8.367347121238708496e-01
8.979591727256774902e-01
8.926829099655151367e-01
8.769230842590332031e-01
8.669950962066650391e-01
8.949999809265136719e-01
8.514851331710815430e-01
9.215686321258544922e-01
9.195979833602905273e-01
8.932038545608520508e-01
8.333333134651184082e-01
9.095477461814880371e-01
9.292929172515869141e-01
9.371980428695678711e-01
8.516746163368225098e-01
9.009901285171508789e-01
9.038461446762084961e-01
8.926829099655151367e-01
8.792270421981811523e-01
9.380952119827270508e-01
9.150943160057067871e-01
9.178743958473205566e-01
9.439252614974975586e-01
9.027777910232543945e-01
9.575471878051757812e-01
9.069767594337463379e-01
8.942307829856872559e-01
9.530516266822814941e-01
9.205607771873474121e-01
9.154929518699645996e-01
9.099525809288024902e-01
9.357798099517822266e-01
9.205607771873474121e-01
8.990825414657592773e-01
9.383886456489562988e-01
9.537037014961242676e-01
8.858447670936584473e-01
9.130434989929199219e-01
9.069767594337463379e-01
9.677419066429138184e-01
9.775784611701965332e-01
9.680365324020385742e-01
9.227272868156433105e-01
9.216589927673339844e-01
9.729729890823364258e-01
8.807339668273925781e-01
