1.293103396892547607e-01
3.944954276084899902e-01
4.736842215061187744e-01
5.391304492950439453e-01
4.666666686534881592e-01
5.158730149269104004e-01
5.087719559669494629e-01
6.785714030265808105e-01
6.315789222717285156e-01
7.931034564971923828e-01
7.079645991325378418e-01
6.818181872367858887e-01
6.964285969734191895e-01
6.810345053672790527e-01
7.094017267227172852e-01
7.807017564773559570e-01
7.563025355339050293e-01
6.451612710952758789e-01
7.416666746139526367e-01
7.711864113807678223e-01
7.478991746902465820e-01
7.948718070983886719e-01
8.017241358757019043e-01
8.099173307418823242e-01
8.454545736312866211e-01
7.583333253860473633e-01
7.699115276336669922e-01
7.881355881690979004e-01
7.459016442298889160e-01
8.067227005958557129e-01
7.758620977401733398e-01
7.966101765632629395e-01
8.434782624244689941e-01
8.319327831268310547e-01
8.706896305084228516e-01
8.620689511299133301e-01
7.627118825912475586e-01
9.051724076271057129e-01
8.487395048141479492e-01
8.559321761131286621e-01
8.739495873451232910e-01
8.943089246749877930e-01
8.898305296897888184e-01
8.739495873451232910e-01
8.916666507720947266e-01
8.455284833908081055e-01
8.623853325843811035e-01
8.416666388511657715e-01
8.888888955116271973e-01
8.333333134651184082e-01
8.907563090324401855e-01
8.916666507720947266e-01
9.051724076271057129e-01
9.495798349380493164e-01
8.925619721412658691e-01
8.943089246749877930e-01
8.728813529014587402e-01
8.086956739425659180e-01
9.152542352676391602e-01
8.907563090324401855e-01
9.217391014099121094e-01
9.075630307197570801e-01
8.770492076873779297e-01
9.333333373069763184e-01
9.338843226432800293e-01
9.105691313743591309e-01
9.166666865348815918e-01
9.250000119209289551e-01
8.943089246749877930e-01
9.008264541625976562e-01
9.008264541625976562e-01
8.925619721412658691e-01
9.406779408454895020e-01
9.359999895095825195e-01
9.669421315193176270e-01
9.186992049217224121e-01
9.568965435028076172e-01
9.193548560142517090e-01
9.491525292396545410e-01
9.193548560142517090e-01
9.508196711540222168e-01
8.823529481887817383e-01
8.852459192276000977e-01
9.243697524070739746e-01
9.593495726585388184e-01
9.411764740943908691e-01
9.435483813285827637e-01
9.666666388511657715e-01
9.206349253654479980e-01
9.256198406219482422e-01
9.268292784690856934e-01
9.504132270812988281e-01
9.186992049217224121e-01
9.075630307197570801e-01
8.925619721412658691e-01
9.661017060279846191e-01
9.672130942344665527e-01
9.593495726585388184e-01
9.754098653793334961e-01
8.455284833908081055e-01
9.754098653793334961e-01
9.344262480735778809e-01
1.000000000000000000e+00
9.837398529052734375e-01
9.756097793579101562e-01
9.674796462059020996e-01
9.430894255638122559e-01
9.674796462059020996e-01
9.435483813285827637e-01
9.316239356994628906e-01
9.758064746856689453e-01
9.754098653793334961e-01
9.504132270812988281e-01
9.435483813285827637e-01
9.349593520164489746e-01
9.268292784690856934e-01
9.837398529052734375e-01
9.758064746856689453e-01
9.919354915618896484e-01
1.000000000000000000e+00
9.672130942344665527e-01
8.521739244461059570e-01
7.886179089546203613e-01
9.193548560142517090e-01
9.487179517745971680e-01
9.416666626930236816e-01
9.663865566253662109e-01
9.349593520164489746e-01
9.344262480735778809e-01
9.674796462059020996e-01
9.499999880790710449e-01
9.250000119209289551e-01
9.440000057220458984e-01
1.000000000000000000e+00
9.674796462059020996e-01
1.000000000000000000e+00
9.917355179786682129e-01
9.674796462059020996e-01
9.834710955619812012e-01
1.000000000000000000e+00
9.838709831237792969e-01
9.918699264526367188e-01
9.677419066429138184e-01
9.672130942344665527e-01
9.008264541625976562e-01
8.080000281333923340e-01
8.823529481887817383e-01
9.349593520164489746e-01
9.674796462059020996e-01
9.836065769195556641e-01
