1.219512224197387695e-01
3.495934903621673584e-01
4.390243887901306152e-01
5.040650367736816406e-01
4.552845656871795654e-01
5.284552574157714844e-01
4.715447127819061279e-01
6.178861856460571289e-01
5.853658318519592285e-01
7.479674816131591797e-01
6.504064798355102539e-01
6.097561120986938477e-01
6.341463327407836914e-01
6.422764062881469727e-01
6.747967600822448730e-01
7.235772609710693359e-01
7.317073345184326172e-01
6.504064798355102539e-01
7.235772609710693359e-01
7.398374080657958984e-01
7.235772609710693359e-01
7.560975551605224609e-01
7.560975551605224609e-01
7.967479825019836426e-01
7.560975551605224609e-01
7.398374080657958984e-01
7.073170542716979980e-01
7.560975551605224609e-01
7.398374080657958984e-01
7.804877758026123047e-01
7.317073345184326172e-01
7.642276287078857422e-01
7.886179089546203613e-01
8.048780560493469238e-01
8.211382031440734863e-01
8.130081295967102051e-01
7.317073345184326172e-01
8.536585569381713867e-01
8.211382031440734863e-01
8.211382031440734863e-01
8.455284833908081055e-01
8.943089246749877930e-01
8.536585569381713867e-01
8.455284833908081055e-01
8.699187040328979492e-01
8.455284833908081055e-01
7.642276287078857422e-01
8.211382031440734863e-01
8.455284833908081055e-01
8.130081295967102051e-01
8.617886304855346680e-01
8.699187040328979492e-01
8.536585569381713867e-01
9.186992049217224121e-01
8.780487775802612305e-01
8.943089246749877930e-01
8.373983502388000488e-01
7.560975551605224609e-01
8.780487775802612305e-01
8.617886304855346680e-01
8.617886304855346680e-01
8.780487775802612305e-01
8.699187040328979492e-01
9.105691313743591309e-01
9.186992049217224121e-01
9.105691313743591309e-01
8.943089246749877930e-01
9.024389982223510742e-01
8.943089246749877930e-01
8.861788511276245117e-01
8.861788511276245117e-01
8.780487775802612305e-01
9.024389982223510742e-01
9.512194991111755371e-01
9.512194991111755371e-01
9.186992049217224121e-01
9.024389982223510742e-01
9.268292784690856934e-01
9.105691313743591309e-01
9.268292784690856934e-01
9.430894255638122559e-01
8.536585569381713867e-01
8.780487775802612305e-01
8.943089246749877930e-01
9.593495726585388184e-01
9.105691313743591309e-01
9.512194991111755371e-01
9.430894255638122559e-01
9.430894255638122559e-01
9.105691313743591309e-01
9.268292784690856934e-01
9.349593520164489746e-01
9.186992049217224121e-01
8.780487775802612305e-01
8.780487775802612305e-01
9.268292784690856934e-01
9.593495726585388184e-01
9.593495726585388184e-01
9.674796462059020996e-01
8.455284833908081055e-01
9.674796462059020996e-01
9.268292784690856934e-01
9.918699264526367188e-01
9.837398529052734375e-01
9.756097793579101562e-01
9.674796462059020996e-01
9.430894255638122559e-01
9.674796462059020996e-01
9.512194991111755371e-01
8.861788511276245117e-01
9.837398529052734375e-01
9.674796462059020996e-01
9.349593520164489746e-01
9.512194991111755371e-01
9.349593520164489746e-01
9.268292784690856934e-01
9.837398529052734375e-01
9.837398529052734375e-01
1.000000000000000000e+00
9.918699264526367188e-01
9.593495726585388184e-01
7.967479825019836426e-01
7.886179089546203613e-01
9.268292784690856934e-01
9.024389982223510742e-01
9.186992049217224121e-01
9.349593520164489746e-01
9.349593520164489746e-01
9.268292784690856934e-01
9.674796462059020996e-01
9.268292784690856934e-01
9.024389982223510742e-01
9.593495726585388184e-01
9.918699264526367188e-01
9.674796462059020996e-01
1.000000000000000000e+00
9.756097793579101562e-01
9.674796462059020996e-01
9.674796462059020996e-01
1.000000000000000000e+00
9.918699264526367188e-01
9.918699264526367188e-01
9.756097793579101562e-01
9.593495726585388184e-01
8.861788511276245117e-01
8.211382031440734863e-01
8.536585569381713867e-01
9.349593520164489746e-01
9.674796462059020996e-01
9.756097793579101562e-01
