3.778861677955730469e-01
1.039515173199006687e-01
7.757581248824628462e-02
7.273816194559291903e-02
6.839015133988554651e-02
7.349556621469614803e-02
5.753579856324345099e-02
5.781505135774787918e-02
6.476125649425552855e-02
5.830708082796853126e-02
5.334565885304724808e-02
5.299920923857182053e-02
5.107785134674565353e-02
5.398539192810156151e-02
4.099265743237442278e-02
4.072301372962429389e-02
4.436623930668032872e-02
4.078211126292111133e-02
4.050669356435263047e-02
3.401860057808932941e-02
3.324702055525389360e-02
3.975302267596317329e-02
2.930558793782453431e-02
3.254610258481681340e-02
2.871589415644012350e-02
3.040731214356799314e-02
3.407324355303879143e-02
2.748209543035678298e-02
2.826343993161390192e-02
2.598762464664709435e-02
2.533257570434204256e-02
2.400050472102322266e-02
1.786460161055655749e-02
2.161127686159395461e-02
2.397601585252927617e-02
2.245796008947339301e-02
2.376478880989108672e-02
1.744471913057681761e-02
2.561369767969487107e-02
1.515469661272949957e-02
2.073192661960375147e-02
1.848555454911007118e-02
1.396209315378691557e-02
1.306126869988188249e-02
2.141041514515443916e-02
1.707483399107931690e-02
1.171678067577174541e-02
1.568890210571957308e-02
1.141614760928138204e-02
1.019718150946312754e-02
7.126634258197353002e-03
9.978196988380285543e-03
1.311113928904008089e-02
8.170117524772082737e-03
1.075011002514326443e-02
1.354552199567403414e-02
1.506908076964990142e-02
6.217999580929706345e-03
1.325516477665641610e-02
5.153576051182675276e-03
4.270541915651540794e-03
6.937424620081173235e-03
1.222245654302918719e-02
1.186841891468141258e-02
2.289078049503853046e-02
7.944178539809523126e-03
6.929161036236375533e-03
3.691379457925223189e-03
3.574863464460900468e-03
3.411280013618798405e-03
3.301364935026169980e-03
3.232360682023792571e-03
3.132053880577920137e-03
3.049082103733051496e-03
2.962799533792648439e-03
2.879225389477730029e-03
2.802310469938814122e-03
2.705616834095626866e-03
2.636137941996756842e-03
2.532777329547171181e-03
2.445309970177827943e-03
2.358711589060644327e-03
2.271124666831420176e-03
2.187247120382407404e-03
1.608877703985908333e-02
2.766720413825666039e-02
8.859603767669969876e-03
1.367064037556517224e-02
1.030124149909678044e-02
5.518068268579342031e-03
8.117993793057420512e-03
3.409021318321222172e-03
3.711155696839516047e-03
2.464827261298261837e-03
9.516374020329969666e-03
3.148152170882297443e-03
1.110277506508276953e-02
2.789114596044391884e-03
1.887295572220752974e-03
1.776545941771452307e-03
1.759090246673797970e-03
1.741456784737481760e-03
1.706572408891005857e-03
1.675363210550193842e-03
1.647145150196109922e-03
1.619076998267252824e-03
1.832087128020688793e-02
7.427215936592683650e-03
1.048128659117305087e-02
8.874424914031352890e-03
9.181658979996822068e-03
2.292064819282859777e-03
3.235025376205802935e-03
2.325409798122156108e-03
1.754577661175643968e-03
1.563972319937343607e-03
1.534354800686209969e-03
1.477707561883704040e-03
1.455870188925786641e-03
1.439872246702126636e-03
5.249022502752186126e-03
1.052995403029220560e-02
1.890060379803207985e-02
2.956070722796299687e-03
1.528993793809461064e-03
1.395778866793375220e-03
2.628603414649506326e-03
3.557942616289160032e-03
6.322092616758656809e-03
9.037153208960544207e-03
3.236989693633277564e-03
2.436448714951736181e-03
3.138333601723300188e-03
2.796179785623696939e-03
3.388799046367987639e-03
6.038646173635008225e-03
4.480611630631511216e-03
2.266587078499047135e-03
1.305125457520345689e-03
1.268222601450609858e-03
5.949659951611101054e-03
3.161662012532506696e-03
1.272569797255246717e-03
1.249698024967896932e-03
1.224919833614874273e-03
1.212609545459594719e-03
1.198714543738528841e-03
1.201306552629275316e-03
1.199410401874520787e-03
1.156593877075458516e-03
