4.761904850602149963e-02
3.240740597248077393e-01
5.080645084381103516e-01
5.714285969734191895e-01
5.839999914169311523e-01
5.522388219833374023e-01
6.434108614921569824e-01
6.818181872367858887e-01
6.564885377883911133e-01
6.814814805984497070e-01
6.814814805984497070e-01
7.071428298950195312e-01
6.928571462631225586e-01
6.766917109489440918e-01
7.819548845291137695e-01
7.625899314880371094e-01
7.720588445663452148e-01
7.898550629615783691e-01
7.862595319747924805e-01
8.195488452911376953e-01
8.540145754814147949e-01
8.014705777168273926e-01
8.428571224212646484e-01
8.175182342529296875e-01
8.920863270759582520e-01
8.428571224212646484e-01
7.928571701049804688e-01
8.500000238418579102e-01
8.897058963775634766e-01
8.840579986572265625e-01
8.714285492897033691e-01
8.928571343421936035e-01
9.477611780166625977e-01
8.802816867828369141e-01
8.633093237876892090e-01
8.848921060562133789e-01
8.741258978843688965e-01
9.219858050346374512e-01
8.832116723060607910e-01
9.347826242446899414e-01
8.999999761581420898e-01
8.958333134651184082e-01
9.361702203750610352e-01
9.370629191398620605e-01
8.591549396514892578e-01
8.928571343421936035e-01
9.305555820465087891e-01
9.154929518699645996e-01
9.499999880790710449e-01
9.645389914512634277e-01
9.791666865348815918e-01
9.452054500579833984e-01
9.172413945198059082e-01
9.860140085220336914e-01
9.571428298950195312e-01
9.084507226943969727e-01
9.357143044471740723e-01
9.724137783050537109e-01
9.034482836723327637e-01
9.793103337287902832e-01
1.000000000000000000e+00
9.790209531784057617e-01
9.230769276618957520e-01
9.178082346916198730e-01
8.417266011238098145e-01
9.714285731315612793e-01
9.722222089767456055e-01
1.000000000000000000e+00
1.000000000000000000e+00
1.000000000000000000e+00
1.000000000000000000e+00
1.000000000000000000e+00
1.000000000000000000e+00
1.000000000000000000e+00
1.000000000000000000e+00
1.000000000000000000e+00
1.000000000000000000e+00
1.000000000000000000e+00
1.000000000000000000e+00
1.000000000000000000e+00
1.000000000000000000e+00
1.000000000000000000e+00
1.000000000000000000e+00
1.000000000000000000e+00
9.041095972061157227e-01
8.194444179534912109e-01
9.172413945198059082e-01
9.208633303642272949e-01
9.357143044471740723e-01
9.657534360885620117e-01
9.577465057373046875e-01
9.726027250289916992e-01
9.657534360885620117e-01
1.000000000000000000e+00
9.370629191398620605e-01
9.861111044883728027e-01
9.241379499435424805e-01
9.794520735740661621e-01
1.000000000000000000e+00
1.000000000000000000e+00
1.000000000000000000e+00
1.000000000000000000e+00
1.000000000000000000e+00
1.000000000000000000e+00
1.000000000000000000e+00
1.000000000000000000e+00
8.819444179534912109e-01
9.718309640884399414e-01
9.379310607910156250e-01
9.375000000000000000e-01
9.510489702224731445e-01
9.863013625144958496e-01
9.793103337287902832e-01
9.862068891525268555e-01
9.931034445762634277e-01
1.000000000000000000e+00
1.000000000000000000e+00
1.000000000000000000e+00
1.000000000000000000e+00
1.000000000000000000e+00
9.724137783050537109e-01
9.310345053672790527e-01
8.671328425407409668e-01
9.790209531784057617e-01
1.000000000000000000e+00
1.000000000000000000e+00
9.861111044883728027e-01
9.722222089767456055e-01
9.513888955116271973e-01
9.387755393981933594e-01
9.790209531784057617e-01
9.863013625144958496e-01
9.861111044883728027e-01
9.862068891525268555e-01
9.859154820442199707e-01
9.659863710403442383e-01
9.722222089767456055e-01
9.863013625144958496e-01
1.000000000000000000e+00
1.000000000000000000e+00
9.517241120338439941e-01
9.929577708244323730e-01
1.000000000000000000e+00
1.000000000000000000e+00
1.000000000000000000e+00
1.000000000000000000e+00
1.000000000000000000e+00
1.000000000000000000e+00
1.000000000000000000e+00
1.000000000000000000e+00
