3.506728088896745449e-02
2.216118708057374792e-02
1.546028536427422086e-02
1.318789292541127159e-02
1.790226473623259679e-02
1.070364865934623003e-02
8.312218659741700197e-03
8.322911092286940787e-03
6.707290279206142881e-03
6.485496669385653994e-03
5.146317693969684748e-03
1.354063268654544065e-02
1.146863913096844191e-02
6.789100836612118293e-03
5.272930384695367033e-03
1.057812570308324859e-02
7.938355742339388982e-03
5.911845449402807276e-03
4.267642512095020345e-03
4.623894931675140603e-03
9.163913135885451422e-03
8.949357136103537960e-03
4.682418378447370487e-03
3.829789445642487432e-03
7.633725588434244966e-03
4.280493334967810232e-03
4.978831476909998006e-03
8.590407290415543601e-03
9.885971487316878165e-03
6.365178482286853665e-03
4.065403265754287919e-03
3.203451693324105981e-03
4.562147840530331872e-03
1.900243638229022394e-03
2.029016328999429502e-03
3.354398064345859992e-03
1.669853754692472020e-02
1.453002627664819538e-02
4.804776725376813488e-03
3.836920629267760036e-03
3.133004201431132188e-03
2.073246240361337114e-03
3.703326582217071703e-03
1.169679618194485911e-02
5.865099396715638992e-03
6.921648711769652629e-03
2.494364890490742559e-03
2.580749069124985487e-03
1.599567700960261712e-03
1.561622892536610515e-03
