9.707158207893371582e-01
9.728555679321289062e-01
9.753218889236450195e-01
9.785867333412170410e-01
9.761646986007690430e-01
9.775401353836059570e-01
9.903121590614318848e-01
9.892241358757019043e-01
9.914070963859558105e-01
9.924812316894531250e-01
9.935483932495117188e-01
9.721029996871948242e-01
9.849137663841247559e-01
9.893048405647277832e-01
9.956942796707153320e-01
9.828326106071472168e-01
9.892357587814331055e-01
9.893162250518798828e-01
9.946409463882446289e-01
9.967776536941528320e-01
9.839572310447692871e-01
9.828693866729736328e-01
9.946236610412597656e-01
9.957173466682434082e-01
9.903537034988403320e-01
9.946294426918029785e-01
9.913978576660156250e-01
9.882100820541381836e-01
9.860664606094360352e-01
9.881592988967895508e-01
9.967776536941528320e-01
9.967845678329467773e-01
9.924892783164978027e-01
1.000000000000000000e+00
9.989293217658996582e-01
9.978517889976501465e-01
9.784946441650390625e-01
9.848648905754089355e-01
9.914255142211914062e-01
9.946466684341430664e-01
9.957173466682434082e-01
9.989281892776489258e-01
9.957127571105957031e-01
9.859762787818908691e-01
9.903537034988403320e-01
9.914070963859558105e-01
9.978517889976501465e-01
9.989270567893981934e-01
1.000000000000000000e+00
1.000000000000000000e+00
