8.196721225976943970e-02
3.333333432674407959e-01
5.161290168762207031e-01
6.615384817123413086e-01
7.534246444702148438e-01
7.037037014961242676e-01
6.867470145225524902e-01
6.875000000000000000e-01
7.472527623176574707e-01
7.209302186965942383e-01
6.881720423698425293e-01
6.444444656372070312e-01
8.023256063461303711e-01
7.894737124443054199e-01
7.900000214576721191e-01
7.755101919174194336e-01
7.978723645210266113e-01
8.229166865348815918e-01
8.000000119209289551e-01
8.181818127632141113e-01
8.125000000000000000e-01
8.399999737739562988e-01
8.541666865348815918e-01
8.039215803146362305e-01
8.787878751754760742e-01
8.469387888908386230e-01
8.349514603614807129e-01
8.712871074676513672e-01
8.611111044883728027e-01
8.679245114326477051e-01
9.029126167297363281e-01
8.411214947700500488e-01
8.761904835700988770e-01
8.761904835700988770e-01
8.715596199035644531e-01
8.431372642517089844e-01
8.598130941390991211e-01
9.142857193946838379e-01
8.737863898277282715e-01
8.454545736312866211e-01
8.532109856605529785e-01
8.834951519966125488e-01
8.909090757369995117e-01
8.715596199035644531e-01
9.065420627593994141e-01
8.971962332725524902e-01
8.773584961891174316e-01
8.636363744735717773e-01
8.888888955116271973e-01
9.026548862457275391e-01
9.082568883895874023e-01
9.056603908538818359e-01
8.999999761581420898e-01
9.306930899620056152e-01
8.947368264198303223e-01
8.971962332725524902e-01
8.703703880310058594e-01
8.807339668273925781e-01
8.869565129280090332e-01
9.266055226325988770e-01
9.459459185600280762e-01
8.918918967247009277e-01
9.433962106704711914e-01
9.266055226325988770e-01
9.553571343421936035e-01
9.272727370262145996e-01
8.947368264198303223e-01
9.279279112815856934e-01
9.196428656578063965e-01
9.363636374473571777e-01
9.459459185600280762e-01
9.357798099517822266e-01
9.203540086746215820e-01
9.174311757087707520e-01
9.561403393745422363e-01
9.351851940155029297e-01
9.719626307487487793e-01
9.369369149208068848e-01
9.391304254531860352e-01
8.938053250312805176e-01
9.285714030265808105e-01
9.473684430122375488e-01
9.459459185600280762e-01
9.473684430122375488e-01
9.549549818038940430e-01
9.557521939277648926e-01
9.285714030265808105e-01
9.385964870452880859e-01
9.473684430122375488e-01
9.568965435028076172e-01
9.639639854431152344e-01
9.646017551422119141e-01
9.482758641242980957e-01
9.561403393745422363e-01
9.652174115180969238e-01
9.549549818038940430e-01
9.298245906829833984e-01
9.724770784378051758e-01
9.380530714988708496e-01
9.819819927215576172e-01
9.478260874748229980e-01
9.385964870452880859e-01
9.237288236618041992e-01
9.736841917037963867e-01
9.565217494964599609e-01
9.821428656578063965e-01
9.911504387855529785e-01
9.655172228813171387e-01
9.642857313156127930e-01
9.152542352676391602e-01
9.385964870452880859e-01
9.732142686843872070e-01
9.818181991577148438e-01
9.909090995788574219e-01
9.642857313156127930e-01
9.912280440330505371e-01
1.000000000000000000e+00
9.826086759567260742e-01
9.557521939277648926e-01
9.823008775711059570e-01
9.741379022598266602e-01
9.298245906829833984e-01
9.652174115180969238e-01
9.561403393745422363e-01
9.655172228813171387e-01
9.642857313156127930e-01
9.824561476707458496e-01
9.469026327133178711e-01
9.739130139350891113e-01
9.652174115180969238e-01
9.912280440330505371e-01
9.739130139350891113e-01
9.827586412429809570e-01
9.652174115180969238e-01
9.649122953414916992e-01
9.821428656578063965e-01
9.827586412429809570e-01
9.821428656578063965e-01
9.561403393745422363e-01
9.491525292396545410e-01
9.727272987365722656e-01
9.824561476707458496e-01
9.646017551422119141e-01
9.824561476707458496e-01
9.487179517745971680e-01
1.000000000000000000e+00
9.736841917037963867e-01
9.741379022598266602e-01
9.913043379783630371e-01
9.913793206214904785e-01
