8.173664540530449774e-01
4.407210194632190103e-01
3.536057972364154978e-01
2.950430661420888057e-01
2.889529623516036150e-01
2.637087946856750409e-01
2.513158070445035142e-01
2.434670685824652792e-01
2.460151237305636396e-01
2.352264141774389472e-01
2.253053246860403924e-01
2.141199380373527972e-01
2.145641092563436714e-01
2.213565642549916723e-01
2.063601551641361109e-01
2.037952049902681806e-01
1.975971964830251226e-01
1.952077171113591469e-01
1.966423898028665518e-01
1.999005327334872906e-01
1.828308416803483549e-01
1.807412972015721986e-01
1.883380985177897926e-01
1.861929288450372699e-01
1.719309291345179347e-01
1.781505955092289317e-01
1.737806203911446412e-01
1.677379381009635184e-01
1.649138727730048992e-01
1.663338630730860079e-01
1.629113208722224870e-01
1.632237492757321606e-01
1.632255630150220016e-01
1.597975639480581356e-01
1.576825802504821239e-01
1.551888595994543874e-01
1.550269898440117256e-01
1.539915447640547719e-01
1.460061751391907026e-01
1.497563774602405917e-01
1.492769522121596415e-01
1.471904295138788954e-01
1.423085692734117891e-01
1.423424154125948193e-01
1.375002729707218707e-01
1.368535400182040451e-01
1.394138437896527138e-01
1.387404978758086938e-01
1.411501151214216154e-01
1.362273741493374435e-01
1.334293586304486912e-01
1.311553900685940577e-01
1.295662116337108483e-01
1.324830042324461887e-01
1.295323810172307188e-01
1.244196948136831321e-01
1.268205169099362317e-01
1.228750158745829241e-01
1.217617419038657389e-01
1.237965271309619392e-01
1.234035898574817047e-01
1.165113721415574760e-01
1.192948715357792788e-01
1.197771964010798940e-01
1.165618090957467740e-01
1.106691198676382354e-01
1.116106224336331082e-01
1.185974316946543511e-01
1.133492481484746212e-01
1.141612386585423577e-01
1.081363321278207695e-01
1.070164157252458947e-01
1.055902242714376743e-01
1.025705392354402112e-01
1.033446668867042256e-01
1.018911789340999074e-01
9.708205699191087279e-02
9.863377436618527005e-02
9.405552117152655989e-02
9.472248353030163215e-02
9.435621716930775449e-02
8.988705863124016315e-02
9.995353168577578162e-02
8.765720964495617162e-02
9.348269899479208500e-02
8.286726908764063815e-02
8.215663008411815127e-02
8.122663154030410060e-02
8.122194502583461595e-02
7.912895047693534190e-02
8.123208155495267868e-02
7.843949799780902676e-02
7.548267463380303743e-02
7.587581795603740020e-02
7.113027674820322777e-02
6.438420783964211858e-02
7.362223870241599299e-02
6.880129679718807734e-02
6.859079193978180611e-02
6.209371422593953221e-02
6.174224734257549585e-02
6.432916959462164908e-02
5.672899656613275554e-02
5.709845614811408926e-02
5.466091214015150745e-02
5.815500181941760105e-02
5.099290056529765663e-02
5.423803144671579535e-02
4.337263656771808001e-02
4.552857261042574794e-02
5.311383038690804803e-02
5.092332564949143131e-02
4.191535871964266469e-02
4.267110724113474390e-02
3.762402760267328367e-02
3.907526285327424936e-02
3.836581941496106790e-02
3.706869735824062928e-02
2.853916483755860808e-02
3.179818687998441085e-02
3.892052110141694388e-02
3.252464973958286293e-02
2.670612292262629361e-02
2.789297355245081919e-02
2.803963373800547054e-02
3.369973669366911617e-02
2.874547460400487739e-02
1.980135092773956454e-02
3.621940708191065394e-02
3.247501743328810170e-02
1.971659667904297059e-02
2.558481452909459539e-02
2.313909999957482547e-02
2.613852523522918608e-02
2.380380560619320754e-02
2.390925626009438032e-02
2.054280469068249515e-02
1.192701979141093556e-02
2.771776643012615129e-02
2.452965879374201588e-02
1.885755449144444623e-02
1.619929632997146873e-02
2.991311361651209297e-02
2.460207138182815903e-02
1.187719226201184447e-02
1.640162769938056236e-02
1.744674618152174464e-02
2.131230521788275364e-02
2.223819046706529065e-02
1.345530019316641158e-02
