3.295535384407192181e-01
1.440952805183183805e-01
1.244224004643537801e-01
1.151633129849649606e-01
1.085107825669429510e-01
1.044663195403329886e-01
9.357713095669786818e-02
9.347620916026365412e-02
8.899385316584078331e-02
8.555681539846309025e-02
8.119749680138667325e-02
7.927351294296268447e-02
7.444737681771645965e-02
7.207960911937209836e-02
7.265561822166691219e-02
7.085329810425874952e-02
6.652519004595566776e-02
6.850797736222938306e-02
6.544195218051743201e-02
6.059774465810009031e-02
6.361388364772835313e-02
5.846453775717373041e-02
5.757684004344758300e-02
5.540225941971822082e-02
5.029705230275218625e-02
5.105732038244844423e-02
5.319243156942186912e-02
5.088841606546377905e-02
4.927744572430931003e-02
4.722366865161659738e-02
4.362961883274871916e-02
4.434262317153427752e-02
4.208709935473788077e-02
4.267239759856233244e-02
4.173789593579518842e-02
4.177248246321435543e-02
3.870806067128764599e-02
3.903612980358524970e-02
3.988455191298025115e-02
4.006778578183500805e-02
3.505021705749847977e-02
3.538698288806811643e-02
3.396866386874480837e-02
3.422930650641808903e-02
3.420871309650943409e-02
3.297580919915823333e-02
3.205879641994582863e-02
2.880093873405034990e-02
3.069458232563335165e-02
2.905236661391706957e-02
2.791661184664345069e-02
3.021893512111875277e-02
2.950103398834971052e-02
2.851379540710060473e-02
2.695260587273353922e-02
2.550473939231023141e-02
2.486431232930223431e-02
2.371088706320281791e-02
2.367222228446669297e-02
2.512446928342545668e-02
2.435379036723506543e-02
2.143901825719433593e-02
2.015964032309865150e-02
2.180634513847293926e-02
2.173506432283797349e-02
2.020207025145072041e-02
1.961728502951522873e-02
1.909819416259676481e-02
1.726009171487919922e-02
1.880812979403224602e-02
1.861399097015834295e-02
1.510677971466723758e-02
1.672945357463668722e-02
1.261700721235058976e-02
1.851948003545893576e-02
1.425178372396578887e-02
1.299446570485561156e-02
1.605803173555743132e-02
1.600452116631945892e-02
1.330634589470749279e-02
1.144264420487631564e-02
1.145921527584218245e-02
1.343645988998722410e-02
1.087731020635690320e-02
1.025860799632253607e-02
1.306511365228407023e-02
1.189359931054534761e-02
8.503344910657451711e-03
8.912614288286614325e-03
1.076324372941018549e-02
9.432966638668015269e-03
8.947908324041643421e-03
8.841381600296512738e-03
7.460120752224249675e-03
8.329677085817487406e-03
7.979639933592352907e-03
6.435248580765990170e-03
8.883103140199551453e-03
6.639428023795872560e-03
5.438440298303232924e-03
8.344253711558762693e-03
4.716143596255950761e-03
8.235616185213338880e-03
8.342459969419898508e-03
8.834436644519456233e-03
6.463580429017347709e-03
6.641096070195614057e-03
5.312761338173598545e-03
6.120432001413819018e-03
8.930824263660441104e-03
5.749628845913324314e-03
3.967939868205476450e-03
4.980656102090277176e-03
6.008711371079412771e-03
6.294991104186497752e-03
4.903944493032464172e-03
3.292741571080653323e-03
9.182624055609832185e-04
4.990193395627561500e-03
6.073336280159690077e-03
1.486449376281271870e-02
2.607435846714898676e-03
8.160084856176569919e-04
1.559163935344997113e-03
3.662302565811275095e-03
1.253830748133771128e-02
4.588126709400154601e-03
3.568724635824079700e-03
5.340025440768100817e-03
9.214642205517036000e-03
4.130962443507395915e-03
1.490052862794850929e-03
9.643485461901700950e-04
5.016845879697469195e-03
4.816307620293128200e-03
4.230169365774683748e-03
4.442660345078847627e-03
5.472392474765326413e-03
4.091149608743241232e-03
2.388752157606615755e-03
3.707467129335135364e-03
6.074899018176409086e-03
8.375420310763343618e-03
3.549602382074082234e-03
3.239492322555478053e-03
4.435911787390245191e-04
3.624143420495539673e-04
3.099803968999435854e-04
3.115768934674457936e-04
2.646019392597784032e-04
