9.041895813091576153e-03
7.014240769515691330e-03
1.175673461668251193e-02
7.007786706182238777e-03
4.181124664771567259e-03
1.229595923069461312e-02
9.321159483058217426e-03
5.597292162226557947e-03
1.584808624279959591e-03
6.942615562247562815e-03
1.680414101214320471e-02
5.891639128160124604e-03
3.783853570094532562e-03
7.800225393040875928e-03
3.747881840416692183e-03
4.193321057948969262e-03
1.330703958296818382e-02
9.503785271795180817e-03
8.203617444143032969e-03
2.563182651141616541e-03
1.046402221911073294e-02
5.615561185779262450e-03
4.861808029261368083e-03
2.142233591543536708e-02
9.008289777280050273e-03
2.482135019642213968e-03
3.301122963426596398e-03
1.733581990028453673e-02
1.914915169264690045e-03
1.339867790207740182e-03
6.016881905326320603e-04
5.358723446834824482e-04
6.867065668132650222e-03
2.331160816589039966e-02
7.791607821852799230e-03
1.575138794552237605e-03
2.171689723670698104e-03
7.744942143607924483e-03
5.707284309674941040e-03
1.099742491564391182e-02
8.678105820468353174e-03
2.469139791381966438e-03
1.105412221679904312e-03
1.323345379421976206e-02
2.197378182068886708e-03
2.549544417358005736e-03
1.033583774142504859e-02
8.278392151513018146e-03
3.671858431437580172e-03
6.061187620576900630e-03
