9.895528554916381836e-01
9.895485043525695801e-01
9.857382774353027344e-01
9.907988309860229492e-01
9.937447905540466309e-01
9.815822243690490723e-01
9.870617985725402832e-01
9.916492700576782227e-01
9.991659522056579590e-01
9.891440272331237793e-01
9.782426953315734863e-01
9.933110475540161133e-01
9.954090118408203125e-01
9.887264966964721680e-01
9.966568946838378906e-01
9.954032301902770996e-01
9.820083975791931152e-01
9.878711700439453125e-01
9.891304373741149902e-01
9.966652989387512207e-01
9.841336011886596680e-01
9.920767545700073242e-01
9.933166503906250000e-01
9.741127490997314453e-01
9.878762364387512207e-01
9.958333373069763184e-01
9.954185485839843750e-01
9.786878228187561035e-01
9.975000023841857910e-01
9.979149103164672852e-01
1.000000000000000000e+00
1.000000000000000000e+00
9.904126524925231934e-01
9.686061143875122070e-01
9.895615577697753906e-01
9.991659522056579590e-01
9.970784783363342285e-01
9.883236289024353027e-01
9.920668005943298340e-01
9.849686622619628906e-01
9.891394972801208496e-01
9.970821142196655273e-01
9.987499713897705078e-01
9.832845926284790039e-01
9.962468743324279785e-01
9.962468743324279785e-01
9.862155318260192871e-01
9.875363707542419434e-01
9.966666698455810547e-01
9.908295273780822754e-01
