9.870779514312744141e-01
9.866611361503601074e-01
9.795747995376586914e-01
9.874947667121887207e-01
9.933305382728576660e-01
9.774906039237976074e-01
9.858274459838867188e-01
9.899958372116088867e-01
9.987494945526123047e-01
9.874947667121887207e-01
9.745727181434631348e-01
9.904126524925231934e-01
9.941642284393310547e-01
9.870779514312744141e-01
9.941642284393310547e-01
9.929137229919433594e-01
9.783242940902709961e-01
9.845768809318542480e-01
9.862442612648010254e-01
9.966652989387512207e-01
9.824926853179931641e-01
9.916632175445556641e-01
9.912463426589965820e-01
9.724885225296020508e-01
9.849937558174133301e-01
9.962484240531921387e-01
9.962484240531921387e-01
9.762400984764099121e-01
9.979158043861389160e-01
9.974989295005798340e-01
1.000000000000000000e+00
1.000000000000000000e+00
9.904126524925231934e-01
9.645685553550720215e-01
9.879116415977478027e-01
9.987494945526123047e-01
9.958316087722778320e-01
9.879116415977478027e-01
9.904126524925231934e-01
9.833263754844665527e-01
9.870779514312744141e-01
9.970821142196655273e-01
9.991663098335266113e-01
9.808253645896911621e-01
9.958316087722778320e-01
9.958316087722778320e-01
9.841600656509399414e-01
9.908295273780822754e-01
9.970821142196655273e-01
9.908295273780822754e-01
