3.952931599631910875e-01
1.123356290378084710e-01
9.141876524689004913e-02
8.458681437678418347e-02
8.120280111831267023e-02
7.463929607762752327e-02
6.659848905302401256e-02
6.511667341613164295e-02
5.438751462571605327e-02
6.156863942988964611e-02
5.914473897527797869e-02
5.925914609983547188e-02
4.489853004018977412e-02
4.453682641760089989e-02
4.297698946527892666e-02
4.757255952909408142e-02
3.750893620191174394e-02
4.190482614057035315e-02
3.386377744889074864e-02
3.802772583977708648e-02
3.262320830089044527e-02
3.746892475811117174e-02
3.557481607213293373e-02
3.223305674658217407e-02
3.183183080025919071e-02
3.020795621320402496e-02
2.981563077629182518e-02
1.895118375117340812e-02
2.289241756428664690e-02
2.223837246303831880e-02
1.749606353034508302e-02
1.558245050077953012e-02
1.500739813509968136e-02
1.948714983738950718e-02
1.903013253030300458e-02
1.639863239199131420e-02
1.384381434334556495e-02
1.349853632307832993e-02
1.409503109475687514e-02
1.217523420266546780e-02
1.509529130215475461e-02
1.365978461178173758e-02
1.308357032682471235e-02
9.556892224864601756e-03
1.305764610630793382e-02
7.190561010569070620e-03
8.175711773107127364e-03
1.011441439717635296e-02
9.671786521726198627e-03
1.220230562129455583e-02
7.118101652715739906e-03
2.167228172845253251e-02
1.633072326404397603e-02
8.551944180283148345e-03
7.422518619117315052e-03
8.167581048387514628e-03
7.513748185757757048e-03
7.740327233634272490e-03
6.835994735149835723e-03
9.542012184895315094e-03
1.145176713722413815e-02
7.065662776290241621e-03
8.483749767748276910e-03
5.974252573986862588e-03
8.864071555832984950e-03
9.109293431870477825e-03
9.031000016883986362e-03
6.323516931632789523e-03
7.664527894850956327e-03
3.935254563595626774e-03
4.245289887649971068e-03
6.378068518114138157e-03
9.885351157395437516e-03
4.582631935541212412e-03
5.501509708228735987e-03
4.328160570525441293e-03
6.440319606069093254e-03
1.161946815381367099e-02
4.513130177486497467e-03
2.695331347143087742e-03
4.902818497289527025e-03
3.324154301920892538e-03
2.605781987814336127e-03
3.118373061512823285e-03
4.189992168525719443e-03
3.858856264599086917e-03
5.272177016001527647e-03
2.970111718365005173e-03
2.316648149626543939e-03
2.250797951195982350e-03
1.266000355537686209e-02
1.470182147000359020e-02
7.848389256206443967e-03
3.789875461812754111e-03
1.033442874009878228e-02
6.297917576227919645e-03
2.198100506878482470e-03
4.566646981525394541e-03
2.664477565165152689e-03
2.292991646487743847e-03
1.983722330712579546e-03
1.964561030667367168e-03
1.928044512437032546e-03
1.916273633455196522e-03
1.900380509378030332e-03
1.842467203385560756e-03
1.812025959202392955e-03
1.772861261153336728e-03
1.737586846367914070e-03
1.701499685527275117e-03
1.664611371867728536e-03
1.624802867332202864e-03
1.585744227708802594e-03
1.543671434074530592e-03
1.501068230055590397e-03
1.457404664549092873e-03
1.412574583650835552e-03
1.368413294989885565e-03
1.320320211219731203e-03
1.274578345226382156e-03
1.226234660242759861e-03
1.178038097380613514e-03
1.128076505350615513e-03
1.078948226653562818e-03
1.029435847954411534e-03
9.811549417848544532e-04
9.311499971214444796e-04
2.134164145661455667e-02
1.296353856698565649e-02
8.787393628346620508e-03
6.963190289180685652e-03
2.545869312400348295e-03
1.450274060070124100e-03
9.955191288507157354e-04
9.120347850201442020e-04
1.882930669919685371e-03
4.307777412126471452e-03
8.243991504885727836e-03
2.214233814046792561e-03
7.463131493499346007e-03
5.028909548259750777e-03
1.016952327677638282e-03
9.612559096888735437e-04
9.444260598718982923e-04
8.417664650391270837e-04
8.238512097760958101e-04
8.208689170846056185e-04
8.158479064001498927e-04
8.032550555237703751e-04
7.908098117185331658e-04
