8.208955079317092896e-02
1.865671575069427490e-01
3.208955228328704834e-01
3.507462739944458008e-01
3.955223858356475830e-01
4.701492488384246826e-01
4.253731369972229004e-01
4.776119291782379150e-01
5.149253606796264648e-01
5.149253606796264648e-01
5.074626803398132324e-01
5.149253606796264648e-01
5.447761416435241699e-01
6.268656849861145020e-01
6.119403243064880371e-01
5.746268630027770996e-01
6.492537260055541992e-01
6.641790866851806641e-01
6.865671873092651367e-01
6.567164063453674316e-01
7.313432693481445312e-01
6.641790866851806641e-01
6.492537260055541992e-01
7.611940503120422363e-01
7.164179086685180664e-01
7.537313699722290039e-01
7.686567306518554688e-01
8.208954930305480957e-01
8.134328126907348633e-01
8.059701323509216309e-01
8.731343150138854980e-01
8.731343150138854980e-01
8.805969953536987305e-01
8.208954930305480957e-01
8.731343150138854980e-01
8.731343150138854980e-01
9.104477763175964355e-01
8.656716346740722656e-01
8.731343150138854980e-01
9.029850959777832031e-01
8.582089543342590332e-01
8.805969953536987305e-01
8.880596756935119629e-01
9.253731369972229004e-01
8.805969953536987305e-01
9.626865386962890625e-01
9.402984976768493652e-01
9.328358173370361328e-01
9.253731369972229004e-01
9.029850959777832031e-01
9.477611780166625977e-01
8.208954930305480957e-01
8.582089543342590332e-01
9.402984976768493652e-01
9.626865386962890625e-01
9.626865386962890625e-01
9.552238583564758301e-01
9.328358173370361328e-01
9.402984976768493652e-01
9.253731369972229004e-01
9.179104566574096680e-01
9.402984976768493652e-01
9.328358173370361328e-01
9.701492786407470703e-01
9.402984976768493652e-01
9.402984976768493652e-01
9.029850959777832031e-01
9.626865386962890625e-01
9.477611780166625977e-01
9.850746393203735352e-01
9.776119589805603027e-01
9.626865386962890625e-01
9.104477763175964355e-01
9.626865386962890625e-01
9.701492786407470703e-01
9.776119589805603027e-01
9.552238583564758301e-01
9.328358173370361328e-01
9.626865386962890625e-01
1.000000000000000000e+00
9.776119589805603027e-01
9.925373196601867676e-01
1.000000000000000000e+00
9.925373196601867676e-01
9.850746393203735352e-01
9.850746393203735352e-01
9.701492786407470703e-01
9.925373196601867676e-01
1.000000000000000000e+00
1.000000000000000000e+00
9.328358173370361328e-01
8.880596756935119629e-01
9.253731369972229004e-01
9.776119589805603027e-01
9.179104566574096680e-01
9.477611780166625977e-01
1.000000000000000000e+00
9.776119589805603027e-01
9.776119589805603027e-01
9.925373196601867676e-01
1.000000000000000000e+00
1.000000000000000000e+00
1.000000000000000000e+00
1.000000000000000000e+00
1.000000000000000000e+00
1.000000000000000000e+00
1.000000000000000000e+00
1.000000000000000000e+00
1.000000000000000000e+00
1.000000000000000000e+00
1.000000000000000000e+00
1.000000000000000000e+00
1.000000000000000000e+00
1.000000000000000000e+00
1.000000000000000000e+00
1.000000000000000000e+00
1.000000000000000000e+00
1.000000000000000000e+00
1.000000000000000000e+00
1.000000000000000000e+00
1.000000000000000000e+00
1.000000000000000000e+00
1.000000000000000000e+00
1.000000000000000000e+00
1.000000000000000000e+00
1.000000000000000000e+00
1.000000000000000000e+00
8.432835936546325684e-01
8.731343150138854980e-01
9.477611780166625977e-01
9.253731369972229004e-01
9.701492786407470703e-01
9.850746393203735352e-01
1.000000000000000000e+00
1.000000000000000000e+00
9.850746393203735352e-01
9.626865386962890625e-01
9.253731369972229004e-01
9.701492786407470703e-01
9.477611780166625977e-01
9.626865386962890625e-01
9.925373196601867676e-01
1.000000000000000000e+00
1.000000000000000000e+00
1.000000000000000000e+00
1.000000000000000000e+00
1.000000000000000000e+00
1.000000000000000000e+00
1.000000000000000000e+00
1.000000000000000000e+00
