3.011725527140929337e-02
2.868127257307100456e-02
1.343796497326335895e-02
1.443005496995449118e-02
1.348905926573151087e-02
2.045225221679652580e-02
1.330077885327984530e-02
1.042360833066821937e-02
7.404366783564410304e-03
9.309759585966572923e-03
7.693765450799401259e-03
1.213194232894985319e-02
7.703350917659330770e-03
8.553297339560894663e-03
8.803614123541790917e-03
8.546816749458091556e-03
3.542700129305338327e-03
9.291972277191742555e-03
1.077996586342199956e-02
9.835727956920406467e-03
1.031354859192885366e-02
1.744984777662737449e-02
5.291186852426880624e-03
6.836330047493135130e-03
9.802255060196780889e-03
1.151282201479514149e-02
3.865439475243171667e-03
3.782494267507971897e-03
5.128237778888817926e-03
2.727698300480960614e-03
2.528112965878706337e-03
2.045669887291787746e-03
1.610329839915948394e-03
2.337278592179197964e-03
1.910224422710451314e-02
9.740356985740139181e-03
7.182385246855109602e-03
1.732012766918780700e-02
1.492638472766508184e-02
1.048552218122683621e-02
4.667421955073540810e-03
4.337616009960112463e-03
3.998561884338707600e-03
1.685528893809648630e-03
2.040061166528922727e-03
1.505826545762294121e-03
1.339749947494889076e-03
1.354516424404544114e-03
1.310937748743270376e-03
1.456716424394260013e-03
