9.243697524070739746e-01
9.403409361839294434e-01
9.799426794052124023e-01
9.494382143020629883e-01
9.715909361839294434e-01
9.715909361839294434e-01
9.745042324066162109e-01
9.745762944221496582e-01
9.858757257461547852e-01
9.860334992408752441e-01
9.804469347000122070e-01
9.859550595283508301e-01
9.719101190567016602e-01
9.694444537162780762e-01
9.607843160629272461e-01
9.859943985939025879e-01
9.775280952453613281e-01
9.859550595283508301e-01
9.774011373519897461e-01
9.805014133453369141e-01
9.889196753501892090e-01
9.887955188751220703e-01
9.806094169616699219e-01
9.943977594375610352e-01
1.000000000000000000e+00
9.833794832229614258e-01
9.743589758872985840e-01
9.636871218681335449e-01
9.720670580863952637e-01
9.668508172035217285e-01
9.806094169616699219e-01
9.750000238418579102e-01
9.805014133453369141e-01
9.972299337387084961e-01
9.944289922714233398e-01
9.916434288024902344e-01
9.721448421478271484e-01
9.638888835906982422e-01
9.888579249382019043e-01
9.832869172096252441e-01
9.972144961357116699e-01
1.000000000000000000e+00
1.000000000000000000e+00
1.000000000000000000e+00
1.000000000000000000e+00
1.000000000000000000e+00
1.000000000000000000e+00
1.000000000000000000e+00
1.000000000000000000e+00
1.000000000000000000e+00
