9.166666865348815918e-01
9.194444417953491211e-01
9.499999880790710449e-01
9.388889074325561523e-01
9.499999880790710449e-01
9.499999880790710449e-01
9.555555582046508789e-01
9.583333134651184082e-01
9.694444537162780762e-01
9.805555343627929688e-01
9.750000238418579102e-01
9.750000238418579102e-01
9.611111283302307129e-01
9.694444537162780762e-01
9.527778029441833496e-01
9.777777791023254395e-01
9.666666388511657715e-01
9.750000238418579102e-01
9.611111283302307129e-01
9.777777791023254395e-01
9.916666746139526367e-01
9.805555343627929688e-01
9.833333492279052734e-01
9.861111044883728027e-01
9.972222447395324707e-01
9.861111044883728027e-01
9.499999880790710449e-01
9.583333134651184082e-01
9.666666388511657715e-01
9.722222089767456055e-01
9.833333492279052734e-01
9.750000238418579102e-01
9.777777791023254395e-01
1.000000000000000000e+00
9.916666746139526367e-01
9.888888597488403320e-01
9.694444537162780762e-01
9.638888835906982422e-01
9.861111044883728027e-01
9.805555343627929688e-01
9.944444298744201660e-01
1.000000000000000000e+00
1.000000000000000000e+00
1.000000000000000000e+00
1.000000000000000000e+00
1.000000000000000000e+00
1.000000000000000000e+00
1.000000000000000000e+00
1.000000000000000000e+00
1.000000000000000000e+00
