8.739495873451232910e-01
8.916666507720947266e-01
9.152542352676391602e-01
8.943089246749877930e-01
9.322034120559692383e-01
9.243697524070739746e-01
9.173553586006164551e-01
9.487179517745971680e-01
9.586777091026306152e-01
9.565217494964599609e-01
9.669421315193176270e-01
9.561403393745422363e-01
9.016393423080444336e-01
9.750000238418579102e-01
9.579831957817077637e-01
9.426229596138000488e-01
9.745762944221496582e-01
9.568965435028076172e-01
9.008264541625976562e-01
8.983050584793090820e-01
9.752066135406494141e-01
9.669421315193176270e-01
9.750000238418579102e-01
9.499999880790710449e-01
9.831932783126831055e-01
9.344262480735778809e-01
9.918032884597778320e-01
9.327731132507324219e-01
1.000000000000000000e+00
9.349593520164489746e-01
9.586777091026306152e-01
9.487179517745971680e-01
9.679999947547912598e-01
9.661017060279846191e-01
9.836065769195556641e-01
9.831932783126831055e-01
9.421487450599670410e-01
9.349593520164489746e-01
9.836065769195556641e-01
9.834710955619812012e-01
9.750000238418579102e-01
9.674796462059020996e-01
9.411764740943908691e-01
9.663865566253662109e-01
9.262295365333557129e-01
9.586777091026306152e-01
9.836065769195556641e-01
1.000000000000000000e+00
9.752066135406494141e-01
9.750000238418579102e-01
