1.015118807554244995e-01
1.943844556808471680e-01
2.742980420589447021e-01
3.434125185012817383e-01
3.326133787631988525e-01
3.909287154674530029e-01
3.736501038074493408e-01
3.758099377155303955e-01
4.017278552055358887e-01
4.103671610355377197e-01
4.341252744197845459e-01
4.341252744197845459e-01
4.708423316478729248e-01
4.233261346817016602e-01
4.643628597259521484e-01
4.276458024978637695e-01
4.384449124336242676e-01
4.622030258178710938e-01
4.362851083278656006e-01
4.751619994640350342e-01
4.319654405117034912e-01
4.924406111240386963e-01
4.643628597259521484e-01
5.075594186782836914e-01
5.032397508621215820e-01
4.773218035697937012e-01
4.751619994640350342e-01
5.205183625221252441e-01
4.946004450321197510e-01
5.399568080902099609e-01
4.989200830459594727e-01
5.269978642463684082e-01
5.075594186782836914e-01
5.550755858421325684e-01
5.399568080902099609e-01
4.967602491378784180e-01
5.593952536582946777e-01
5.593952536582946777e-01
5.334773063659667969e-01
5.658747553825378418e-01
5.831533670425415039e-01
5.507559180259704590e-01
5.572354197502136230e-01
5.896328091621398926e-01
6.047516465187072754e-01
6.004319787025451660e-01
5.745140314102172852e-01
5.961123108863830566e-01
6.155507564544677734e-01
5.917926430702209473e-01
5.658747553825378418e-01
6.198704242706298828e-01
6.069114208221435547e-01
6.285097002983093262e-01
6.522678136825561523e-01
6.609071493148803711e-01
6.436285376548767090e-01
6.825054287910461426e-01
6.868250370025634766e-01
6.436285376548767090e-01
6.695464253425598145e-01
6.630669832229614258e-01
6.889848709106445312e-01
6.846652030944824219e-01
6.997840404510498047e-01
6.738660931587219238e-01
6.760259270668029785e-01
6.933045387268066406e-01
7.192224860191345215e-01
6.933045387268066406e-01
6.522678136825561523e-01
7.257019281387329102e-01
6.976242065429687500e-01
7.235420942306518555e-01
7.278617620468139648e-01
7.235420942306518555e-01
7.321814298629760742e-01
7.580993771553039551e-01
7.645788192749023438e-01
7.429805397987365723e-01
7.516198754310607910e-01
7.386609315872192383e-01
7.494600415229797363e-01
7.602591514587402344e-01
7.688984870910644531e-01
7.516198754310607910e-01
8.077753782272338867e-01
7.840172648429870605e-01
8.012958765029907227e-01
7.818574309349060059e-01
7.775378227233886719e-01
7.969762682914733887e-01
8.056155443191528320e-01
8.228941559791564941e-01
8.250539898872375488e-01
8.164147138595581055e-01
8.034557104110717773e-01
8.099352121353149414e-01
7.796975970268249512e-01
8.185744881629943848e-01
8.336933255195617676e-01
8.272138237953186035e-01
8.682505488395690918e-01
8.423326015472412109e-01
8.552916049957275391e-01
8.509719371795654297e-01
8.596112132072448730e-01
8.531317710876464844e-01
8.725702166557312012e-01
8.488121032714843750e-01
8.768898248672485352e-01
9.049676060676574707e-01
8.574513792991638184e-01
8.488121032714843750e-01
8.682505488395690918e-01
8.876889944076538086e-01
8.812094926834106445e-01
9.071274399757385254e-01
9.287257194519042969e-01
8.790496587753295898e-01
8.941684961318969727e-01
8.660907149314880371e-01
9.049676060676574707e-01
9.265658855438232422e-01
8.790496587753295898e-01
9.200863838195800781e-01
9.265658855438232422e-01
8.812094926834106445e-01
9.265658855438232422e-01
9.373649954795837402e-01
9.632829427719116211e-01
9.352051615715026855e-01
8.596112132072448730e-01
9.460043311119079590e-01
9.395248293876647949e-01
8.984881043434143066e-01
9.416846632957458496e-01
9.114471077919006348e-01
9.265658855438232422e-01
9.589632749557495117e-01
9.157667160034179688e-01
8.920086622238159180e-01
9.114471077919006348e-01
9.611231088638305664e-01
9.395248293876647949e-01
9.784017205238342285e-01
9.805615544319152832e-01
9.352051615715026855e-01
9.049676060676574707e-01
9.416846632957458496e-01
