5.898329896242071602e-01
2.351170027195899626e-01
1.861376428137663519e-01
1.747333439813588685e-01
1.643909960960292516e-01
1.551912038364645641e-01
1.646639684915721935e-01
1.529648853634708594e-01
1.365834938204025517e-01
1.311757332676237453e-01
1.286487913391267668e-01
1.308876721868735549e-01
1.260440801417709034e-01
1.124284614767709078e-01
1.182020377726480387e-01
1.130721576964258818e-01
1.227862763346227182e-01
1.126244827015357303e-01
1.120893406639479062e-01
1.120149816105519142e-01
9.686955152463566643e-02
1.030707786348662031e-01
1.093379810245863615e-01
9.984676952221872848e-02
1.063337089354790682e-01
1.032906200132836516e-01
9.696987279670811477e-02
8.664531663843018372e-02
8.636862897786054538e-02
7.957766165783082546e-02
8.820157711517265242e-02
8.043599888031457978e-02
8.511699900455174661e-02
8.342036462262064633e-02
7.254998981336607811e-02
7.598283948888756578e-02
8.682363007403084976e-02
7.341496758695026381e-02
6.565224773392167035e-02
7.492350145118419069e-02
6.280607633992120464e-02
6.545239798296054179e-02
6.069726233382970182e-02
5.913066136472846374e-02
5.551448975987081924e-02
5.856512917927071682e-02
6.378887673958315296e-02
5.944093267236470746e-02
5.352278439789185521e-02
5.366601508272866167e-02
5.258754178337771146e-02
4.605086207275331522e-02
4.111196879419773409e-02
4.354973113358612952e-02
5.251629031472922898e-02
4.159024612627911649e-02
4.157674390851273660e-02
3.877500394175813214e-02
4.216532315821629184e-02
4.017324427000081022e-02
3.955772373917720852e-02
3.938947920162446520e-02
3.754307450791578848e-02
3.410845445785607583e-02
3.277955811906655553e-02
5.670058167529658244e-02
3.065083650887279534e-02
2.697363265391862497e-02
2.682144668584557703e-02
2.872345956872533052e-02
2.354918940204049974e-02
2.388087191497945128e-02
2.343878018995937396e-02
2.746141292070780962e-02
2.758986623752400155e-02
2.392511530463494254e-02
2.124217548364832481e-02
2.471429200084259564e-02
2.408377768298842689e-02
2.177892648978588946e-02
4.002423020267427412e-02
2.154552405247766450e-02
1.432860009725379219e-02
1.347815780972370057e-02
1.121820587353157192e-02
1.123994528811453342e-02
1.197443137700350373e-02
2.040211273094591493e-02
1.781772411404511716e-02
1.528665146685901505e-02
1.439290330253288272e-02
1.122551208726718305e-02
1.903889437405141896e-02
1.997766637415313712e-02
1.249103805862798386e-02
8.100769254019994994e-03
9.575117873693762480e-03
7.962914867176335704e-03
4.122784422693580655e-03
1.898728287749625390e-02
2.083372182832640349e-02
1.077776036504430462e-02
7.684832167385273125e-03
9.019897499293709486e-03
1.213546496311970063e-02
7.977695693246364753e-03
1.009121627403449829e-02
9.002566889967545880e-03
1.207204440224244994e-02
4.548853483089721275e-03
3.260737663744535560e-03
3.060239789171903188e-02
4.541894816744885405e-02
1.894316007929609108e-02
6.788288953157985660e-03
4.029319522718640897e-03
3.444751946152577095e-03
2.098702064448211557e-03
2.998936175708881262e-03
7.578264445196819868e-03
9.139897050546802112e-03
1.140271032061516455e-02
1.494082557217156666e-02
4.370570049457932205e-02
1.110530836375404201e-02
4.330713792692689190e-03
4.256700573485258828e-03
3.227876404348636787e-03
1.948750883757453247e-03
1.674216323573234685e-03
1.598644779281326511e-03
1.958685865603803852e-03
1.243616848409917659e-02
4.674454665981653961e-02
9.573641681461370762e-03
6.376754125258315975e-03
2.475259064993557464e-03
3.454750798094093772e-03
2.582775098615089880e-03
4.407505500197639314e-03
8.359984252259995002e-03
1.270602437154788426e-02
1.083249016570607577e-02
5.478747358859835902e-03
7.435267971030347887e-03
5.784494976993333724e-03
2.858693629347602069e-03
1.192565518272878031e-02
1.283826305928486775e-02
5.827742494320858890e-03
