9.150326997041702271e-02
2.069716751575469971e-01
2.483660131692886353e-01
3.159041404724121094e-01
3.376906216144561768e-01
3.965141475200653076e-01
3.943355083465576172e-01
4.684095978736877441e-01
4.030500948429107666e-01
4.466230869293212891e-01
4.488017559051513672e-01
4.422658085823059082e-01
4.531590342521667480e-01
4.727668762207031250e-01
5.098039507865905762e-01
4.509803950786590576e-01
5.098039507865905762e-01
5.359477400779724121e-01
5.381263494491577148e-01
5.032680034637451172e-01
4.945533871650695801e-01
5.076252818107604980e-01
5.359477400779724121e-01
5.163398981094360352e-01
5.272331237792968750e-01
5.511982440948486328e-01
5.555555820465087891e-01
5.511982440948486328e-01
5.315904021263122559e-01
5.620915293693542480e-01
5.446622967720031738e-01
5.381263494491577148e-01
5.795207023620605469e-01
5.468409657478332520e-01
5.555555820465087891e-01
5.729847550392150879e-01
5.860566496849060059e-01
5.795207023620605469e-01
5.991285443305969238e-01
6.187363862991333008e-01
5.904139280319213867e-01
6.122004389762878418e-01
6.056644916534423828e-01
6.383442282676696777e-01
6.557734012603759766e-01
6.427015066146850586e-01
6.623093485832214355e-01
6.296296119689941406e-01
6.318082809448242188e-01
6.339869499206542969e-01
6.579520702362060547e-01
6.775599122047424316e-01
6.928104758262634277e-01
7.037037014961242676e-01
6.579520702362060547e-01
6.862745285034179688e-01
6.993464231491088867e-01
7.189542651176452637e-01
7.189542651176452637e-01
6.884531378746032715e-01
7.189542651176452637e-01
6.949890851974487305e-01
6.623093485832214355e-01
7.167755961418151855e-01
7.516340017318725586e-01
7.407407164573669434e-01
7.559912800788879395e-01
7.625272274017333984e-01
7.755991220474243164e-01
7.320261597633361816e-01
7.821350693702697754e-01
7.930282950401306152e-01
7.908496856689453125e-01
7.886710166931152344e-01
7.995642423629760742e-01
7.145969271659851074e-01
7.668845057487487793e-01
7.952069640159606934e-01
8.191720843315124512e-01
8.169934749603271484e-01
8.257080316543579102e-01
8.213507533073425293e-01
8.322439789772033691e-01
8.278867006301879883e-01
7.973856329917907715e-01
8.518518805503845215e-01
8.671023845672607422e-01
7.690631747245788574e-01
8.344226479530334473e-01
8.605664372444152832e-01
8.692810535430908203e-01
8.736383318901062012e-01
8.518518805503845215e-01
8.562091588973999023e-01
8.474945425987243652e-01
8.627451062202453613e-01
8.888888955116271973e-01
9.084967374801635742e-01
9.172113537788391113e-01
8.801742792129516602e-01
8.779956698417663574e-01
9.063180685043334961e-01
9.215686321258544922e-01
9.128540158271789551e-01
9.063180685043334961e-01
9.215686321258544922e-01
8.976035118103027344e-01
9.193899631500244141e-01
9.455337524414062500e-01
9.150326848030090332e-01
9.041394591331481934e-01
9.542483687400817871e-01
9.564270377159118652e-01
9.019607901573181152e-01
9.302832484245300293e-01
9.629629850387573242e-01
9.346405267715454102e-01
9.106754064559936523e-01
8.997821211814880371e-01
9.433551430702209473e-01
7.755991220474243164e-01
9.324618577957153320e-01
9.128540158271789551e-01
9.803921580314636230e-01
9.673202633857727051e-01
9.651415944099426270e-01
9.716775417327880859e-01
8.692810535430908203e-01
8.474945425987243652e-01
9.498910903930664062e-01
9.259259104728698730e-01
9.607843160629272461e-01
9.869281053543090820e-01
9.912853837013244629e-01
9.825708270072937012e-01
9.891067743301391602e-01
9.564270377159118652e-01
9.302832484245300293e-01
9.433551430702209473e-01
9.215686321258544922e-01
9.542483687400817871e-01
9.760348796844482422e-01
9.825708270072937012e-01
8.910675644874572754e-01
9.738562107086181641e-01
9.847494363784790039e-01
9.629629850387573242e-01
9.542483687400817871e-01
9.498910903930664062e-01
9.324618577957153320e-01
