2.111081127117529418e-02
1.230379587834909416e-02
1.157223556163953192e-02
1.173356833890315185e-02
6.192555944172478677e-03
6.836317275173548619e-03
1.698108003979061434e-02
1.440783143816335050e-02
6.353774099037151277e-03
4.690538462997472131e-03
5.680947024319192053e-03
2.771283526037980355e-03
4.583357790257488497e-03
4.132938884689386916e-03
2.652058051823568546e-03
5.033743976095966452e-03
3.686374445212519269e-03
5.649961695983629455e-03
4.245220619440151152e-03
2.610508491204369379e-03
1.604755092124906038e-03
2.586796653458724345e-03
2.386406658604932514e-03
5.656375739884812216e-03
8.615097184370038713e-03
6.440548900534299841e-03
5.164614217679411486e-03
1.061914319692521674e-02
4.485349246875674004e-03
7.993713129770685030e-03
6.437113068487077504e-03
2.494019602417636705e-03
4.562367329463262559e-03
2.372733877743385920e-03
3.048502021701915681e-03
2.139071376725276610e-03
2.705190339571723716e-03
4.842636091229941125e-03
6.129816019545254041e-03
2.770861894769561292e-03
6.040340095775624356e-03
1.685005931272815860e-03
3.937336128465081068e-03
2.236821476676065321e-03
1.042893212954470279e-03
1.102630131322919179e-03
1.691595135758470602e-03
6.133190778106699902e-03
2.619935396191748565e-03
8.266955239498460437e-03
