9.051724076271057129e-01
8.842975497245788574e-01
9.210526347160339355e-01
8.965517282485961914e-01
9.338843226432800293e-01
9.322034120559692383e-01
8.583333492279052734e-01
8.907563090324401855e-01
9.327731132507324219e-01
9.663865566253662109e-01
9.333333373069763184e-01
9.750000238418579102e-01
9.416666626930236816e-01
9.579831957817077637e-01
9.752066135406494141e-01
9.499999880790710449e-01
9.586777091026306152e-01
9.499999880790710449e-01
9.752066135406494141e-01
9.590163826942443848e-01
9.918032884597778320e-01
9.915966391563415527e-01
9.754098653793334961e-01
9.504132270812988281e-01
9.579831957817077637e-01
9.338843226432800293e-01
9.421487450599670410e-01
9.075630307197570801e-01
9.430894255638122559e-01
9.338843226432800293e-01
9.416666626930236816e-01
9.752066135406494141e-01
9.747899174690246582e-01
9.672130942344665527e-01
9.508196711540222168e-01
1.000000000000000000e+00
9.834710955619812012e-01
9.504132270812988281e-01
9.661017060279846191e-01
9.583333134651184082e-01
9.416666626930236816e-01
9.834710955619812012e-01
9.440000057220458984e-01
9.833333492279052734e-01
9.918032884597778320e-01
9.917355179786682129e-01
9.754098653793334961e-01
9.579831957817077637e-01
9.666666388511657715e-01
9.250000119209289551e-01
