1.842725289104863926e-02
1.314318552127591994e-02
1.056879326211858892e-02
4.285113255306903339e-03
5.622902894920469262e-03
3.698096364002225606e-03
3.548594759117344906e-03
2.521097060372057101e-03
6.576933367763273912e-03
2.593605580922816057e-03
1.143650298662276209e-02
4.499382734562036752e-03
5.907197462814359201e-03
5.271406641123937108e-03
4.880083161025162292e-03
5.330372558048508333e-03
3.108070749922018251e-03
3.992791265665765303e-03
8.145083496963804320e-03
3.026647504070190901e-03
3.190139036727461606e-03
1.517533161718953279e-03
8.294744833944760198e-03
3.279858601581568060e-03
9.173154048035082409e-04
9.029960695902568280e-04
1.825998154073975050e-03
2.082039874388306490e-03
5.396829876777849231e-04
4.369202875041792479e-03
8.214889571106581689e-03
1.044379270283711005e-03
2.029301221358189005e-03
5.543859574160200660e-04
9.351896703437622229e-05
6.440609888890403258e-04
1.183325219966192875e-03
5.269048137100752760e-03
5.290291549894115403e-03
1.086872025396761095e-03
1.233111804064601635e-03
6.326793922813630892e-03
1.859328768750522637e-02
1.298592847038022337e-02
1.607872843324138377e-03
2.350826932871831519e-04
1.732744891269527186e-03
4.434989289014716965e-03
1.066569070292903510e-03
1.738663457180380785e-04
