1.880012680111958420e-02
8.293406858144230717e-03
9.982811546706568326e-03
1.051750816750554075e-02
5.986213746341269813e-03
3.503224829599701964e-03
3.441227908348499110e-03
5.459774483271859734e-03
6.354576772414161946e-03
9.000172674254718758e-03
9.931682757264376910e-03
2.248406577682481380e-03
1.991764756282596912e-03
3.505532572615664092e-03
4.277201482443799760e-03
3.244314687211305535e-03
5.718611416404048575e-03
4.026553383704249353e-03
7.182487511444816822e-04
7.269504106958660661e-04
6.371590164608890647e-04
6.081035192508454749e-04
6.044451173878226651e-04
5.866492205200038012e-04
5.863925709233569093e-04
5.726269320714483593e-04
6.006626110745064964e-04
5.982763291324350811e-04
5.555374108738217725e-04
5.425531223105887211e-04
5.329272861766059469e-04
5.242183192903917752e-04
5.255210513540033374e-04
5.083160326068490546e-04
4.995568524970480642e-04
4.919490226661845647e-04
4.744607708881460229e-04
4.630083152176185505e-04
4.541045911927049671e-04
4.393307617330694534e-04
4.274395213185824848e-04
4.147370751723517251e-04
4.024909223463711853e-04
3.892840157703792467e-04
3.969555843854863418e-04
4.288692903623549796e-02
1.138816468037876645e-02
5.437336785827561088e-03
1.933541829768555291e-03
8.344555989453246794e-03
