1.905007266194589099e-01
7.834116066391856592e-02
6.639419759537992793e-02
6.158267650054587844e-02
5.810800548686090305e-02
5.406305422040879466e-02
4.907932560689234197e-02
5.104414185787113645e-02
4.566843219471292820e-02
4.255202361789502813e-02
4.304036403613990119e-02
3.927183777420894389e-02
3.441317294841691327e-02
3.951253725767099600e-02
3.403953967755696253e-02
3.539533472467971259e-02
3.148193464128981600e-02
3.208131237560198773e-02
2.964699357957453069e-02
2.841919504125582294e-02
2.616059325767964780e-02
2.684225721233607365e-02
2.430463608081343679e-02
2.987481568553193231e-02
2.662747370665108013e-02
2.658604453544709256e-02
2.484631937214880001e-02
2.378707263830830143e-02
2.115363340152010344e-02
2.451578206187315923e-02
2.429676632465663580e-02
2.322511558639921495e-02
2.114204177646433064e-02
2.334641144763640805e-02
1.943214876425639059e-02
2.172353100943669527e-02
1.860433333750753301e-02
1.818286441500627931e-02
2.140064896215256723e-02
2.297675270256642130e-02
2.075105235694561095e-02
1.977745558044095853e-02
1.943136649860385465e-02
1.801139659446189534e-02
1.738932469840091463e-02
1.864699936122183460e-02
1.631275179902567235e-02
1.677812509421851284e-02
1.589184997503178404e-02
1.562946527366751784e-02
1.569581690216645745e-02
1.518266042951049374e-02
1.360050251633425876e-02
1.688945386591408915e-02
1.240608178297733337e-02
1.408074326093030661e-02
1.524339021302036426e-02
1.435809103552898938e-02
1.462062718568510680e-02
1.332079322436213568e-02
1.570692112526243800e-02
1.422535522265970173e-02
1.488263866941034672e-02
1.152634381711225946e-02
1.280540173736182015e-02
1.024108117562380973e-02
1.364349168877470979e-02
1.323828482137524333e-02
1.255457725960713346e-02
8.885394172065538484e-03
1.147399165685645574e-02
1.063528482783349972e-02
1.113547025161997113e-02
1.375383564131602357e-02
9.864477031708104859e-03
1.082638726029648210e-02
1.059210828873654794e-02
9.500066357288778143e-03
8.883141697116698349e-03
1.332479283466855152e-02
7.866292327652074298e-03
7.045361492337158006e-03
8.526597693037828857e-03
8.172893820871149351e-03
7.831889349800540828e-03
7.162416762794721926e-03
6.226025147978922133e-03
8.229345522225097256e-03
6.638255278614644400e-03
9.691310414515257043e-03
1.016586154926414978e-02
6.655060986899381630e-03
5.839317440000805874e-03
6.210970249471021651e-03
8.361381514445825544e-03
9.569485531082215501e-03
7.560019403860114909e-03
5.881166639108917869e-03
5.990678189218085793e-03
9.947505126890443181e-03
6.351409950200639226e-03
7.421940842076063527e-03
4.665636429573336019e-03
6.265865882194355564e-03
1.307335191339215226e-02
7.685501053940977517e-03
8.071977879235834458e-03
4.623501446789507648e-03
5.220580661820137594e-03
6.030854434437212322e-03
5.066830780860778413e-03
6.166727861620299733e-03
3.937332396975890512e-03
4.958465586835468682e-03
4.179715629123149055e-03
3.796725724623613643e-03
4.201846280567911318e-03
7.091505097376993305e-03
4.501167552418030952e-03
4.982489807390235934e-03
7.275272959299229625e-03
3.831904882776711666e-03
4.362749633496067203e-03
4.296186641195606608e-03
5.889730665699297908e-03
1.155909461190163072e-02
3.390214029026008928e-03
3.422783790658809680e-03
3.733577033026498713e-03
4.333083600499160540e-03
4.812898890437016138e-03
3.852003610211613555e-03
5.414889584226935046e-03
4.532705277437743506e-03
3.565594725626707213e-03
7.987939838749262209e-03
4.088459632244583093e-03
2.334215502729141030e-03
2.718142191185506009e-03
5.167920696365480362e-03
5.316965557333619245e-03
4.761345796106926202e-03
4.298865545313024575e-03
3.086189761622433556e-03
4.568764677288145171e-03
6.044392239081398770e-03
2.769046905099210257e-03
3.547571747662808632e-03
2.756261534144649819e-03
2.837460445545571339e-03
