3.365090642813516053e-02
2.436522646019740126e-02
1.605310518143799117e-02
1.050603458239415117e-02
1.148984509444231361e-02
1.265706730217704828e-02
9.133905159692846942e-03
1.006776087808914505e-02
1.171766516204559780e-02
5.487828631358782246e-03
5.804476684224052670e-03
1.043522958910528785e-02
6.172613111040964155e-03
6.683572473928059594e-03
8.295911636606877887e-03
1.165068960729129938e-02
1.283881091290703727e-02
4.476664308467342805e-03
3.326733651368422862e-03
1.045869149594496478e-02
3.448052891309640305e-03
1.769057935540123113e-03
2.486667461265714123e-03
1.723163943338256029e-03
4.182497247255976408e-03
2.429649930511756928e-02
7.137510317477443328e-03
3.918065527558279269e-03
4.586437481353350908e-03
5.844234964991801978e-03
3.788966038127426512e-03
1.579579525659492029e-02
8.912586966781188211e-03
2.837848472387887507e-03
4.588066555250364803e-03
4.586822314609489450e-03
5.185979415507776039e-03
2.512080414723387445e-03
2.851373785274728852e-03
3.738706884923248021e-03
3.487812710865908095e-03
2.286454391261352574e-03
2.914701804923805570e-03
1.193812472377705353e-02
1.453459434590558333e-02
2.957772710599297292e-03
2.771597992610558628e-03
4.040341609756329007e-03
3.900658759770123541e-03
5.659660300197093263e-03
