9.653679728507995605e-01
9.624060392379760742e-01
9.827400445938110352e-01
9.848484992980957031e-01
9.805194735527038574e-01
9.816216230392456055e-01
9.806659221649169922e-01
9.828141927719116211e-01
9.806867241859436035e-01
9.924650192260742188e-01
9.850427508354187012e-01
9.827586412429809570e-01
9.913700222969055176e-01
9.903121590614318848e-01
9.849137663841247559e-01
9.837662577629089355e-01
9.805825352668762207e-01
9.914346933364868164e-01
9.957035183906555176e-01
9.838709831237792969e-01
9.957081675529479980e-01
9.989281892776489258e-01
9.967845678329467773e-01
9.989270567893981934e-01
9.946523904800415039e-01
9.666307568550109863e-01
9.839743375778198242e-01
9.935622215270996094e-01
9.914163351058959961e-01
9.882227182388305664e-01
9.925053715705871582e-01
9.699892997741699219e-01
9.892241358757019043e-01
9.967776536941528320e-01
9.924973249435424805e-01
9.903743267059326172e-01
9.903329610824584961e-01
9.946523904800415039e-01
9.957081675529479980e-01
9.946351647377014160e-01
9.935759902000427246e-01
9.978540539741516113e-01
9.957173466682434082e-01
9.817204475402832031e-01
9.763185977935791016e-01
9.946409463882446289e-01
9.957173466682434082e-01
9.914163351058959961e-01
9.892818927764892578e-01
9.892818927764892578e-01
