1.461538523435592651e-01
4.705882370471954346e-01
5.562579035758972168e-01
6.441102623939514160e-01
6.782178282737731934e-01
7.321652173995971680e-01
7.591686844825744629e-01
7.690447568893432617e-01
7.802585363388061523e-01
7.978723645210266113e-01
8.140350580215454102e-01
8.004722595214843750e-01
8.233944773674011230e-01
8.439306616783142090e-01
8.369441032409667969e-01
8.558030724525451660e-01
8.461538553237915039e-01
8.594104051589965820e-01
8.576349020004272461e-01
8.928571343421936035e-01
8.818181753158569336e-01
8.584474921226501465e-01
8.885057568550109863e-01
9.111617207527160645e-01
8.826879262924194336e-01
9.005586504936218262e-01
9.097065329551696777e-01
9.224629402160644531e-01
9.103291630744934082e-01
9.267734289169311523e-01
9.139297604560852051e-01
9.233409762382507324e-01
9.096045494079589844e-01
9.253393411636352539e-01
9.189189076423645020e-01
9.191918969154357910e-01
9.357798099517822266e-01
9.311512708663940430e-01
9.286523461341857910e-01
9.240223169326782227e-01
9.381327629089355469e-01
9.313835501670837402e-01
9.359550476074218750e-01
9.306818246841430664e-01
9.335585832595825195e-01
9.358108043670654297e-01
9.343715310096740723e-01
9.458239078521728516e-01
9.365962147712707520e-01
9.422222375869750977e-01
9.442586302757263184e-01
9.464285969734191895e-01
9.420935511589050293e-01
9.399999976158142090e-01
9.541386961936950684e-01
9.553571343421936035e-01
9.385290741920471191e-01
9.605855941772460938e-01
9.598662257194519043e-01
9.396647810935974121e-01
9.384787678718566895e-01
9.459757208824157715e-01
9.641255736351013184e-01
9.493813514709472656e-01
9.404630661010742188e-01
9.523809552192687988e-01
9.613686800003051758e-01
9.576837420463562012e-01
9.577777981758117676e-01
9.623894095420837402e-01
9.677419066429138184e-01
9.677777886390686035e-01
9.523809552192687988e-01
9.590254426002502441e-01
9.627193212509155273e-01
9.490022063255310059e-01
9.600886702537536621e-01
9.577308297157287598e-01
9.573304057121276855e-01
9.757174253463745117e-01
9.735682606697082520e-01
9.756367802619934082e-01
9.690949320793151855e-01
9.555555582046508789e-01
9.678491950035095215e-01
9.726477265357971191e-01
9.801324605941772461e-01
9.778761267662048340e-01
9.823788404464721680e-01
9.757441878318786621e-01
9.757174253463745117e-01
9.802414774894714355e-01
9.737417697906494141e-01
9.678848385810852051e-01
9.638158082962036133e-01
9.724972248077392578e-01
9.803493618965148926e-01
9.678491950035095215e-01
9.692307710647583008e-01
9.847328066825866699e-01
9.769989252090454102e-01
9.814004302024841309e-01
9.858542084693908691e-01
9.857456088066101074e-01
9.769230484962463379e-01
9.583333134651184082e-01
9.858078360557556152e-01
9.833887219429016113e-01
9.670691490173339844e-01
9.824368953704833984e-01
9.878854751586914062e-01
9.803493618965148926e-01
9.857456088066101074e-01
9.726177453994750977e-01
9.890590906143188477e-01
9.802631735801696777e-01
9.868852496147155762e-01
9.891067743301391602e-01
9.890471100807189941e-01
9.824753403663635254e-01
9.728555679321289062e-01
9.824945330619812012e-01
9.726177453994750977e-01
9.869423508644104004e-01
9.857923388481140137e-01
9.738562107086181641e-01
9.967177510261535645e-01
9.846153855323791504e-01
9.791894555091857910e-01
9.792122244834899902e-01
9.923413395881652832e-01
9.857923388481140137e-01
9.912759065628051758e-01
9.967249035835266113e-01
9.891186356544494629e-01
9.847328066825866699e-01
9.989094734191894531e-01
9.836601018905639648e-01
9.792349934577941895e-01
9.802847504615783691e-01
9.934569001197814941e-01
9.978213310241699219e-01
9.912568330764770508e-01
9.890829920768737793e-01
9.836956262588500977e-01
9.836065769195556641e-01
9.879649877548217773e-01
9.890350699424743652e-01
9.814814925193786621e-01
9.934640526771545410e-01
