1.241830065846443176e-01
3.834422528743743896e-01
4.793028235435485840e-01
5.599128603935241699e-01
5.969498753547668457e-01
6.372548937797546387e-01
6.764705777168273926e-01
6.928104758262634277e-01
7.233115434646606445e-01
7.352941036224365234e-01
7.581699490547180176e-01
7.385621070861816406e-01
7.821350693702697754e-01
7.952069640159606934e-01
7.995642423629760742e-01
7.952069640159606934e-01
8.028322458267211914e-01
8.257080316543579102e-01
8.137254714965820312e-01
8.442265987396240234e-01
8.453159332275390625e-01
8.191720843315124512e-01
8.420479297637939453e-01
8.714597225189208984e-01
8.442265987396240234e-01
8.779956698417663574e-01
8.779956698417663574e-01
8.812636137008666992e-01
8.736383318901062012e-01
8.823529481887817383e-01
8.790849447250366211e-01
8.790849447250366211e-01
8.769063353538513184e-01
8.910675644874572754e-01
8.888888955116271973e-01
8.921568393707275391e-01
8.888888955116271973e-01
8.986927866935729980e-01
8.932461738586425781e-01
9.008714556694030762e-01
9.084967374801635742e-01
9.019607901573181152e-01
9.074074029922485352e-01
8.921568393707275391e-01
9.030501246452331543e-01
9.052287340164184570e-01
9.150326848030090332e-01
9.128540158271789551e-01
9.172113537788391113e-01
9.237473011016845703e-01
9.226579666137695312e-01
9.237473011016845703e-01
9.215686321258544922e-01
9.215686321258544922e-01
9.291939139366149902e-01
9.324618577957153320e-01
9.313725233078002930e-01
9.291939139366149902e-01
9.379084706306457520e-01
9.161220192909240723e-01
9.139433503150939941e-01
9.346405267715454102e-01
9.368191957473754883e-01
9.193899631500244141e-01
9.291939139366149902e-01
9.368191957473754883e-01
9.488017559051513672e-01
9.368191957473754883e-01
9.389978051185607910e-01
9.477124214172363281e-01
9.477124214172363281e-01
9.488017559051513672e-01
9.368191957473754883e-01
9.433551430702209473e-01
9.564270377159118652e-01
9.324618577957153320e-01
9.433551430702209473e-01
9.379084706306457520e-01
9.531590342521667480e-01
9.629629850387573242e-01
9.629629850387573242e-01
9.596949815750122070e-01
9.564270377159118652e-01
9.368191957473754883e-01
9.509803652763366699e-01
9.684095978736877441e-01
9.673202633857727051e-01
9.629629850387573242e-01
9.716775417327880859e-01
9.640522599220275879e-01
9.629629850387573242e-01
9.727668762207031250e-01
9.694989323616027832e-01
9.520696997642517090e-01
9.575163125991821289e-01
9.629629850387573242e-01
9.782134890556335449e-01
9.509803652763366699e-01
9.607843160629272461e-01
9.836601018905639648e-01
9.716775417327880859e-01
9.771241545677185059e-01
9.869281053543090820e-01
9.793028235435485840e-01
9.684095978736877441e-01
9.520696997642517090e-01
9.836601018905639648e-01
9.673202633857727051e-01
9.596949815750122070e-01
9.749455451965332031e-01
9.771241545677185059e-01
9.782134890556335449e-01
9.793028235435485840e-01
9.673202633857727051e-01
9.847494363784790039e-01
9.738562107086181641e-01
9.836601018905639648e-01
9.891067743301391602e-01
9.836601018905639648e-01
9.771241545677185059e-01
9.760348796844482422e-01
9.782134890556335449e-01
9.673202633857727051e-01
9.880174398422241211e-01
9.825708270072937012e-01
9.738562107086181641e-01
9.923747181892395020e-01
9.760348796844482422e-01
9.738562107086181641e-01
9.749455451965332031e-01
9.880174398422241211e-01
9.825708270072937012e-01
9.901960492134094238e-01
9.945533871650695801e-01
9.901960492134094238e-01
9.836601018905639648e-01
9.978213310241699219e-01
9.836601018905639648e-01
9.760348796844482422e-01
9.749455451965332031e-01
9.923747181892395020e-01
9.978213310241699219e-01
9.880174398422241211e-01
9.869281053543090820e-01
9.858387708663940430e-01
9.803921580314636230e-01
9.836601018905639648e-01
9.825708270072937012e-01
9.814814925193786621e-01
9.934640526771545410e-01
