19
[0.06677500403041788, 0.88461536, 0.8679245]

21
[0.05593248108721169, 0.95454544, 0.7924528]

23
[0.04837949349630252, 0.89285713, 0.9433962]

25
[0.03504140528386722, 0.9245283, 0.9245283]

27
[0.042257102222433535, 0.98, 0.9245283]

29
[0.04987527906690762, 0.94, 0.8867925]

31
[0.031610398064587125, 0.9583333, 0.8679245]

33
[0.02452742839570067, 0.9583333, 0.8679245]

vote:
precision= 0.8166666666666667
recall= 0.9245283018867925
f1= 0.8672566371681416

probability:
precision= 0.9791666666666666
recall= 0.8867924528301887
f1= 0.9306930693069307

