8.130885515964083599e-01
3.876725155683575230e-01
2.928149391636819532e-01
2.714473941333339080e-01
2.516774559369211461e-01
2.291726082635628381e-01
2.282230828754593377e-01
2.118730112701822932e-01
2.163752998425404195e-01
2.023826299440425469e-01
1.923357259127815855e-01
1.933133815126489297e-01
1.868757020194715401e-01
1.901198492332265844e-01
1.804789019425997176e-01
1.773759106806819807e-01
1.792537119404141177e-01
1.692074915806251467e-01
1.716509260010078697e-01
1.666410412734257995e-01
1.636228451967895736e-01
1.534032054928787803e-01
1.570010881976634520e-01
1.507741625637868954e-01
1.459636184713954954e-01
1.479800674131220850e-01
1.451314154539877221e-01
1.453529748036228864e-01
1.399553769799391778e-01
1.386370441385604835e-01
1.400129698691149616e-01
1.410513237825795907e-01
1.307182734926174983e-01
1.309679237077661929e-01
1.266325238663336405e-01
1.276650924532256037e-01
1.319629139498125214e-01
1.290504077869266686e-01
1.251052928037285350e-01
1.230748648643544274e-01
1.209395784589918227e-01
1.193838469578632905e-01
1.208798931527084036e-01
1.142672526670840821e-01
1.142467882563711901e-01
1.161374085656010774e-01
1.138082636236977252e-01
1.138153107949065324e-01
1.081898740274453291e-01
1.076302788643220820e-01
1.079756429436265763e-01
1.071356826037075938e-01
1.052362842006876742e-01
1.062815357168326313e-01
1.004948226072192308e-01
1.053897604052294323e-01
9.872050071271779026e-02
9.691991787314328810e-02
9.530568959323622302e-02
9.620325499965380611e-02
9.270507910950684383e-02
9.176673345460063802e-02
9.158548860101048406e-02
8.935660619886306999e-02
8.731595794844319858e-02
9.110782142289654273e-02
8.155047745963454886e-02
8.659226728843291698e-02
8.266754546460308717e-02
8.213036765646856974e-02
8.113706959891042736e-02
7.887718668042399683e-02
7.412036502081001399e-02
7.473804605672937362e-02
7.172133645740585983e-02
6.854516998293894159e-02
7.531588977050951428e-02
7.307369262201809934e-02
6.603620815858218807e-02
6.900116859642312084e-02
6.550957708429420989e-02
6.316480639789921747e-02
6.088662748131778296e-02
5.619708816599869317e-02
5.726483889879876998e-02
5.975866448773307221e-02
5.609044637603111810e-02
5.451390315171148609e-02
5.877399343476595595e-02
5.437294139395593834e-02
4.846599889486981338e-02
5.207845182585125327e-02
4.678918068942706371e-02
4.581225070012782258e-02
3.908889662822704475e-02
4.184675616812070370e-02
4.105081130884360302e-02
3.724985331457850157e-02
3.844959683428968850e-02
3.968697183290009062e-02
3.524696012935362582e-02
3.183161164375548219e-02
3.326846886480223225e-02
3.229710408900034885e-02
3.278066777342286686e-02
2.806307291432250800e-02
2.821024779844215694e-02
3.158057745522501597e-02
2.450879525235327705e-02
2.490393912564687479e-02
2.161797760682901068e-02
2.584220011656361560e-02
3.079143206837722802e-02
3.093193938797744735e-02
2.014962199284522221e-02
1.329167118309381931e-02
2.872348568690153217e-02
2.061025717238406871e-02
1.536995748867082436e-02
1.644287256161658037e-02
2.213265557439079295e-02
1.826018202162728310e-02
1.555960821305006452e-02
2.354359677742992249e-02
2.067009462069778133e-02
1.261771444515669832e-02
1.090799525017093451e-02
3.137471552489490279e-02
1.705666490055098364e-02
1.514992846283618085e-02
1.417454963814015860e-02
1.363628834987802747e-02
1.889617016973850830e-02
1.037967079588430173e-02
2.860586568493019358e-02
1.590752340768374073e-02
8.756762902634543030e-03
1.476887842277001955e-02
1.449063144878615442e-02
1.942335452907086035e-02
1.940806589792884798e-02
2.691170850512798404e-02
9.097661068980385582e-03
4.913543276746965005e-03
9.114340307504477032e-03
1.845932409210531561e-02
1.397976852889917625e-02
1.236009797799434741e-02
6.810407168745301679e-03
1.878136151038499110e-02
