2.050905525684356689e-01
4.420715570449829102e-01
6.005181074142456055e-01
6.416330933570861816e-01
6.605597734451293945e-01
6.875949501991271973e-01
6.918810009956359863e-01
7.101958990097045898e-01
7.092198729515075684e-01
7.247846126556396484e-01
7.347652316093444824e-01
7.403702139854431152e-01
7.512664794921875000e-01
7.453164458274841309e-01
7.604327797889709473e-01
7.656967639923095703e-01
7.577889561653137207e-01
7.790580987930297852e-01
7.776654958724975586e-01
7.818366289138793945e-01
7.744174599647521973e-01
8.104313015937805176e-01
7.963891625404357910e-01
8.081713914871215820e-01
8.111056089401245117e-01
8.111609220504760742e-01
8.187751173973083496e-01
8.175944089889526367e-01
8.147233128547668457e-01
8.192231059074401855e-01
8.140900135040283203e-01
8.205506205558776855e-01
8.371062874794006348e-01
8.322644233703613281e-01
8.444004058837890625e-01
8.418719172477722168e-01
8.277227878570556641e-01
8.475000262260437012e-01
8.504441976547241211e-01
8.411850333213806152e-01
8.480078577995300293e-01
8.518337607383728027e-01
8.439613580703735352e-01
8.552631735801696777e-01
8.624697327613830566e-01
8.541867136955261230e-01
8.616049885749816895e-01
8.584541082382202148e-01
8.595317602157592773e-01
8.697539567947387695e-01
8.647618889808654785e-01
8.667296767234802246e-01
8.772858381271362305e-01
8.686096668243408203e-01
8.726145029067993164e-01
8.690926432609558105e-01
8.803986907005310059e-01
8.824635744094848633e-01
8.817710876464843750e-01
8.789300918579101562e-01
8.954309821128845215e-01
8.838289976119995117e-01
8.840982913970947266e-01
8.899210691452026367e-01
8.933395147323608398e-01
8.899297714233398438e-01
8.997711539268493652e-01
8.870818018913269043e-01
8.986517786979675293e-01
8.942307829856872559e-01
8.968363404273986816e-01
8.941390514373779297e-01
9.094252586364746094e-01
9.099723100662231445e-01
9.080564379692077637e-01
9.153845906257629395e-01
9.053497910499572754e-01
9.111111164093017578e-01
9.242902398109436035e-01
9.127880930900573730e-01
9.252847433090209961e-01
9.322111010551452637e-01
9.236947894096374512e-01
9.300356507301330566e-01
9.266340732574462891e-01
9.269487857818603516e-01
9.248452782630920410e-01
9.345422387123107910e-01
9.245033264160156250e-01
9.333333373069763184e-01
9.392605423927307129e-01
9.333333373069763184e-01
9.424175620079040527e-01
9.384010434150695801e-01
9.508908987045288086e-01
9.407439231872558594e-01
9.507625102996826172e-01
9.531453251838684082e-01
9.497835636138916016e-01
9.465913772583007812e-01
9.493561983108520508e-01
9.596179127693176270e-01
9.572723507881164551e-01
9.561101794242858887e-01
9.537869095802307129e-01
9.624091982841491699e-01
9.590268731117248535e-01
9.575107097625732422e-01
9.630886912345886230e-01
9.663256406784057617e-01
9.733163714408874512e-01
9.626802206039428711e-01
9.561515450477600098e-01
9.574105739593505859e-01
9.715981483459472656e-01
9.836065769195556641e-01
9.595572352409362793e-01
9.757859110832214355e-01
9.781696200370788574e-01
9.767834544181823730e-01
9.624155163764953613e-01
9.723270535469055176e-01
9.784809947013854980e-01
9.637283682823181152e-01
9.688814282417297363e-01
9.832144379615783691e-01
9.869363903999328613e-01
9.567796587944030762e-01
9.726775884628295898e-01
9.768810272216796875e-01
9.831223487854003906e-01
9.839797616004943848e-01
9.726890921592712402e-01
9.882352948188781738e-01
9.622881412506103516e-01
9.760705232620239258e-01
9.886887073516845703e-01
9.802438020706176758e-01
9.782062172889709473e-01
9.706129431724548340e-01
9.726430773735046387e-01
9.626834392547607422e-01
9.845705032348632812e-01
9.945606589317321777e-01
9.865602850914001465e-01
9.710084199905395508e-01
9.815126061439514160e-01
9.807370305061340332e-01
9.912207126617431641e-01
9.731993079185485840e-01
