1.746561080217361450e-01
3.451438248157501221e-01
4.831179678440093994e-01
5.306377410888671875e-01
5.410587787628173828e-01
5.660691857337951660e-01
5.719049572944641113e-01
5.894122719764709473e-01
5.835765004158020020e-01
5.960816740989685059e-01
6.131721735000610352e-01
6.169236898422241211e-01
6.181742548942565918e-01
6.135889887809753418e-01
6.152563691139221191e-01
6.252605319023132324e-01
6.285952329635620117e-01
6.481867432594299316e-01
6.415172815322875977e-01
6.423509716987609863e-01
6.511046290397644043e-01
6.736140251159667969e-01
6.619424819946289062e-01
6.761150360107421875e-01
6.819508075714111328e-01
6.786161065101623535e-01
6.798666119575500488e-01
6.857023835182189941e-01
6.873697638511657715e-01
6.857023835182189941e-01
6.936223506927490234e-01
6.957065463066101074e-01
7.090454101562500000e-01
7.032096982002258301e-01
7.102959752082824707e-01
7.123801708221435547e-01
6.969570517539978027e-01
7.065443992614746094e-01
7.182159423828125000e-01
7.219674587249755859e-01
7.186327576637268066e-01
7.261359095573425293e-01
7.282201051712036133e-01
7.315548062324523926e-01
7.423926591873168945e-01
7.398916482925415039e-01
7.473947405815124512e-01
7.407252788543701172e-01
7.498958110809326172e-01
7.515631318092346191e-01
7.569820880889892578e-01
7.644851803779602051e-01
7.598999738693237305e-01
7.578157782554626465e-01
7.624009847640991211e-01
7.665693759918212891e-01
7.732388377189636230e-01
7.824093103408813477e-01
7.803251147270202637e-01
7.807419896125793457e-01
7.924135327339172363e-01
7.928303480148315430e-01
7.949145436286926270e-01
7.986661195755004883e-01
7.994998097419738770e-01
7.919966578483581543e-01
8.195081353187561035e-01
7.957482337951660156e-01
8.057523965835571289e-01
8.140891790390014648e-01
8.153397440910339355e-01
8.203418254852294922e-01
8.245102167129516602e-01
8.215923309326171875e-01
8.315964937210083008e-01
8.432680368423461914e-01
8.253439068794250488e-01
8.374322652816772461e-01
8.549395799636840820e-01
8.420175313949584961e-01
8.466027379035949707e-01
8.541058897972106934e-01
8.628595471382141113e-01
8.699458241462707520e-01
8.686953186988830566e-01
8.674447536468505859e-01
8.720300197601318359e-01
8.807836771011352539e-01
8.728637099266052246e-01
8.812004923820495605e-01
8.895373344421386719e-01
8.812004923820495605e-01
8.937057256698608398e-01
8.953730463981628418e-01
9.120466709136962891e-01
9.066277742385864258e-01
9.095456600189208984e-01
9.157982468605041504e-01
9.145477414131164551e-01
9.087119698524475098e-01
9.220508337020874023e-01
9.212172031402587891e-01
9.245519042015075684e-01
9.262192845344543457e-01
9.291371107101440430e-01
9.391413331031799316e-01
9.366402626037597656e-01
9.299708008766174316e-01
9.462276101112365723e-01
9.449770450592041016e-01
9.578991532325744629e-01
9.462276101112365723e-01
9.362234473228454590e-01
9.370570778846740723e-01
9.553980827331542969e-01
9.754064083099365234e-01
9.395581483840942383e-01
9.574822783470153809e-01
9.712380170822143555e-01
9.645685553550720215e-01
9.499791860580444336e-01
9.666527509689331055e-01
9.666527509689331055e-01
9.524801969528198242e-01
9.604001641273498535e-01
9.766569137573242188e-01
9.762400984764099121e-01
9.412255287170410156e-01
9.645685553550720215e-01
9.687369465827941895e-01
9.712380170822143555e-01
9.729053974151611328e-01
9.649854302406311035e-01
9.804084897041320801e-01
9.466444253921508789e-01
9.691538214683532715e-01
9.837432503700256348e-01
9.720717072486877441e-01
9.729053974151611328e-01
9.637348651885986328e-01
9.633180499076843262e-01
9.570654630661010742e-01
9.841600656509399414e-01
9.908295273780822754e-01
9.791579842567443848e-01
9.633180499076843262e-01
9.737390875816345215e-01
9.762400984764099121e-01
9.883284568786621094e-01
9.687369465827941895e-01
