1.246458888053894043e-01
2.974504232406616211e-01
3.342776298522949219e-01
3.682719469070434570e-01
4.617563784122467041e-01
4.787535369396209717e-01
5.099149942398071289e-01
4.730878174304962158e-01
4.390934705734252930e-01
4.844192564487457275e-01
5.240793228149414062e-01
5.325779318809509277e-01
5.325779318809509277e-01
5.439093708992004395e-01
5.495750904083251953e-01
5.382436513900756836e-01
5.524079203605651855e-01
5.580736398696899414e-01
5.835694074630737305e-01
5.184136033058166504e-01
5.835694074630737305e-01
5.977337360382080078e-01
5.835694074630737305e-01
6.232294440269470215e-01
5.892351269721984863e-01
5.949008464813232422e-01
6.033994555473327637e-01
6.203966140747070312e-01
6.090651750564575195e-01
6.572238206863403320e-01
6.402266025543212891e-01
6.260623335838317871e-01
6.543909311294555664e-01
6.713880896568298340e-01
6.402266025543212891e-01
6.742209792137145996e-01
6.968838572502136230e-01
6.742209792137145996e-01
6.572238206863403320e-01
7.337110638618469238e-01
6.883852481842041016e-01
6.883852481842041016e-01
6.968838572502136230e-01
7.252124547958374023e-01
6.855524182319641113e-01
7.422096133232116699e-01
6.997166872024536133e-01
7.478753328323364258e-01
7.082152962684631348e-01
7.790368199348449707e-01
7.535410523414611816e-01
7.705382704734802246e-01
7.450425028800964355e-01
7.733711004257202148e-01
7.705382704734802246e-01
7.818697094917297363e-01
7.847025394439697266e-01
8.130311369895935059e-01
7.818697094917297363e-01
8.073654174804687500e-01
8.271954655647277832e-01
8.243626356124877930e-01
8.271954655647277832e-01
8.413597941398620605e-01
8.215297460556030273e-01
7.847025394439697266e-01
8.413597941398620605e-01
8.668555021286010742e-01
8.668555021286010742e-01
8.555240631103515625e-01
8.441926240921020508e-01
8.441926240921020508e-01
8.753541111946105957e-01
9.065155982971191406e-01
8.895184397697448730e-01
8.725212216377258301e-01
8.611897826194763184e-01
8.611897826194763184e-01
8.866855502128601074e-01
9.036827087402343750e-01
8.668555021286010742e-01
8.555240631103515625e-01
9.036827087402343750e-01
8.923512697219848633e-01
9.178470373153686523e-01
9.093484282493591309e-01
8.441926240921020508e-01
9.150141477584838867e-01
9.461756348609924316e-01
9.008498787879943848e-01
9.008498787879943848e-01
8.923512697219848633e-01
9.348441958427429199e-01
9.405099153518676758e-01
9.320113062858581543e-01
9.093484282493591309e-01
9.235127568244934082e-01
9.376770257949829102e-01
9.433428049087524414e-01
9.631727933883666992e-01
9.461756348609924316e-01
8.866855502128601074e-01
9.376770257949829102e-01
9.490085244178771973e-01
9.206798672676086426e-01
9.206798672676086426e-01
9.121813178062438965e-01
9.461756348609924316e-01
9.688385128974914551e-01
9.376770257949829102e-01
9.490085244178771973e-01
9.263455867767333984e-01
9.291784763336181641e-01
9.490085244178771973e-01
9.546742439270019531e-01
9.858356714248657227e-01
9.660056829452514648e-01
9.376770257949829102e-01
9.518413543701171875e-01
9.603399634361267090e-01
9.716714024543762207e-01
9.858356714248657227e-01
9.858356714248657227e-01
9.830028414726257324e-01
9.065155982971191406e-01
8.980169892311096191e-01
8.923512697219848633e-01
9.858356714248657227e-01
9.830028414726257324e-01
9.745042324066162109e-01
9.830028414726257324e-01
9.773371219635009766e-01
9.631727933883666992e-01
9.745042324066162109e-01
9.546742439270019531e-01
9.376770257949829102e-01
9.660056829452514648e-01
9.263455867767333984e-01
9.631727933883666992e-01
9.773371219635009766e-01
9.915013909339904785e-01
9.943342804908752441e-01
1.000000000000000000e+00
1.000000000000000000e+00
1.000000000000000000e+00
1.000000000000000000e+00
1.000000000000000000e+00
1.000000000000000000e+00
1.000000000000000000e+00
1.000000000000000000e+00
