1.431814783412943722e-02
1.330212753452372949e-02
1.373542789967671825e-02
1.204680770596428321e-02
1.150623767568088526e-02
8.571053817703131253e-03
9.080340876821288432e-03
9.245376253437848427e-03
9.383316694043717515e-03
8.378593647041077119e-03
7.449914855769059104e-03
8.065197471715640151e-03
9.843853044220127191e-03
1.018608544084335238e-02
9.246912642901823284e-03
6.524445837146976117e-03
5.924019583041619311e-03
4.977388463152700344e-03
7.153334488998703417e-03
7.275811548079457770e-03
4.686596908738042619e-03
7.628998418345603501e-03
4.886442558897861541e-03
4.957870452138920560e-03
6.795091704995001244e-03
4.114958171554639575e-03
3.608064569209572074e-03
5.217276524359788087e-03
5.709661834439567346e-03
4.453395488454720864e-03
5.788589399086901781e-03
5.605398405222112093e-03
4.217054763305129635e-03
3.614706198898518831e-03
5.317516453858174563e-03
3.957379787696111047e-03
5.168423620422721992e-03
4.945766545713603524e-03
4.134368950363600560e-03
3.307076413558893233e-03
2.594454677262769682e-03
3.379678373550629774e-03
2.245967738093232989e-03
3.924864879195542888e-03
2.229937957988131943e-03
1.712704831034825813e-03
3.613980832849528202e-03
3.034448915044007933e-03
2.906322800699547709e-03
3.770359131212456302e-03
