9.908218383789062500e-01
9.812656044960021973e-01
9.837024807929992676e-01
9.903926253318786621e-01
9.916527271270751953e-01
9.882845282554626465e-01
9.937499761581420898e-01
9.790882468223571777e-01
9.941545128822326660e-01
9.958280920982360840e-01
9.899749159812927246e-01
9.837160706520080566e-01
9.824488162994384766e-01
9.904166460037231445e-01
9.908333420753479004e-01
9.903765916824340820e-01
9.878863692283630371e-01
9.974937438964843750e-01
9.724655747413635254e-01
9.949874877929687500e-01
9.949895739555358887e-01
9.995831847190856934e-01
9.958333373069763184e-01
9.874581694602966309e-01
9.757525324821472168e-01
9.941520690917968750e-01
9.974979162216186523e-01
9.866666793823242188e-01
9.878762364387512207e-01
9.904046654701232910e-01
9.887406229972839355e-01
9.899874925613403320e-01
9.924937486648559570e-01
9.858274459838867188e-01
9.962421655654907227e-01
9.975031018257141113e-01
9.850249290466308594e-01
9.824120402336120605e-01
9.929225444793701172e-01
9.991645812988281250e-01
9.949937462806701660e-01
9.812656044960021973e-01
9.924685955047607422e-01
9.949895739555358887e-01
9.945743083953857422e-01
9.962499737739562988e-01
9.811872839927673340e-01
9.845188260078430176e-01
9.920767545700073242e-01
9.904166460037231445e-01
