1.612492125478040897e-02
1.692736158769550178e-02
1.444121349692114101e-02
1.480196161820543366e-02
1.289687297472121193e-02
1.227735965455472797e-02
1.632205972046381001e-02
1.662100347978770834e-02
1.138525358697783929e-02
8.462937757100377420e-03
1.898891982181255197e-02
1.346024395418443827e-02
7.341739393916735072e-03
1.925697435547165173e-02
1.455600105941668235e-02
1.150298897161775025e-02
9.189043339115611497e-03
1.031855121144044547e-02
1.703945806112093508e-02
1.337505606970463071e-02
9.481964425173418018e-03
9.827883586948322342e-03
5.375181528396666408e-03
8.519042425218439560e-03
2.161451022576386591e-02
1.053797280698389946e-02
2.540734466330035052e-02
8.386253288534942230e-03
3.956706558306264873e-03
9.062654383637479272e-03
1.242414845076155079e-02
1.031356205178310045e-02
9.312697687541936567e-03
1.690051261871936689e-02
9.829493084562242536e-03
8.503015155977223377e-03
9.891938134751723094e-03
8.546296914197570177e-03
2.671476121178673058e-02
1.226125018783377763e-02
3.474205987138671327e-03
1.705203802134599165e-03
6.932694025955158908e-04
5.468401477522159956e-04
5.452967133461367362e-04
5.743715843667144758e-04
5.767839506596062491e-04
6.465765704171798356e-02
9.583913688183204327e-03
9.820474503575159914e-03
