9.720717072486877441e-01
9.666527509689331055e-01
9.733222126960754395e-01
9.733222126960754395e-01
9.770737886428833008e-01
9.770737886428833008e-01
9.716548323631286621e-01
9.670696258544921875e-01
9.795747995376586914e-01
9.866611361503601074e-01
9.695706367492675781e-01
9.762400984764099121e-01
9.870779514312744141e-01
9.674864411354064941e-01
9.729053974151611328e-01
9.787411689758300781e-01
9.812421798706054688e-01
9.820758700370788574e-01
9.670696258544921875e-01
9.745727181434631348e-01
9.858274459838867188e-01
9.795747995376586914e-01
9.924968481063842773e-01
9.829095602035522461e-01
9.649854302406311035e-01
9.837432503700256348e-01
9.587327837944030762e-01
9.841600656509399414e-01
9.949979186058044434e-01
9.862442612648010254e-01
9.799916744232177734e-01
9.770737886428833008e-01
9.849937558174133301e-01
9.704043269157409668e-01
9.845768809318542480e-01
9.858274459838867188e-01
9.820758700370788574e-01
9.845768809318542480e-01
9.629012346267700195e-01
9.787411689758300781e-01
9.941642284393310547e-01
9.983326196670532227e-01
1.000000000000000000e+00
1.000000000000000000e+00
1.000000000000000000e+00
1.000000000000000000e+00
1.000000000000000000e+00
9.078782796859741211e-01
9.816589951515197754e-01
9.816589951515197754e-01
