1.381394680938460677e-02
1.815052047988654008e-02
1.438104406000688396e-02
1.359697861260481498e-02
1.766460027305009547e-02
1.329110047669378007e-02
1.258620749868320961e-02
1.735516768672631591e-02
1.684748464106431906e-02
7.760228623652777949e-03
1.597800112526110219e-02
7.738291626867246052e-03
8.336927987075170784e-03
2.843659220989622552e-02
7.363625731158576770e-03
1.327312921964142467e-02
1.480368707601068153e-02
7.108044254438838916e-03
7.464589667422368881e-03
1.111995224265213168e-02
2.657178389061752577e-02
5.020079751652303975e-03
7.637153826094823447e-03
6.349376115189725271e-03
2.203708991696557568e-02
6.055097149977976823e-03
4.555160532430235255e-03
2.019548008061874001e-03
3.520053866033415885e-02
1.522369206439863794e-02
8.113851686871190183e-03
2.857691127536799141e-03
1.489827258863935314e-02
1.283720358062142783e-02
9.515855048423447690e-03
2.409889440226366600e-02
4.155622919556783458e-03
2.000507408000424137e-03
2.192864887571847280e-03
2.804514290579902813e-02
5.645451983702649834e-03
9.530182741287383796e-03
1.619690701551109585e-02
1.217742185203252170e-02
1.106018976467463590e-02
6.219463558554783750e-03
9.754766403425228988e-04
1.660529616316569826e-02
1.848636687851989632e-02
6.618334570957182597e-03
