9.799666404724121094e-01
9.739386439323425293e-01
9.806397557258605957e-01
9.828380346298217773e-01
9.736621975898742676e-01
9.803346991539001465e-01
9.827948212623596191e-01
9.790444374084472656e-01
9.765690565109252930e-01
9.891213178634643555e-01
9.769101738929748535e-01
9.895528554916381836e-01
9.887029528617858887e-01
9.601007699966430664e-01
9.932857751846313477e-01
9.786252975463867188e-01
9.794377088546752930e-01
9.903926253318786621e-01
9.920601844787597656e-01
9.848866462707519531e-01
9.592950344085693359e-01
9.933138489723205566e-01
9.903805851936340332e-01
9.932942390441894531e-01
9.685666561126708984e-01
9.924717545509338379e-01
9.937369227409362793e-01
9.983312487602233887e-01
9.541438817977905273e-01
9.781696200370788574e-01
9.891259074211120605e-01
9.970772266387939453e-01
9.795150756835937500e-01
9.832355380058288574e-01
9.887217879295349121e-01
9.628547430038452148e-01
9.950041770935058594e-01
9.987474083900451660e-01
9.987468719482421875e-01
9.613769650459289551e-01
9.916457533836364746e-01
9.845446944236755371e-01
9.770162701606750488e-01
9.820684194564819336e-01
9.841004014015197754e-01
9.912353754043579102e-01
1.000000000000000000e+00
9.786521792411804199e-01
9.732217788696289062e-01
9.903846383094787598e-01
