1.771217733621597290e-01
4.631710350513458252e-01
5.525672435760498047e-01
6.435523033142089844e-01
6.574519276618957520e-01
7.130852341651916504e-01
7.229336500167846680e-01
7.565011978149414062e-01
7.871345281600952148e-01
7.926973104476928711e-01
7.988636493682861328e-01
8.189157843589782715e-01
8.161180615425109863e-01
8.333333134651184082e-01
8.605174422264099121e-01
8.301462531089782715e-01
8.509669899940490723e-01
8.868778347969055176e-01
8.845726847648620605e-01
8.762431144714355469e-01
9.035874605178833008e-01
8.645374178886413574e-01
8.970917463302612305e-01
8.776185512542724609e-01
9.014396667480468750e-01
8.925438523292541504e-01
9.093922376632690430e-01
9.112097620964050293e-01
9.134294986724853516e-01
9.181416034698486328e-01
9.183444976806640625e-01
9.363128542900085449e-01
9.302325844764709473e-01
9.312638640403747559e-01
9.279379248619079590e-01
9.211391210556030273e-01
9.362637400627136230e-01
9.334811568260192871e-01
9.334061145782470703e-01
9.263736009597778320e-01
9.277108311653137207e-01
9.416941404342651367e-01
9.443231225013732910e-01
9.393282532691955566e-01
9.560439586639404297e-01
9.434167742729187012e-01
9.605262875556945801e-01
9.474835991859436035e-01
9.574699997901916504e-01
9.465065598487854004e-01
9.503775835037231445e-01
9.526372551918029785e-01
9.491891860961914062e-01
9.529411792755126953e-01
9.534127712249755859e-01
9.586056470870971680e-01
9.634014964103698730e-01
9.619978070259094238e-01
9.672846198081970215e-01
9.593147635459899902e-01
9.469696879386901855e-01
9.535135030746459961e-01
9.687836170196533203e-01
9.654054045677185059e-01
9.601293206214904785e-01
9.750812649726867676e-01
9.755319356918334961e-01
9.698600769042968750e-01
9.838013052940368652e-01
9.753747582435607910e-01
9.786324501037597656e-01
9.774436354637145996e-01
9.667738676071166992e-01
9.677765965461730957e-01
9.622845053672790527e-01
9.817204475402832031e-01
9.806451797485351562e-01
9.647436141967773438e-01
9.754273295402526855e-01
9.796137213706970215e-01
9.722222089767456055e-01
9.840255379676818848e-01
9.723109602928161621e-01
9.776119589805603027e-01
9.818181991577148438e-01
9.957355856895446777e-01
9.914893507957458496e-01
9.723991751670837402e-01
9.786324501037597656e-01
9.827027320861816406e-01
9.925133585929870605e-01
9.819341301918029785e-01
9.777070283889770508e-01
9.808917045593261719e-01
9.861407279968261719e-01
9.808510541915893555e-01
9.711538553237915039e-01
9.776833057403564453e-01
9.946751594543457031e-01
9.946864843368530273e-01
9.947034120559692383e-01
9.830867052078247070e-01
9.691817164421081543e-01
9.818763136863708496e-01
9.978700876235961914e-01
9.978768825531005859e-01
9.904255270957946777e-01
9.766206145286560059e-01
9.903948903083801270e-01
9.851694703102111816e-01
9.797872304916381836e-01
9.799154400825500488e-01
9.893503785133361816e-01
9.946864843368530273e-01
9.968186616897583008e-01
9.767195582389831543e-01
9.936373233795166016e-01
9.915254116058349609e-01
9.840764403343200684e-01
9.764705896377563477e-01
9.968085289001464844e-01
9.946977496147155762e-01
9.978768825531005859e-01
9.978790879249572754e-01
9.819341301918029785e-01
9.744681119918823242e-01
9.883350729942321777e-01
9.904255270957946777e-01
9.989350438117980957e-01
1.000000000000000000e+00
9.968085289001464844e-01
9.850746393203735352e-01
9.893955588340759277e-01
9.946751594543457031e-01
9.925690293312072754e-01
9.946921467781066895e-01
9.968186616897583008e-01
9.968186616897583008e-01
9.703075289726257324e-01
9.925690293312072754e-01
9.936440587043762207e-01
9.861848950386047363e-01
9.883350729942321777e-01
1.000000000000000000e+00
1.000000000000000000e+00
1.000000000000000000e+00
1.000000000000000000e+00
1.000000000000000000e+00
1.000000000000000000e+00
1.000000000000000000e+00
