1.527041345834732056e-01
3.934252262115478516e-01
4.793213009834289551e-01
5.609756112098693848e-01
5.800636410713195801e-01
6.299045681953430176e-01
6.585366129875183105e-01
6.786850690841674805e-01
7.136797308921813965e-01
7.136797308921813965e-01
7.454931139945983887e-01
7.529162168502807617e-01
7.624602317810058594e-01
7.847295999526977539e-01
8.112407326698303223e-01
7.826086878776550293e-01
7.932131290435791016e-01
8.313891887664794922e-01
8.451749682426452637e-01
8.409332036972045898e-01
8.547189831733703613e-01
8.324496150016784668e-01
8.504772186279296875e-01
8.441145420074462891e-01
8.632025718688964844e-01
8.632025718688964844e-01
8.727465271949768066e-01
8.706256747245788574e-01
8.727465271949768066e-01
8.801696896553039551e-01
8.706256747245788574e-01
8.886532187461853027e-01
8.907741308212280273e-01
8.907741308212280273e-01
8.875927925109863281e-01
8.918345570564270020e-01
9.034994840621948242e-01
8.928950428962707520e-01
9.066808223724365234e-01
8.939554691314697266e-01
8.981972336769104004e-01
9.077412486076354980e-01
9.172852635383605957e-01
9.194061756134033203e-01
9.225875139236450195e-01
9.194061756134033203e-01
9.289501309394836426e-01
9.183456897735595703e-01
9.310710430145263672e-01
9.194061756134033203e-01
9.342523813247680664e-01
9.384941458702087402e-01
9.310710430145263672e-01
9.448568224906921387e-01
9.331919550895690918e-01
9.331919550895690918e-01
9.490986466407775879e-01
9.395546317100524902e-01
9.406150579452514648e-01
9.501590728759765625e-01
9.278897047042846680e-01
9.353128075599670410e-01
9.544008374214172363e-01
9.469777345657348633e-01
9.448568224906921387e-01
9.544008374214172363e-01
9.724284410476684570e-01
9.554613232612609863e-01
9.660657644271850586e-01
9.660657644271850586e-01
9.713679552078247070e-01
9.650052785873413086e-01
9.565217494964599609e-01
9.554613232612609863e-01
9.469777345657348633e-01
9.681866168975830078e-01
9.671261906623840332e-01
9.575821757316589355e-01
9.681866168975830078e-01
9.681866168975830078e-01
9.650052785873413086e-01
9.798515439033508301e-01
9.681866168975830078e-01
9.724284410476684570e-01
9.734888672828674316e-01
9.904559850692749023e-01
9.883350729942321777e-01
9.713679552078247070e-01
9.713679552078247070e-01
9.639448523521423340e-01
9.840933084487915039e-01
9.798515439033508301e-01
9.766702055931091309e-01
9.798515439033508301e-01
9.809119701385498047e-01
9.777306318283081055e-01
9.639448523521423340e-01
9.756097793579101562e-01
9.904559850692749023e-01
9.925768971443176270e-01
9.957582354545593262e-01
9.862142205238342285e-01
9.671261906623840332e-01
9.766702055931091309e-01
9.936373233795166016e-01
9.968186616897583008e-01
9.872746467590332031e-01
9.745492935180664062e-01
9.840933084487915039e-01
9.862142205238342285e-01
9.766702055931091309e-01
9.830328822135925293e-01
9.851537942886352539e-01
9.925768971443176270e-01
9.968186616897583008e-01
9.787911176681518555e-01
9.936373233795166016e-01
9.925768971443176270e-01
9.830328822135925293e-01
9.681866168975830078e-01
9.936373233795166016e-01
9.946977496147155762e-01
9.968186616897583008e-01
9.978790879249572754e-01
9.798515439033508301e-01
9.713679552078247070e-01
9.883350729942321777e-01
9.872746467590332031e-01
9.946977496147155762e-01
9.989395737648010254e-01
9.936373233795166016e-01
9.798515439033508301e-01
9.893955588340759277e-01
9.904559850692749023e-01
9.915164113044738770e-01
9.936373233795166016e-01
9.968186616897583008e-01
9.968186616897583008e-01
9.703075289726257324e-01
9.915164113044738770e-01
9.946977496147155762e-01
9.840933084487915039e-01
9.883350729942321777e-01
9.989395737648010254e-01
1.000000000000000000e+00
1.000000000000000000e+00
1.000000000000000000e+00
1.000000000000000000e+00
1.000000000000000000e+00
9.989395737648010254e-01
