3.156107234930737304e-01
1.081258361219665232e-01
6.675449549920507708e-02
6.676803061202744860e-02
4.777689450166067164e-02
5.662824177946357285e-02
4.350823661856218633e-02
4.103499046913016562e-02
3.617138838591891364e-02
4.007337074513382669e-02
3.457645189186039220e-02
3.667810501225308994e-02
2.985316471762018004e-02
3.480651793358090912e-02
2.575735069831106699e-02
3.608354360049929876e-02
2.620976927980339655e-02
2.308805716735278651e-02
1.999943461099705500e-02
2.090784639608834691e-02
2.489793748143419999e-02
2.519423369745274824e-02
1.661367820916930318e-02
1.672273979025958382e-02
2.057869483253523327e-02
2.116007571706631646e-02
1.157442190261460946e-02
1.241756580933148744e-02
2.041757438038636213e-02
2.045246822702549358e-02
1.927043522783239773e-02
1.862486130812071941e-02
1.807191292852551590e-02
9.325474197803163001e-03
1.380511890632479637e-02
1.052839864798635859e-02
7.521207326066460530e-03
9.410686882317468790e-03
1.325859991630368336e-02
1.535425536781195172e-02
1.159502751034215823e-02
1.304017241673412382e-02
1.293729301791704360e-02
1.326604462802203482e-02
1.355189456510989647e-02
1.091493627668827827e-02
6.094375676989444504e-03
1.347873766001313374e-02
1.493151861777773301e-02
1.148682348073089103e-02
8.860676590248332471e-03
1.402475319777561971e-02
8.027768625727099705e-03
8.107047806286734465e-03
1.016462556488244122e-02
7.545632371670252768e-03
6.597734144605891561e-03
5.379848058449696047e-03
1.484038016480182173e-02
4.306855617481635326e-03
8.532438557050202668e-03
7.384509265621424200e-03
1.008318943811491349e-02
3.845778381657356543e-03
3.791501807154065012e-03
7.791068534468963830e-03
6.116340104921862489e-03
1.366261551107786180e-02
4.533305199598451976e-03
1.078914633307634721e-02
8.296743747278137460e-03
3.380732095467203161e-03
5.929520431530015470e-03
3.252174537670278563e-03
5.448978894103588197e-03
4.310991420507218584e-03
4.471443769942104289e-03
4.768804663517545346e-03
1.061179064588253264e-02
6.698016101516682426e-03
2.659461590464564946e-03
4.078779754391349127e-03
5.636579587527730528e-03
5.438919987704834112e-03
9.336228935500392664e-03
1.079100690047897840e-02
3.252542780685699440e-03
5.020179855469987865e-03
6.544954762427754140e-03
1.561309680255530382e-03
4.783203083934206568e-03
6.049525251636142520e-03
4.484248929231971457e-03
7.265263939601173879e-03
2.204975520659553743e-03
1.840503572848072641e-03
3.125442801132196583e-03
3.203616842824447229e-03
6.629293016804683157e-03
2.051207061919303222e-03
2.226979926684733747e-03
2.846770497790350810e-03
5.089724344525740733e-03
4.475870621011074010e-03
1.452591758931064472e-02
3.421941539329337659e-03
2.537326996922960320e-03
7.441959863293504986e-03
3.861204557866427557e-03
2.251975124011759873e-03
2.476397683008105775e-03
3.941272483497413985e-03
2.346319130903209201e-03
1.749340527361858228e-03
4.053033748439660230e-03
2.247820901457349939e-03
3.076400178189803158e-03
4.319784757177588981e-03
5.293579121308559197e-03
5.848448381513393808e-03
2.083254456921683744e-03
3.005983291591258350e-03
3.248615621279188521e-03
2.562989224637330222e-04
5.842833566367388286e-03
7.689903285134121712e-03
5.173141630487772258e-03
3.043061164026052839e-03
8.720536721608440622e-03
1.727549134941300203e-03
2.163363454376351393e-03
4.583746207443266212e-03
2.992030134628105228e-03
3.183696883117166816e-03
4.658825126542926430e-03
2.863416695572300417e-03
1.467980299400375500e-04
6.001354765109539720e-04
6.547027178704785909e-05
2.472868583155847749e-04
1.027893728954272154e-02
2.180598008682725283e-03
1.754850443466850337e-03
1.033114126254045103e-03
5.342904585722881537e-03
4.355669622356951078e-03
1.224801194133038609e-03
3.046965150603699653e-03
3.778921649385941477e-03
5.694913383547136124e-03
