1.132075488567352295e-01
3.301886916160583496e-01
4.504504501819610596e-01
4.854368865489959717e-01
6.346153616905212402e-01
5.145630836486816406e-01
6.699029207229614258e-01
5.871559381484985352e-01
6.285714507102966309e-01
6.442307829856872559e-01
6.699029207229614258e-01
6.804123520851135254e-01
7.378640770912170410e-01
6.697247624397277832e-01
7.358490824699401855e-01
6.415094137191772461e-01
7.169811129570007324e-01
7.476635575294494629e-01
8.316831588745117188e-01
7.788461446762084961e-01
7.454545497894287109e-01
7.387387156486511230e-01
8.269230723381042480e-01
8.155339956283569336e-01
7.431192398071289062e-01
7.623762488365173340e-01
9.019607901573181152e-01
8.660714030265808105e-01
7.830188870429992676e-01
7.870370149612426758e-01
7.314814925193786621e-01
7.894737124443054199e-01
8.640776872634887695e-01
8.738738894462585449e-01
8.141592741012573242e-01
8.691588640213012695e-01
9.230769276618957520e-01
9.065420627593994141e-01
8.785046935081481934e-01
8.198198080062866211e-01
8.636363744735717773e-01
8.495575189590454102e-01
8.867924809455871582e-01
8.440366983413696289e-01
8.807339668273925781e-01
8.636363744735717773e-01
9.174311757087707520e-01
8.584905862808227539e-01
8.103448152542114258e-01
8.468468189239501953e-01
8.771929740905761719e-01
8.303571343421936035e-01
8.999999761581420898e-01
9.130434989929199219e-01
8.596491217613220215e-01
9.444444179534912109e-01
9.130434989929199219e-01
9.454545378684997559e-01
8.715596199035644531e-01
9.385964870452880859e-01
9.009009003639221191e-01
9.279279112815856934e-01
8.859649300575256348e-01
9.385964870452880859e-01
9.469026327133178711e-01
9.107142686843872070e-01
9.375000000000000000e-01
8.672566413879394531e-01
9.298245906829833984e-01
8.878504633903503418e-01
8.928571343421936035e-01
9.473684430122375488e-01
9.454545378684997559e-01
9.734513163566589355e-01
9.285714030265808105e-01
9.473684430122375488e-01
9.224137663841247559e-01
9.642857313156127930e-01
9.115044474601745605e-01
9.385964870452880859e-01
9.736841917037963867e-01
9.473684430122375488e-01
9.298245906829833984e-01
9.724770784378051758e-01
9.279279112815856934e-01
9.107142686843872070e-01
9.732142686843872070e-01
9.310345053672790527e-01
9.298245906829833984e-01
9.741379022598266602e-01
9.642857313156127930e-01
9.137930870056152344e-01
9.224137663841247559e-01
9.051724076271057129e-01
9.824561476707458496e-01
9.736841917037963867e-01
9.736841917037963867e-01
9.561403393745422363e-01
9.298245906829833984e-01
9.824561476707458496e-01
9.572649598121643066e-01
9.734513163566589355e-01
9.310345053672790527e-01
9.557521939277648926e-01
8.620689511299133301e-01
9.649122953414916992e-01
9.821428656578063965e-01
9.292035102844238281e-01
9.478260874748229980e-01
9.652174115180969238e-01
9.739130139350891113e-01
9.137930870056152344e-01
9.741379022598266602e-01
9.823008775711059570e-01
9.561403393745422363e-01
9.565217494964599609e-01
9.741379022598266602e-01
9.304347634315490723e-01
9.391304254531860352e-01
9.557521939277648926e-01
9.568965435028076172e-01
9.649122953414916992e-01
9.823008775711059570e-01
9.913793206214904785e-01
9.553571343421936035e-01
9.385964870452880859e-01
9.391304254531860352e-01
9.741379022598266602e-01
9.385964870452880859e-01
9.824561476707458496e-01
9.655172228813171387e-01
9.473684430122375488e-01
9.736841917037963867e-01
9.734513163566589355e-01
9.482758641242980957e-01
9.652174115180969238e-01
1.000000000000000000e+00
9.913043379783630371e-01
1.000000000000000000e+00
1.000000000000000000e+00
9.385964870452880859e-01
9.655172228813171387e-01
9.911504387855529785e-01
9.739130139350891113e-01
9.396551847457885742e-01
9.646017551422119141e-01
9.912280440330505371e-01
9.823008775711059570e-01
9.652174115180969238e-01
9.557521939277648926e-01
