1.072214112243491044e-02
1.633990732247699029e-02
1.135745342062804628e-02
9.433138931462621210e-03
1.271475914204255216e-02
1.199816221438284279e-02
7.434277268156464467e-03
6.219483846858630573e-03
9.711191857454327253e-03
1.558963272802069491e-02
1.042354663595908282e-02
6.370229023051798140e-03
1.099631824244005907e-02
9.550404090338701982e-03
1.083116013084365302e-02
5.704191197950697449e-03
7.942583650930137504e-03
1.194986821391802630e-02
7.580286236488590311e-03
1.551812186349656696e-02
1.295595101026168761e-02
9.018714700442909127e-03
1.187022772235787546e-02
1.313660771799952942e-02
9.893626292910158784e-03
7.048613854013014400e-03
4.609294272350006154e-03
1.989892660832234036e-03
2.111690564622308378e-03
3.057832430979629326e-02
9.875643008737918296e-03
3.225447917029605673e-03
9.246425960228033328e-03
6.924838405581438226e-03
3.705043581943232630e-03
8.465585434303493639e-03
2.339175307019297420e-02
6.818122181224207760e-03
8.817224231879217458e-03
7.584950268896858798e-03
4.961846852487085055e-03
1.034461378761415001e-02
6.446095228238273543e-03
5.679728239034603950e-03
7.425649637266946990e-03
4.794148977369554025e-03
1.593383291753747849e-02
1.223177312572214931e-02
6.140613680707566330e-03
8.826662066142612964e-03
