9.845640659332275391e-01
9.802935123443603516e-01
9.837092757225036621e-01
9.870401620864868164e-01
9.828810095787048340e-01
9.832776188850402832e-01
9.903604388236999512e-01
9.912390708923339844e-01
9.899497628211975098e-01
9.782608747482299805e-01
9.840937852859497070e-01
9.904206395149230957e-01
9.824488162994384766e-01
9.850187301635742188e-01
9.870020747184753418e-01
9.916457533836364746e-01
9.875000119209289551e-01
9.849372506141662598e-01
9.908103346824645996e-01
9.766764044761657715e-01
9.824414849281311035e-01
9.891121983528137207e-01
9.832845926284790039e-01
9.807450771331787109e-01
9.862270355224609375e-01
9.895659685134887695e-01
9.945765733718872070e-01
9.987474083900451660e-01
9.954261779785156250e-01
9.609735608100891113e-01
9.849686622619628906e-01
9.950041770935058594e-01
9.854044914245605469e-01
9.908027052879333496e-01
9.958211183547973633e-01
9.846025705337524414e-01
9.694305062294006348e-01
9.895441532135009766e-01
9.878914356231689453e-01
9.887123703956604004e-01
9.945743083953857422e-01
9.870401620864868164e-01
9.904006719589233398e-01
9.916527271270751953e-01
9.883089661598205566e-01
9.941520690917968750e-01
9.770546555519104004e-01
9.853801131248474121e-01
9.895703196525573730e-01
9.891167879104614258e-01
