9.837432503700256348e-01
9.745727181434631348e-01
9.816589951515197754e-01
9.841600656509399414e-01
9.812421798706054688e-01
9.804084897041320801e-01
9.849937558174133301e-01
9.904126524925231934e-01
9.854105710983276367e-01
9.754064083099365234e-01
9.799916744232177734e-01
9.912463426589965820e-01
9.799916744232177734e-01
9.866611361503601074e-01
9.812421798706054688e-01
9.895789623260498047e-01
9.879116415977478027e-01
9.812421798706054688e-01
9.887453317642211914e-01
9.774906039237976074e-01
9.795747995376586914e-01
9.845768809318542480e-01
9.808253645896911621e-01
9.766569137573242188e-01
9.849937558174133301e-01
9.883284568786621094e-01
9.937474131584167480e-01
9.970821142196655273e-01
9.979158043861389160e-01
9.545643925666809082e-01
9.833263754844665527e-01
9.962484240531921387e-01
9.849937558174133301e-01
9.879116415977478027e-01
9.933305382728576660e-01
9.862442612648010254e-01
9.649854302406311035e-01
9.862442612648010254e-01
9.862442612648010254e-01
9.858274459838867188e-01
9.933305382728576660e-01
9.841600656509399414e-01
9.891621470451354980e-01
9.904126524925231934e-01
9.866611361503601074e-01
9.920800328254699707e-01
9.762400984764099121e-01
9.833263754844665527e-01
9.887453317642211914e-01
9.849937558174133301e-01
