1.610526825443838947e-02
1.245915870552227571e-02
1.277045458277348972e-02
7.967428642668654762e-03
6.597425071824014262e-03
6.020597201695308820e-03
4.319747686128359507e-03
4.346905806406362559e-03
7.148665127420811977e-03
4.803579511636756061e-03
1.562718572284280995e-03
8.713379549821643338e-04
8.472357729527621277e-04
7.691137478013809108e-04
8.170039693529691609e-04
9.176894661800202206e-04
7.105104180307885917e-03
6.765159802337846091e-03
1.084409527261044441e-02
9.484221307103874593e-03
1.532779409273199705e-03
1.603237553106592840e-03
1.266828101079872562e-03
7.531803870952471277e-04
7.280692337712792693e-04
6.887000691429610941e-04
6.818010990642170074e-04
6.667108598424504326e-04
6.610910337467641078e-04
6.746661967661953321e-04
7.510606770276264613e-04
1.240384286782389434e-02
7.764266966002930995e-03
4.325364121665261144e-03
5.783884363651752361e-03
1.070735559162710234e-03
4.179432888620790952e-03
2.120666157544335868e-03
1.737112328310816758e-03
9.022599151930023103e-04
6.166121539620065531e-04
6.066905031672262076e-04
5.983213840378568196e-04
5.991665542220923077e-04
5.862883991058662160e-04
5.801445290322288255e-04
5.753116122830238778e-04
5.675247093626996798e-04
5.613576473574708641e-04
5.558776733341841761e-04
