5.122494325041770935e-02
1.804008930921554565e-01
2.271714955568313599e-01
2.850779592990875244e-01
2.650333940982818604e-01
2.850779592990875244e-01
3.006681501865386963e-01
3.363029062747955322e-01
3.296213746070861816e-01
3.541202545166015625e-01
3.652561306953430176e-01
3.474387526512145996e-01
3.853006660938262939e-01
3.830735087394714355e-01
3.875278532505035400e-01
3.919821679592132568e-01
3.608017861843109131e-01
4.075723886489868164e-01
3.942093551158905029e-01
3.786191642284393311e-01
4.075723886489868164e-01
4.320712685585021973e-01
4.120267331600189209e-01
4.008908569812774658e-01
4.432071149349212646e-01
4.298441112041473389e-01
4.498886466026306152e-01
4.476614594459533691e-01
4.632516801357269287e-01
4.766147136688232422e-01
4.832962155342102051e-01
5.077950954437255859e-01
5.144765973091125488e-01
5.144765973091125488e-01
5.077950954437255859e-01
5.634744167327880859e-01
5.679287314414978027e-01
4.743875265121459961e-01
5.256124734878540039e-01
6.035634875297546387e-01
5.812917351722717285e-01
5.657015442848205566e-01
5.567928552627563477e-01
5.567928552627563477e-01
5.857461094856262207e-01
6.035634875297546387e-01
6.258351802825927734e-01
6.302895545959472656e-01
6.280623674392700195e-01
6.213808655738830566e-01
6.213808655738830566e-01
6.391982436180114746e-01
6.748329401016235352e-01
6.636971235275268555e-01
5.968819856643676758e-01
6.703786253929138184e-01
6.659242510795593262e-01
6.703786253929138184e-01
7.126948833465576172e-01
7.171491980552673340e-01
6.815145015716552734e-01
7.394209504127502441e-01
7.260578870773315430e-01
6.659242510795593262e-01
6.926503181457519531e-01
7.461024522781372070e-01
7.282850742340087891e-01
7.305122613906860352e-01
7.082405090332031250e-01
7.594654560089111328e-01
7.171491980552673340e-01
7.728285193443298340e-01
7.505567669868469238e-01
7.861915230751037598e-01
7.839643359184265137e-01
7.616926431655883789e-01
7.728285193443298340e-01
7.817372083663940430e-01
7.483296394348144531e-01
8.218262791633605957e-01
8.106904029846191406e-01
8.195990920066833496e-01
8.106904029846191406e-01
8.262805938720703125e-01
8.151447772979736328e-01
8.218262791633605957e-01
8.485523462295532227e-01
8.619153499603271484e-01
8.218262791633605957e-01
8.485523462295532227e-01
7.928730249404907227e-01
6.414253711700439453e-01
8.240534663200378418e-01
8.775055408477783203e-01
8.953229188919067383e-01
8.730512261390686035e-01
8.797327280044555664e-01
8.819599151611328125e-01
9.020044803619384766e-01
8.886414170265197754e-01
8.374164700508117676e-01
9.020044803619384766e-01
8.908686041831970215e-01
8.886414170265197754e-01
9.109131693840026855e-01
8.619153499603271484e-01
9.109131693840026855e-01
9.020044803619384766e-01
9.443207383155822754e-01
9.398663640022277832e-01
9.331848621368408203e-01
9.131402969360351562e-01
9.109131693840026855e-01
8.708240389823913574e-01
9.398663640022277832e-01
9.086859822273254395e-01
9.309576749801635742e-01
9.665924310684204102e-01
9.465478658676147461e-01
9.576837420463562012e-01
8.997772932052612305e-01
9.265033602714538574e-01
9.532294273376464844e-01
9.398663640022277832e-01
9.665924310684204102e-01
9.710467457771301270e-01
9.510022401809692383e-01
9.287304878234863281e-01
9.532294273376464844e-01
9.554565548896789551e-01
9.777283072471618652e-01
9.153674840927124023e-01
9.265033602714538574e-01
9.510022401809692383e-01
9.844098091125488281e-01
9.844098091125488281e-01
9.643652439117431641e-01
9.844098091125488281e-01
9.042316079139709473e-01
9.688196182250976562e-01
9.710467457771301270e-01
9.933184981346130371e-01
9.955456852912902832e-01
9.621380567550659180e-01
9.398663640022277832e-01
9.621380567550659180e-01
9.732739329338073730e-01
9.665924310684204102e-01
9.465478658676147461e-01
9.265033602714538574e-01
