8.246445655822753906e-01
8.333333134651184082e-01
8.660287261009216309e-01
8.842592835426330566e-01
8.944954276084899902e-01
8.651162981986999512e-01
8.790697455406188965e-01
9.090909361839294434e-01
9.302325844764709473e-01
8.944954276084899902e-01
9.017857313156127930e-01
9.363636374473571777e-01
9.369369149208068848e-01
9.244444370269775391e-01
9.385964870452880859e-01
9.521738886833190918e-01
9.658119678497314453e-01
8.689956068992614746e-01
9.220778942108154297e-01
9.122806787490844727e-01
9.484978318214416504e-01
9.525862336158752441e-01
8.869565129280090332e-01
9.517543911933898926e-01
9.574468135833740234e-01
9.606986641883850098e-01
9.404255151748657227e-01
9.388646483421325684e-01
9.741379022598266602e-01
9.396551847457885742e-01
9.437229633331298828e-01
9.786324501037597656e-01
9.871794581413269043e-01
9.700854420661926270e-01
8.995633125305175781e-01
9.361702203750610352e-01
9.743589758872985840e-01
8.888888955116271973e-01
9.521738886833190918e-01
9.913793206214904785e-01
9.141631126403808594e-01
9.615384340286254883e-01
1.000000000000000000e+00
1.000000000000000000e+00
9.957805871963500977e-01
1.000000000000000000e+00
1.000000000000000000e+00
1.000000000000000000e+00
1.000000000000000000e+00
1.000000000000000000e+00
