4.411764815449714661e-02
3.027522861957550049e-01
4.803921580314636230e-01
5.048543810844421387e-01
5.865384340286254883e-01
6.037735939025878906e-01
5.909090638160705566e-01
6.213592290878295898e-01
5.044247508049011230e-01
5.865384340286254883e-01
6.875000000000000000e-01
7.211538553237915039e-01
7.168141603469848633e-01
6.666666865348815918e-01
7.272727489471435547e-01
6.964285969734191895e-01
7.567567825317382812e-01
6.999999880790710449e-01
7.372881174087524414e-01
7.727272510528564453e-01
7.777777910232543945e-01
7.913043498992919922e-01
7.711864113807678223e-01
8.198198080062866211e-01
7.927927970886230469e-01
7.758620977401733398e-01
8.275862336158752441e-01
8.584070801734924316e-01
8.119658231735229492e-01
7.033898234367370605e-01
8.434782624244689941e-01
8.070175647735595703e-01
8.512396812438964844e-01
7.967479825019836426e-01
8.135592937469482422e-01
8.571428656578063965e-01
8.376068472862243652e-01
8.717948794364929199e-01
8.991596698760986328e-01
9.035087823867797852e-01
8.991596698760986328e-01
9.217391014099121094e-01
8.211382031440734863e-01
8.823529481887817383e-01
8.717948794364929199e-01
8.632478713989257812e-01
8.999999761581420898e-01
9.478260874748229980e-01
8.559321761131286621e-01
9.572649598121643066e-01
9.166666865348815918e-01
9.262295365333557129e-01
8.157894611358642578e-01
8.907563090324401855e-01
8.983050584793090820e-01
9.159663915634155273e-01
9.250000119209289551e-01
9.512194991111755371e-01
9.747899174690246582e-01
8.951612710952758789e-01
9.333333373069763184e-01
9.090909361839294434e-01
8.780487775802612305e-01
9.354838728904724121e-01
9.327731132507324219e-01
9.504132270812988281e-01
9.421487450599670410e-01
9.658119678497314453e-01
9.159663915634155273e-01
8.934426307678222656e-01
9.186992049217224121e-01
8.943089246749877930e-01
1.000000000000000000e+00
9.833333492279052734e-01
1.000000000000000000e+00
1.000000000000000000e+00
1.000000000000000000e+00
9.834710955619812012e-01
8.632478713989257812e-01
9.083333611488342285e-01
9.421487450599670410e-01
9.663865566253662109e-01
8.991596698760986328e-01
9.750000238418579102e-01
9.752066135406494141e-01
8.934426307678222656e-01
9.833333492279052734e-01
9.917355179786682129e-01
9.661017060279846191e-01
9.596773982048034668e-01
1.000000000000000000e+00
9.754098653793334961e-01
8.750000000000000000e-01
9.338843226432800293e-01
9.173553586006164551e-01
9.499999880790710449e-01
9.430894255638122559e-01
9.583333134651184082e-01
9.831932783126831055e-01
9.250000119209289551e-01
9.499999880790710449e-01
9.672130942344665527e-01
9.917355179786682129e-01
9.669421315193176270e-01
1.000000000000000000e+00
9.583333134651184082e-01
9.833333492279052734e-01
1.000000000000000000e+00
9.756097793579101562e-01
1.000000000000000000e+00
1.000000000000000000e+00
1.000000000000000000e+00
1.000000000000000000e+00
1.000000000000000000e+00
1.000000000000000000e+00
1.000000000000000000e+00
1.000000000000000000e+00
1.000000000000000000e+00
9.666666388511657715e-01
8.739495873451232910e-01
9.026548862457275391e-01
9.586777091026306152e-01
9.916666746139526367e-01
9.491525292396545410e-01
9.354838728904724121e-01
1.000000000000000000e+00
1.000000000000000000e+00
9.834710955619812012e-01
9.349593520164489746e-01
9.586777091026306152e-01
9.754098653793334961e-01
9.917355179786682129e-01
9.590163826942443848e-01
9.834710955619812012e-01
9.917355179786682129e-01
1.000000000000000000e+00
1.000000000000000000e+00
1.000000000000000000e+00
9.256198406219482422e-01
9.508196711540222168e-01
9.406779408454895020e-01
9.674796462059020996e-01
9.918032884597778320e-01
1.000000000000000000e+00
1.000000000000000000e+00
1.000000000000000000e+00
1.000000000000000000e+00
1.000000000000000000e+00
1.000000000000000000e+00
9.669421315193176270e-01
