1.833879065624937493e-02
1.198865607911915945e-02
1.703457726252712717e-02
9.398953384918105891e-03
5.947050141017830825e-03
8.676006048389903191e-03
9.709541234068117671e-03
7.137059852985666759e-03
7.791328994560628440e-03
2.134470170982602499e-02
1.110559588779030243e-02
7.589606150936334221e-03
8.492110577501925384e-03
9.537826469228963960e-03
8.249506085526938162e-03
6.677608400132884967e-03
5.267724954083432588e-03
9.480577624822138921e-03
2.948028287266081689e-03
4.354576032528565538e-03
5.521841407423551916e-03
6.574803474691536670e-03
5.773792984413681460e-03
4.642585481482050698e-03
5.957619084888009751e-03
4.750811821656549840e-03
8.345342630923579391e-03
6.738996876322287874e-03
4.374938783258243077e-03
2.803620619224908052e-03
6.187817534830309350e-03
5.025030562449581475e-03
3.226405400315210132e-03
7.030322528414989156e-03
5.335970104891160637e-03
5.760719537790987173e-03
9.778740375448135430e-03
3.789681224627050073e-03
4.980248623919968261e-03
3.468138376188261048e-03
1.249837878183543416e-03
8.926200717932611167e-04
1.905995981337888509e-03
2.126787330496370063e-03
2.908310640849373890e-03
5.946717343298279362e-03
3.184683459182709436e-03
1.960061892252910800e-03
4.838571218714903671e-03
4.906626058750670864e-03
