19
[0.08629294484405993, 0.84615386, 0.8208955]

21
[0.0685158091845761, 0.96428573, 0.80597013]

23
[0.0550498450007021, 0.9354839, 0.86567163]

25
[0.04631287407335968, 0.9104478, 0.9104478]

27
[0.11161114837607154, 0.9298246, 0.7910448]

29
[0.0995098754132274, 0.94827586, 0.8208955]

31
[0.08085867194593167, 0.96666664, 0.86567163]

33
[0.038714361230421886, 0.9230769, 0.8955224]

vote:
accuracy= 0.9837740384615384
precision= 0.75
recall= 0.8955223880597015
f1= 0.816326530612245

probability:
accuracy= 0.9915865384615384
precision= 0.9818181818181818
recall= 0.8059701492537313
f1= 0.8852459016393442

