19
[0.08393473903729151, 0.90384614, 0.70149255]

21
[0.06912292356943138, 0.92727274, 0.76119405]

23
[0.06654635096828525, 0.9672131, 0.880597]

25
[0.08649656993713087, 0.852459, 0.7761194]

27
[0.04543236238868513, 0.8888889, 0.8358209]

29
[0.09986423932087536, 0.9322034, 0.8208955]

31
[0.060772569762775674, 0.8730159, 0.8208955]

33
[0.06322973845257926, 0.92727274, 0.76119405]

vote:
accuracy= 0.9795673076923077
precision= 0.6941176470588235
recall= 0.8805970149253731
f1= 0.7763157894736843

probability:
accuracy= 0.9933894230769231
precision= 0.9666666666666667
recall= 0.8656716417910447
f1= 0.9133858267716535

