19
[0.11240822008515422, 0.82539684, 0.7761194]

21
[0.06940188448732862, 0.9811321, 0.7761194]

23
[0.03746467620434347, 0.9322034, 0.8208955]

25
[0.05564518398359024, 0.9433962, 0.74626863]

27
[0.06680480267991348, 0.9811321, 0.7761194]

29
[0.05333033044903109, 0.95, 0.8507463]

31
[0.0689370888531602, 0.9649123, 0.8208955]

33
[0.05618573024492854, 0.9677419, 0.8955224]

vote:
accuracy= 0.9891826923076923
precision= 0.8450704225352113
recall= 0.8955223880597015
f1= 0.8695652173913043

probability:
accuracy= 0.9927884615384616
precision= 0.9824561403508771
recall= 0.835820895522388
f1= 0.9032258064516129

