3.268162618199280112e-02
1.668323877467278379e-02
1.087742419255861501e-02
1.572666129675339211e-02
1.358604313535637619e-02
1.080889969858048541e-02
6.159832477867428421e-03
1.031955461189740068e-02
9.839447717830086468e-03
7.735870574384792926e-03
3.545911361194923912e-03
6.646896185716621129e-03
8.512485257441356618e-03
1.389146061415558707e-02
7.959043478032362673e-03
1.471982257676871311e-02
1.352060388291365621e-02
1.136080786845401931e-02
7.286578069207975440e-03
6.703594419258302774e-03
3.684538890873339297e-03
3.732941323357249000e-03
5.151028077739392384e-03
1.074993335305532947e-02
5.902751958549792843e-03
6.116935193336547720e-03
1.127663980878275234e-02
6.885284946889695321e-03
5.323420073089090918e-03
2.825505716476962251e-03
3.571868560797351010e-03
1.737094558719756883e-03
1.950232252727726210e-03
4.717854897700888943e-03
9.535529950784568318e-03
2.701652342187819619e-02
8.430217134647236335e-03
2.670039701578799749e-03
3.280361592505080456e-03
1.616769153132800165e-03
1.582686834308412319e-03
1.521186086177807621e-03
1.539639895389343163e-03
1.490943819619208873e-03
1.470839063041928492e-03
1.451767138394359632e-03
1.434211069344979318e-03
1.424392535751551432e-03
1.425741810349802135e-03
1.396277786022324507e-03
