9.322034120559692383e-01
9.492957592010498047e-01
9.719101190567016602e-01
9.485714435577392578e-01
9.576271176338195801e-01
9.634831547737121582e-01
9.751381278038024902e-01
9.717513918876647949e-01
9.719887971878051758e-01
9.914772510528564453e-01
9.916666746139526367e-01
9.804469347000122070e-01
9.802817106246948242e-01
9.634831547737121582e-01
9.858356714248657227e-01
9.611111283302307129e-01
9.551820755004882812e-01
9.635854363441467285e-01
9.748603105545043945e-01
9.777158498764038086e-01
9.944134354591369629e-01
9.916666746139526367e-01
9.887955188751220703e-01
9.692737460136413574e-01
9.887955188751220703e-01
9.860334992408752441e-01
9.749303460121154785e-01
9.803921580314636230e-01
9.888268113136291504e-01
9.916666746139526367e-01
9.972066879272460938e-01
1.000000000000000000e+00
9.972222447395324707e-01
9.833333492279052734e-01
9.664804339408874512e-01
9.301676154136657715e-01
9.803921580314636230e-01
9.972066879272460938e-01
9.916666746139526367e-01
1.000000000000000000e+00
1.000000000000000000e+00
1.000000000000000000e+00
1.000000000000000000e+00
1.000000000000000000e+00
1.000000000000000000e+00
1.000000000000000000e+00
1.000000000000000000e+00
1.000000000000000000e+00
1.000000000000000000e+00
1.000000000000000000e+00
