1.870094935164690053e-01
6.515159623766547670e-02
5.085887297521916178e-02
4.423321079414507806e-02
4.006207330291586266e-02
3.915703110865044467e-02
3.239258910905301603e-02
2.864003269817919084e-02
3.258521447585908948e-02
3.304966076022217147e-02
2.954519351475064573e-02
2.597548513977024007e-02
2.763461790696333450e-02
2.789048024698838335e-02
2.432556994124665181e-02
2.168798715238836120e-02
2.619656335747669665e-02
2.562981758117949607e-02
2.455323287582304725e-02
2.387767217816368776e-02
2.249389167687598431e-02
2.421188759778220012e-02
2.097435892091045403e-02
2.036664532375077538e-02
2.440645257472992199e-02
2.159087986117034369e-02
1.721828060792953558e-02
1.876167101337931215e-02
2.186851788957005355e-02
1.783701996391924213e-02
1.720037670019684134e-02
2.082499624222764953e-02
1.778049742761921709e-02
1.905293237165027811e-02
1.916939364851835345e-02
1.735017122772838580e-02
1.627953816070773149e-02
1.479113796512126003e-02
1.613595468077370573e-02
1.428686136609247370e-02
1.381866434759284647e-02
1.251426805594067423e-02
1.371488586572214632e-02
1.299573018377592204e-02
1.400361576276982177e-02
1.369755239942513012e-02
1.115954734169559773e-02
1.210790911260085402e-02
1.478014494976051703e-02
1.083063475841615671e-02
1.031372578437063717e-02
1.116437459642651703e-02
1.183696998010159811e-02
8.951215459654772791e-03
1.284628824131168676e-02
1.028656536952769589e-02
9.470287489729818306e-03
9.063927751297490634e-03
1.008317151242576863e-02
7.857237615579836659e-03
7.179690934892042110e-03
1.060592782992794691e-02
1.057116230617248867e-02
7.533313430634346573e-03
7.948932749012743021e-03
7.818300022240614114e-03
7.402999164171930775e-03
6.798078343220664496e-03
5.856001087915096645e-03
4.779512687977005743e-03
5.795010106554296381e-03
6.562148117223565343e-03
4.594007929650209023e-03
6.844656962042881300e-03
5.533037441953663968e-03
7.038480102880250930e-03
6.198290519601624277e-03
9.059718994965127239e-03
4.234748055660935047e-03
7.328780584163265520e-03
4.819073864500688156e-03
6.331631187305215500e-03
4.687518634068879760e-03
2.998013423001113630e-03
3.437134526521511396e-03
4.769927559748970460e-03
4.814884625448424132e-03
4.533598056966872854e-03
3.981822145946689075e-03
3.036517627451976089e-03
3.343320078151662111e-03
3.974733761971917245e-03
6.482177027780787644e-03
4.497221714772318621e-03
7.539445406691665241e-03
5.809490219508692092e-03
2.831237816603778424e-03
3.435335392452338720e-03
3.171589577432777640e-03
3.440572682397263510e-03
5.727267648433616992e-03
2.639346898510089127e-03
2.723357934123074933e-03
3.448818188554468676e-03
4.286893394392829112e-03
1.415341778044638781e-03
1.165535798831732845e-03
1.211861331465093929e-02
3.918591556469086003e-03
3.276895690407705553e-03
3.254905317613371579e-03
2.242487437287703483e-03
1.967261306531650853e-03
2.629244918359167123e-03
5.008391382870317973e-03
1.942130849613652897e-03
1.744779783624626681e-03
1.368564376158522798e-03
9.750777919371741249e-04
3.970024188120634470e-03
2.634602194713781768e-03
2.672200978419973956e-03
3.266424332727049448e-03
2.745577925567034387e-03
1.439642908118121808e-03
2.362632086557992471e-03
3.618678740061267649e-03
2.088262267219830482e-03
5.166961264892395208e-04
2.292946960391598413e-03
1.761915869868130400e-03
4.100499972417461295e-03
3.541651330726322891e-03
3.379732474397196748e-03
1.215285477243870918e-03
1.099773951620190270e-03
1.588321743512722921e-03
1.342854679180786361e-03
1.010961065404817954e-03
1.856535425997544618e-03
1.863398552481587657e-03
1.257974191013726132e-03
2.696602541137341734e-03
1.673050211122052927e-03
2.410624259070727644e-03
4.118031693397290402e-03
5.302208761287123713e-03
2.278105428889239982e-03
1.759871973221972504e-03
1.395476182179819068e-03
