7.278582231653801804e-01
3.023526493935956849e-01
2.304906189635457792e-01
1.880420106424168236e-01
1.654705519074994580e-01
1.562028579686301766e-01
1.505544173056972412e-01
1.318067101591090806e-01
1.388590143793401177e-01
1.277228183089518521e-01
1.192691104271042940e-01
1.151433033265575057e-01
1.129610505754031907e-01
1.091788122935246630e-01
1.099483880419754450e-01
1.024122719040377050e-01
9.580959196792564192e-02
9.745363716332362813e-02
9.409107704135412364e-02
8.625283459818591791e-02
9.762345356224304271e-02
8.163791213155106863e-02
7.953490256881246001e-02
8.026805510762004270e-02
7.101490819314898451e-02
7.102994950361131432e-02
7.616302241166492126e-02
7.709950961641577616e-02
7.027530731739321801e-02
5.934263459497012005e-02
6.923742950709639576e-02
6.556770679296253235e-02
6.008738315149248638e-02
6.140174405776382960e-02
6.808409354345128228e-02
5.574381908874353336e-02
5.534012882882161088e-02
5.488733105105900872e-02
5.550204518040845192e-02
4.986643431728577519e-02
5.233046142047406701e-02
5.294919966783583759e-02
4.807450806604796067e-02
4.972056023498503535e-02
4.834348083811798591e-02
4.656364617924020621e-02
5.492147664461233258e-02
4.874854286071762799e-02
4.819276282329307270e-02
4.722263336566386027e-02
4.039369425681955950e-02
4.291261432420699629e-02
3.896910717929905066e-02
4.073797380541164387e-02
3.932310446346992672e-02
4.054112647963028365e-02
3.513793974322864527e-02
3.758269651247770488e-02
3.775291252941668368e-02
3.720463509518685125e-02
3.430108828656164982e-02
3.825378409399739915e-02
3.189289493242659923e-02
3.235384517918346581e-02
3.006448175152921787e-02
2.654600386018803396e-02
2.908979424637385403e-02
3.213647320835692767e-02
2.625112275630193601e-02
3.015689737069755100e-02
2.933335650976939477e-02
3.147917496594412889e-02
2.547948408369543616e-02
2.403805347395056302e-02
2.231452324295320200e-02
2.353328495355561101e-02
2.166305882908906716e-02
2.346651780819593996e-02
2.324718651718074222e-02
2.392510736202824520e-02
2.315830447280318310e-02
2.170487982872136221e-02
2.251334383404826611e-02
1.701639149716433624e-02
1.655449915538295333e-02
1.930702341856667392e-02
2.283400523729406037e-02
1.879204806597545990e-02
1.878743883914953464e-02
1.677510036805716920e-02
1.349065062255397525e-02
1.502947036954133640e-02
1.169271273222529696e-02
1.140656209465844978e-02
2.027532782656963142e-02
1.448653082488279495e-02
1.526929981644271385e-02
1.669713526708275705e-02
9.794013154290300005e-03
1.662873791373109186e-02
1.351779726865047319e-02
9.496784557318444300e-03
1.402189876330272970e-02
1.337944065003708084e-02
1.008005959869604992e-02
1.805772737814397705e-02
1.308436883966969562e-02
8.434488423080196279e-03
6.311132545192236522e-03
5.603477658399917856e-03
9.152597192802303799e-03
2.025283502324955187e-02
1.477696893615083017e-02
1.413635285000769230e-02
7.244169215557277712e-03
7.547902258353843957e-03
1.264757098811911985e-02
9.581945482655500335e-03
9.591448366021701477e-03
7.862662850281303129e-03
1.142164505086137177e-02
1.046455927512440244e-02
1.159559216587623467e-02
7.703012933524917491e-03
1.055908101876580456e-02
8.989775645600325132e-03
6.988970855095792516e-03
9.052937973572922417e-03
6.201909963691679649e-03
4.951520819510791746e-03
3.588693058472779574e-03
1.776235906843937062e-02
6.237058310251356041e-03
4.627660457645127109e-03
1.001776440319725528e-02
1.242192189598472114e-02
8.442080957896494139e-03
1.080176033445764266e-02
6.729457049591616724e-03
4.719147334700956112e-03
5.528650149952969717e-03
4.321350999698857394e-03
2.452219112945072405e-03
1.045579941781982561e-02
1.512360844211396542e-02
1.621166816140292427e-02
9.079782844668895375e-03
5.792065083872087114e-03
2.906604457746304968e-03
1.633972942394187238e-03
