1.896551698446273804e-01
4.538361430168151855e-01
6.160287261009216309e-01
6.588510870933532715e-01
7.134433984756469727e-01
7.327790856361389160e-01
7.373272180557250977e-01
7.811408638954162598e-01
7.772621512413024902e-01
7.776510715484619141e-01
7.865296602249145508e-01
7.910447716712951660e-01
8.097395300865173340e-01
8.187995553016662598e-01
8.080807924270629883e-01
8.155230879783630371e-01
8.447694182395935059e-01
8.465062975883483887e-01
8.433333039283752441e-01
8.477043509483337402e-01
8.225988745689392090e-01
8.616904616355895996e-01
8.660714030265808105e-01
8.844847083091735840e-01
8.875140547752380371e-01
8.712871074676513672e-01
8.872604370117187500e-01
8.660714030265808105e-01
8.835920095443725586e-01
9.118303656578063965e-01
8.919821977615356445e-01
9.142212271690368652e-01
9.086859822273254395e-01
9.006696343421936035e-01
8.824175596237182617e-01
9.153674840927124023e-01
9.217002391815185547e-01
9.181614518165588379e-01
9.142538905143737793e-01
9.311110973358154297e-01
9.122222065925598145e-01
9.159193038940429688e-01
9.156626462936401367e-01
9.199110269546508789e-01
9.215469360351562500e-01
9.377085566520690918e-01
9.193370342254638672e-01
9.265850782394409180e-01
9.172185659408569336e-01
9.221357107162475586e-01
9.443207383155822754e-01
9.360529184341430664e-01
9.447513818740844727e-01
9.243243336677551270e-01
9.370861053466796875e-01
9.341382980346679688e-01
9.566666483879089355e-01
9.361936450004577637e-01
9.375684261322021484e-01
9.365426898002624512e-01
9.484083652496337891e-01
9.372937083244323730e-01
9.431072473526000977e-01
9.445652365684509277e-01
9.511930346488952637e-01
9.596510529518127441e-01
9.529540538787841797e-01
9.406688213348388672e-01
9.550438523292541504e-01
9.475409984588623047e-01
9.510337114334106445e-01
9.456521868705749512e-01
9.512987136840820312e-01
9.575625658035278320e-01
9.580193758010864258e-01
9.630836248397827148e-01
9.707158207893371582e-01
9.506437778472900391e-01
9.704918265342712402e-01
9.640914201736450195e-01
9.570354223251342773e-01
9.538626670837402344e-01
9.644396305084228516e-01
9.720430374145507812e-01
9.750542044639587402e-01
9.707792401313781738e-01
9.612069129943847656e-01
9.665588140487670898e-01
9.658119678497314453e-01
9.753483533859252930e-01
9.806451797485351562e-01
9.785637855529785156e-01
9.807074069976806641e-01
9.807280302047729492e-01
9.688172340393066406e-01
9.743040800094604492e-01
9.679487347602844238e-01
9.731471538543701172e-01
9.851379990577697754e-01
9.784017205238342285e-01
9.735169410705566406e-01
9.914255142211914062e-01
9.722814559936523438e-01
9.763695001602172852e-01
9.872068166732788086e-01
9.721925258636474609e-01
9.744408726692199707e-01
9.903433322906494141e-01
9.925293326377868652e-01
9.957264661788940430e-01
9.882729053497314453e-01
9.646680951118469238e-01
9.711846113204956055e-01
9.743589758872985840e-01
9.872475862503051758e-01
9.882978796958923340e-01
9.765708446502685547e-01
9.871794581413269043e-01
9.829424023628234863e-01
9.850587248802185059e-01
9.839914441108703613e-01
9.797872304916381836e-01
9.787459969520568848e-01
9.861702322959899902e-01
9.829605817794799805e-01
9.839914441108703613e-01
9.852008223533630371e-01
9.860962629318237305e-01
9.883227348327636719e-01
9.946808218955993652e-01
9.957491755485534668e-01
9.711846113204956055e-01
9.893842935562133789e-01
9.946751594543457031e-01
9.851379990577697754e-01
9.787007570266723633e-01
9.850267171859741211e-01
9.808306694030761719e-01
9.903846383094787598e-01
9.946808218955993652e-01
9.925531744956970215e-01
9.936305880546569824e-01
9.978768825531005859e-01
9.851222038269042969e-01
9.775401353836059570e-01
9.721627235412597656e-01
9.871794581413269043e-01
9.914893507957458496e-01
9.978746175765991211e-01
1.000000000000000000e+00
