1.516436934471130371e-01
3.700954318046569824e-01
5.461293458938598633e-01
5.959703326225280762e-01
6.415694355964660645e-01
6.542947888374328613e-01
6.786850690841674805e-01
7.115588784217834473e-01
7.104983925819396973e-01
7.232237458229064941e-01
7.306468486785888672e-01
7.306468486785888672e-01
7.582184672355651855e-01
7.667019963264465332e-01
7.635206580162048340e-01
7.688229084014892578e-01
7.963944673538208008e-01
7.836691141128540039e-01
8.048780560493469238e-01
8.027571439743041992e-01
7.720042467117309570e-01
8.324496150016784668e-01
8.229056000709533691e-01
8.282078504562377930e-01
8.366914391517639160e-01
8.398727178573608398e-01
8.345705270767211914e-01
8.229056000709533691e-01
8.451749682426452637e-01
8.663839101791381836e-01
8.494167327880859375e-01
8.589607477188110352e-01
8.653234243392944336e-01
8.557794094085693359e-01
8.515376448631286621e-01
8.716861009597778320e-01
8.738070130348205566e-01
8.685047626495361328e-01
8.706256747245788574e-01
8.886532187461853027e-01
8.706256747245788574e-01
8.663839101791381836e-01
8.865323662757873535e-01
8.769883513450622559e-01
8.844114542007446289e-01
8.939554691314697266e-01
8.822905421257019043e-01
8.833510279655456543e-01
8.812301158905029297e-01
8.791092038154602051e-01
8.992576599121093750e-01
9.003181457519531250e-01
9.066808223724365234e-01
9.066808223724365234e-01
9.003181457519531250e-01
9.024389982223510742e-01
9.130434989929199219e-01
9.024389982223510742e-01
9.077412486076354980e-01
9.077412486076354980e-01
9.162248373031616211e-01
9.034994840621948242e-01
9.141039252281188965e-01
9.215270280838012695e-01
9.300106167793273926e-01
9.331919550895690918e-01
9.236479401588439941e-01
9.247083663940429688e-01
9.236479401588439941e-01
9.194061756134033203e-01
9.268292784690856934e-01
9.225875139236450195e-01
9.321314692497253418e-01
9.331919550895690918e-01
9.437963962554931641e-01
9.406150579452514648e-01
9.490986466407775879e-01
9.395546317100524902e-01
9.416754841804504395e-01
9.395546317100524902e-01
9.448568224906921387e-01
9.427359700202941895e-01
9.490986466407775879e-01
9.586426019668579102e-01
9.533404111862182617e-01
9.512194991111755371e-01
9.459173083305358887e-01
9.501590728759765625e-01
9.586426019668579102e-01
9.650052785873413086e-01
9.671261906623840332e-01
9.681866168975830078e-01
9.703075289726257324e-01
9.713679552078247070e-01
9.554613232612609863e-01
9.650052785873413086e-01
9.607635140419006348e-01
9.607635140419006348e-01
9.840933084487915039e-01
9.607635140419006348e-01
9.745492935180664062e-01
9.809119701385498047e-01
9.671261906623840332e-01
9.639448523521423340e-01
9.819724559783935547e-01
9.639448523521423340e-01
9.703075289726257324e-01
9.787911176681518555e-01
9.862142205238342285e-01
9.883350729942321777e-01
9.830328822135925293e-01
9.554613232612609863e-01
9.650052785873413086e-01
9.671261906623840332e-01
9.851537942886352539e-01
9.851537942886352539e-01
9.724284410476684570e-01
9.798515439033508301e-01
9.777306318283081055e-01
9.787911176681518555e-01
9.777306318283081055e-01
9.766702055931091309e-01
9.766702055931091309e-01
9.830328822135925293e-01
9.787911176681518555e-01
9.777306318283081055e-01
9.883350729942321777e-01
9.777306318283081055e-01
9.872746467590332031e-01
9.915164113044738770e-01
9.936373233795166016e-01
9.650052785873413086e-01
9.883350729942321777e-01
9.904559850692749023e-01
9.840933084487915039e-01
9.745492935180664062e-01
9.766702055931091309e-01
9.766702055931091309e-01
9.830328822135925293e-01
9.915164113044738770e-01
9.893955588340759277e-01
9.925768971443176270e-01
9.968186616897583008e-01
9.830328822135925293e-01
9.692471027374267578e-01
9.628844261169433594e-01
9.798515439033508301e-01
9.883350729942321777e-01
9.957582354545593262e-01
1.000000000000000000e+00
