19
[0.02027809584294172, 1.0, 0.84782606]

21
[0.06449671691721853, 0.84782606, 0.84782606]

23
[0.05601981844177798, 0.975, 0.84782606]

25
[0.017710131175323007, 0.97619045, 0.8913044]

27
[0.036038340813042045, 0.9777778, 0.95652175]

29
[0.030195893659530317, 0.9777778, 0.95652175]

31
[0.03277541161103941, 0.9302326, 0.8695652]

33
[0.018754756571177172, 0.95454544, 0.9130435]

vote:
precision= 0.8333333333333334
recall= 0.9782608695652174
f1= 0.9

probability:
precision= 1.0
recall= 0.9347826086956522
f1= 0.9662921348314606

