2.328589856624603271e-01
4.875621795654296875e-01
6.364734172821044922e-01
6.965116262435913086e-01
7.523696422576904297e-01
7.598152160644531250e-01
7.760844230651855469e-01
8.176605701446533203e-01
8.020362257957458496e-01
8.333333134651184082e-01
8.484500646591186523e-01
8.414496183395385742e-01
8.503401279449462891e-01
8.459796309471130371e-01
8.735891580581665039e-01
8.464163541793823242e-01
8.790960311889648438e-01
8.621867895126342773e-01
8.595317602157592773e-01
8.988636136054992676e-01
8.848283290863037109e-01
8.837471604347229004e-01
9.036954045295715332e-01
8.812430500984191895e-01
9.001109600067138672e-01
8.945578336715698242e-01
9.070796370506286621e-01
9.006772041320800781e-01
9.051918983459472656e-01
9.091916084289550781e-01
9.136771559715270996e-01
9.092944860458374023e-01
9.119638800621032715e-01
9.138702750205993652e-01
9.158248901367187500e-01
9.043381810188293457e-01
9.336332678794860840e-01
9.266666769981384277e-01
9.260485768318176270e-01
9.186176061630249023e-01
9.303370714187622070e-01
9.308035969734191895e-01
9.359823465347290039e-01
9.273743033409118652e-01
9.321468472480773926e-01
9.437085986137390137e-01
9.273127913475036621e-01
9.314917325973510742e-01
9.382579922676086426e-01
9.603960514068603516e-01
9.315673112869262695e-01
9.372937083244323730e-01
9.559956192970275879e-01
9.475982785224914551e-01
9.503858685493469238e-01
9.431694149971008301e-01
9.424538612365722656e-01
9.446902871131896973e-01
9.614112377166748047e-01
9.563794732093811035e-01
9.595186114311218262e-01
9.671412706375122070e-01
9.652928709983825684e-01
9.724669456481933594e-01
9.609544277191162109e-01
9.814612865447998047e-01
9.523293375968933105e-01
9.675675630569458008e-01
9.630836248397827148e-01
9.586956501007080078e-01
9.686825275421142578e-01
9.596949815750122070e-01
9.804772138595581055e-01
9.543478488922119141e-01
9.708108305931091309e-01
9.673913121223449707e-01
9.795258641242980957e-01
9.901639223098754883e-01
9.596510529518127441e-01
9.623655676841735840e-01
9.773463010787963867e-01
9.804134964942932129e-01
9.783315062522888184e-01
9.816216230392456055e-01
9.869847893714904785e-01
9.751082062721252441e-01
9.762675166130065918e-01
9.837133288383483887e-01
9.804772138595581055e-01
9.946062564849853516e-01
9.795258641242980957e-01
9.741100072860717773e-01
9.827213883399963379e-01
9.837662577629089355e-01
9.535636901855468750e-01
9.827957153320312500e-01
9.903017282485961914e-01
9.892473220825195312e-01
9.935345053672790527e-01
9.903433322906494141e-01
9.859459400177001953e-01
9.751082062721252441e-01
9.794594645500183105e-01
9.827771782875061035e-01
9.838013052940368652e-01
9.752154946327209473e-01
9.826652407646179199e-01
9.870828986167907715e-01
9.967672228813171387e-01
9.751619696617126465e-01
9.869989156723022461e-01
9.902912378311157227e-01
9.892473220825195312e-01
9.881592988967895508e-01
9.817596673965454102e-01
9.827027320861816406e-01
9.784250259399414062e-01
9.881209731101989746e-01
9.946120977401733398e-01
9.935553073883056641e-01
9.978448152542114258e-01
9.882100820541381836e-01
1.000000000000000000e+00
1.000000000000000000e+00
1.000000000000000000e+00
1.000000000000000000e+00
9.731183052062988281e-01
9.577465057373046875e-01
9.838187694549560547e-01
9.935345053672790527e-01
9.935345053672790527e-01
9.989235997200012207e-01
9.956989288330078125e-01
9.935345053672790527e-01
9.924569129943847656e-01
9.752688407897949219e-01
9.837837815284729004e-01
9.860365390777587891e-01
9.871382713317871094e-01
9.827400445938110352e-01
9.860365390777587891e-01
9.978424906730651855e-01
9.699892997741699219e-01
9.957035183906555176e-01
9.989247322082519531e-01
1.000000000000000000e+00
1.000000000000000000e+00
1.000000000000000000e+00
1.000000000000000000e+00
1.000000000000000000e+00
