1.935483813285827637e-01
4.215053617954254150e-01
5.666666626930236816e-01
6.440860033035278320e-01
6.827957034111022949e-01
7.075268626213073730e-01
7.118279337882995605e-01
7.666666507720947266e-01
7.623655796051025391e-01
7.849462628364562988e-01
7.946236729621887207e-01
7.989247441291809082e-01
8.064516186714172363e-01
8.032258152961730957e-01
8.322580456733703613e-01
8.000000119209289551e-01
8.365591168403625488e-01
8.139784932136535645e-01
8.290322422981262207e-01
8.505376577377319336e-01
8.591398000717163086e-01
8.419354557991027832e-01
8.677419424057006836e-01
8.537634611129760742e-01
8.720430135726928711e-01
8.483871221542358398e-01
8.817204236984252930e-01
8.580645322799682617e-01
8.623656034469604492e-01
8.827956914901733398e-01
8.763440847396850586e-01
8.731182813644409180e-01
8.688172101974487305e-01
8.784946203231811523e-01
8.774193525314331055e-01
8.741935491561889648e-01
8.924731016159057617e-01
8.967741727828979492e-01
9.021505117416381836e-01
8.860214948654174805e-01
8.903225660324096680e-01
8.967741727828979492e-01
9.118279814720153809e-01
8.924731016159057617e-01
9.010752439498901367e-01
9.193548560142517090e-01
9.053763151168823242e-01
9.064516425132751465e-01
9.150537848472595215e-01
9.387096762657165527e-01
9.075269103050231934e-01
9.161290526390075684e-01
9.344086050987243652e-01
9.333333373069763184e-01
9.268817305564880371e-01
9.279569983482360840e-01
9.333333373069763184e-01
9.182795882225036621e-01
9.376344084739685059e-01
9.430107474327087402e-01
9.430107474327087402e-01
9.494623541831970215e-01
9.569892287254333496e-01
9.494623541831970215e-01
9.526881575584411621e-01
9.677419066429138184e-01
9.451612830162048340e-01
9.623655676841735840e-01
9.537634253501892090e-01
9.483870863914489746e-01
9.645161032676696777e-01
9.473118185997009277e-01
9.720430374145507812e-01
9.440860152244567871e-01
9.655913710594177246e-01
9.569892287254333496e-01
9.774193763732910156e-01
9.741935729980468750e-01
9.462365508079528809e-01
9.623655676841735840e-01
9.741935729980468750e-01
9.688172340393066406e-01
9.709677696228027344e-01
9.763441085815429688e-01
9.784946441650390625e-01
9.688172340393066406e-01
9.731183052062988281e-01
9.741935729980468750e-01
9.720430374145507812e-01
9.913978576660156250e-01
9.774193763732910156e-01
9.709677696228027344e-01
9.784946441650390625e-01
9.774193763732910156e-01
9.494623541831970215e-01
9.827957153320312500e-01
9.881720542907714844e-01
9.892473220825195312e-01
9.913978576660156250e-01
9.924731254577636719e-01
9.806451797485351562e-01
9.688172340393066406e-01
9.741935729980468750e-01
9.817204475402832031e-01
9.795699119567871094e-01
9.731183052062988281e-01
9.752688407897949219e-01
9.860215187072753906e-01
9.946236610412597656e-01
9.709677696228027344e-01
9.795699119567871094e-01
9.870967864990234375e-01
9.892473220825195312e-01
9.870967864990234375e-01
9.838709831237792969e-01
9.774193763732910156e-01
9.752688407897949219e-01
9.838709831237792969e-01
9.924731254577636719e-01
9.946236610412597656e-01
9.956989288330078125e-01
9.913978576660156250e-01
1.000000000000000000e+00
1.000000000000000000e+00
1.000000000000000000e+00
1.000000000000000000e+00
9.731183052062988281e-01
9.505376219749450684e-01
9.806451797485351562e-01
9.913978576660156250e-01
9.913978576660156250e-01
9.978494644165039062e-01
9.956989288330078125e-01
9.913978576660156250e-01
9.903225898742675781e-01
9.752688407897949219e-01
9.784946441650390625e-01
9.870967864990234375e-01
9.903225898742675781e-01
9.795699119567871094e-01
9.870967864990234375e-01
9.946236610412597656e-01
9.731183052062988281e-01
9.967741966247558594e-01
9.989247322082519531e-01
1.000000000000000000e+00
1.000000000000000000e+00
1.000000000000000000e+00
1.000000000000000000e+00
1.000000000000000000e+00
