2.725377425936497192e-02
1.492002415828716511e-02
9.119044937176782120e-03
1.076961831837404751e-02
6.640935671001463314e-03
5.467723365872242079e-03
5.435064996145021372e-03
3.443180050246801623e-03
1.709139133178782816e-03
1.032314768003925968e-03
6.469942848937967244e-04
2.072070762597273599e-03
1.149066737894521547e-03
1.255767030142036734e-03
3.961348465727141700e-03
8.279892402924062672e-03
6.473519809204303019e-03
2.527317449412130185e-03
6.783855958884899093e-04
7.692986591722944696e-03
1.513783923223026989e-03
2.066240654219165824e-03
2.688903270597401991e-03
3.677650993438482275e-03
3.320002679018774217e-03
1.656900893369074460e-03
4.353368631491294624e-04
1.492072129279577814e-03
6.602148457746966591e-03
4.585975711807641422e-03
1.904362149329982129e-03
6.430140970827639404e-04
4.300733998420594732e-04
4.783856458383098148e-04
3.687924284976230741e-04
3.654381863160779021e-04
3.672597357542049996e-04
3.533795343424423288e-04
3.491969552939553994e-04
3.499188834188883416e-04
3.409431003705119421e-04
3.370190753311030972e-04
3.312938575433007748e-04
3.264645553421250930e-04
3.213991195497107245e-04
3.148610851146505635e-04
3.086097401932618800e-04
3.022226183779699177e-04
2.965098173717539156e-04
2.886537891826665794e-04
