8.947368264198303223e-01
9.144737124443054199e-01
9.407894611358642578e-01
9.276315569877624512e-01
9.407894611358642578e-01
9.473684430122375488e-01
9.342105388641357422e-01
9.736841917037963867e-01
9.736841917037963867e-01
9.802631735801696777e-01
9.934210777282714844e-01
9.868420958518981934e-01
9.802631735801696777e-01
9.868420958518981934e-01
9.605262875556945801e-01
9.407894611358642578e-01
9.539473652839660645e-01
9.736841917037963867e-01
9.934210777282714844e-01
9.276315569877624512e-01
9.868420958518981934e-01
9.802631735801696777e-01
9.802631735801696777e-01
9.736841917037963867e-01
9.736841917037963867e-01
9.736841917037963867e-01
1.000000000000000000e+00
9.934210777282714844e-01
9.605262875556945801e-01
9.605262875556945801e-01
9.802631735801696777e-01
1.000000000000000000e+00
1.000000000000000000e+00
9.934210777282714844e-01
1.000000000000000000e+00
1.000000000000000000e+00
1.000000000000000000e+00
1.000000000000000000e+00
1.000000000000000000e+00
1.000000000000000000e+00
1.000000000000000000e+00
1.000000000000000000e+00
1.000000000000000000e+00
1.000000000000000000e+00
1.000000000000000000e+00
1.000000000000000000e+00
1.000000000000000000e+00
1.000000000000000000e+00
1.000000000000000000e+00
1.000000000000000000e+00
