7.308138138100259695e-01
2.611354531955704106e-01
2.079051554970396676e-01
1.715462254140500686e-01
1.782433102170963291e-01
1.632965982517548542e-01
1.490255186515625774e-01
1.385696648933237851e-01
1.282155632346950735e-01
1.256693280792533507e-01
1.243964733322392435e-01
1.227179011279574128e-01
1.293911811470973283e-01
1.174342572769751375e-01
1.097607591419824391e-01
1.157935675767635675e-01
1.103991737121628042e-01
1.031857585867320126e-01
1.035225439995231950e-01
1.138947304036371927e-01
1.038024284655828383e-01
1.110039316631622891e-01
1.031092413754120668e-01
1.024745991955017116e-01
1.013135826434965608e-01
8.939285472353619699e-02
9.842118808678590458e-02
9.306962762830740810e-02
9.681565483838480701e-02
8.987652115265742925e-02
9.268690044897939795e-02
8.640266967840477819e-02
8.872175522839845230e-02
9.489179567709950247e-02
8.032173717352029951e-02
7.872973382929755737e-02
7.834143966323717234e-02
8.510440119547986459e-02
7.895804447131148096e-02
7.664858421406511857e-02
7.577804754382258534e-02
6.733140697623021809e-02
7.105618621430788429e-02
8.367685923247972224e-02
6.827317060708780472e-02
6.747759964012194078e-02
6.404673595096004035e-02
6.738102209586903368e-02
6.625434824489068175e-02
6.161513671703743728e-02
5.775586705526584985e-02
5.792227190582071444e-02
5.648135469985273577e-02
5.320439575451459818e-02
6.462711153818952170e-02
5.247676029879018433e-02
5.573596939318170573e-02
5.371883839575886804e-02
5.185905821468021759e-02
4.928976128356862829e-02
5.397476659520746706e-02
4.779609846762145758e-02
4.013629548161798399e-02
4.653046523144043628e-02
4.272432611666941715e-02
4.385873394826723948e-02
4.338371354176463052e-02
4.045957631959748446e-02
4.237708719901164128e-02
4.019547047018715707e-02
4.243996725227831140e-02
4.120188723338737841e-02
3.777256630371737811e-02
3.082022008151036677e-02
3.343041493226524968e-02
3.335702176415829973e-02
3.896928775271082251e-02
3.422240278126636309e-02
3.253025375782402084e-02
3.243422669196685537e-02
3.195460890245164359e-02
3.241300395403190482e-02
2.765792175201345002e-02
2.483269528979615420e-02
3.628673215583309158e-02
2.550850529537705691e-02
3.111903685202841580e-02
2.487957630537909401e-02
2.636146818364654490e-02
2.925103235820140229e-02
1.995070788745170742e-02
2.051947270178886007e-02
1.970198014363779004e-02
1.834180768807816900e-02
2.346572573381893248e-02
1.850388365310198097e-02
1.651075433209253651e-02
1.896424342357547199e-02
1.863639822927830661e-02
2.421038344123144573e-02
2.227610603875192219e-02
1.898740557282843286e-02
1.705532738238746751e-02
1.445017809234236048e-02
1.270071630994387170e-02
1.985056251079061682e-02
1.875715426401429117e-02
2.618715237863030593e-02
1.690032876068498641e-02
1.516484435888668970e-02
9.074751771154793492e-03
1.437291759349382247e-02
2.424654240013036574e-02
1.328327043431704393e-02
1.545295571367660478e-02
2.080461303741074769e-02
1.958850826695066744e-02
8.320892759641327144e-03
6.233192146671538876e-03
1.189406310199862989e-02
7.805455822805540921e-03
7.949371230597735566e-03
1.166528622381719608e-02
1.627010305156991951e-02
1.607234191857076500e-02
1.472414618950762359e-02
2.414465183953606181e-02
7.266308060421194925e-03
1.154037719721678207e-02
8.681983739416275492e-03
5.806901971899491172e-03
4.017722254798472732e-03
1.341219388992979759e-02
1.354908841620048633e-02
1.015933781348018865e-02
1.582985669313564242e-02
1.020968169127319317e-02
1.751838171567424857e-02
1.042635259977883928e-02
2.714896324883145189e-03
3.434111872073969136e-03
8.461713295590193862e-03
8.749422015945989076e-03
5.642328693487585339e-03
7.172624024880273896e-03
1.446470395765899440e-02
2.310792016069276172e-02
1.040592518276296612e-02
5.735516741210858714e-03
8.550247978483773575e-03
