4.886742431240404527e-01
2.003592514424697157e-01
1.578649285958634851e-01
1.276217007236929435e-01
1.015493669066318272e-01
9.613250326656640199e-02
1.048934826311550966e-01
9.132150843834020704e-02
7.781374183379066722e-02
7.193825816692307751e-02
6.853662993514764157e-02
7.322475424560129231e-02
7.015499715809464520e-02
6.337819557156547379e-02
6.095228048163538886e-02
6.310604093064717257e-02
6.577080059883205765e-02
6.350944920145684680e-02
5.397661833191019082e-02
5.409125708216844935e-02
5.461155894757829116e-02
5.274024238073548448e-02
5.046982824314093924e-02
4.594907301062635396e-02
5.534205964043831250e-02
4.384678258483808155e-02
4.888651129496274228e-02
4.449029798085858689e-02
4.146250586334544741e-02
3.928239403895041060e-02
3.904359976920529496e-02
4.185600336144892908e-02
3.591530853059402700e-02
3.622505144387420245e-02
3.654679602913826070e-02
3.126632405370158990e-02
3.089665327040010123e-02
3.184624375531304452e-02
3.260041582344954531e-02
3.148923010106570441e-02
3.335578745888668345e-02
3.076832260030772787e-02
2.963180388129034795e-02
2.435094685933649264e-02
2.376496916459617387e-02
2.345010012774147515e-02
2.719614264533616946e-02
2.042706796419009249e-02
2.289793644746249482e-02
2.156239933044852564e-02
2.535143573900357911e-02
2.027528949983685783e-02
1.964949688387849711e-02
1.794237611559367299e-02
1.706189603164760468e-02
1.896046849802514311e-02
2.027226340482464473e-02
1.854319668788439318e-02
1.752005101803761136e-02
1.590209193823043793e-02
1.568224142669812429e-02
1.234128790366095102e-02
1.525596534709267038e-02
1.499064233209189585e-02
1.430258261157991290e-02
1.215049086512710354e-02
1.026492924203044853e-02
9.466208911345322385e-03
1.203684114248552810e-02
1.272499255956117091e-02
1.088512622891092338e-02
1.044828726971092775e-02
1.067733141741307804e-02
1.241430495487600913e-02
1.574956655423560489e-02
1.382147733797466950e-02
8.330942397409495104e-03
8.318166213058895281e-03
6.482363706336496771e-03
3.807279202618476903e-03
8.501979926331303117e-03
1.105567266353372526e-02
7.572585496122124019e-03
6.695818531939299115e-03
3.827124273367068456e-03
4.653490646771818971e-03
9.923649370900688299e-03
1.543820277816295057e-02
1.094053664880688566e-02
1.147847763228232107e-02
6.976021755620617076e-03
6.013665272210415302e-03
4.156924239556693268e-03
2.886982109578794999e-03
4.998015288999953926e-03
4.326257203680012112e-03
9.515255810121905564e-03
1.021840634540188003e-02
1.211859479876349274e-02
1.018244163053460757e-02
4.594681840084776682e-03
2.581762974829773360e-03
2.231405369128173447e-03
3.898229979128275437e-03
2.198877850011873077e-03
2.384513742300282003e-03
6.214330932223897583e-03
1.317983254017485520e-02
6.826916612924941417e-03
1.104806847708894417e-02
2.746892397057650991e-03
1.602974858353540654e-03
2.227309663980868350e-03
1.698416054079478427e-03
2.062421452350536415e-03
1.300002192688542828e-03
1.263383174567122994e-03
1.240950185356634117e-03
1.750344751879226229e-03
3.398772666228828607e-03
1.175051788850657933e-02
1.568087988888478695e-02
7.229171785945368196e-03
3.990823610608975822e-03
4.269129477075082543e-03
2.285096114777012896e-03
2.493149585574944063e-03
6.517180650481209717e-03
1.036560881713574633e-02
4.281439257305249754e-03
4.178861538381424372e-03
1.218660945805226771e-03
2.072848607638327206e-03
1.225896208137510022e-03
1.441350181362577830e-03
9.179659280965368762e-03
1.210841635379932349e-02
1.208928959659767363e-02
1.377316188012066593e-03
1.377134992648506705e-03
1.045852191795459182e-03
1.148177592387033099e-03
1.937924529357870412e-03
7.058776425252851275e-03
4.416977104181561697e-03
2.412341959916259899e-03
4.962347236198095569e-03
9.777635885136750152e-03
5.278806231175618181e-03
6.064701200586922539e-03
