8.045977354049682617e-02
1.350574642419815063e-01
3.160919547080993652e-01
4.425287246704101562e-01
4.885057508945465088e-01
5.517241358757019043e-01
5.804597735404968262e-01
5.862069129943847656e-01
6.321839094161987305e-01
6.781609058380126953e-01
7.068965435028076172e-01
6.810345053672790527e-01
6.781609058380126953e-01
7.126436829566955566e-01
7.241379022598266602e-01
7.155172228813171387e-01
7.155172228813171387e-01
7.040230035781860352e-01
7.500000000000000000e-01
7.614942789077758789e-01
7.442528605461120605e-01
7.643678188323974609e-01
7.844827771186828613e-01
7.873563170433044434e-01
7.557471394538879395e-01
8.275862336158752441e-01
7.844827771186828613e-01
7.614942789077758789e-01
8.218390941619873047e-01
8.045976758003234863e-01
8.132184147834777832e-01
8.017241358757019043e-01
8.362069129943847656e-01
8.132184147834777832e-01
8.448275923728942871e-01
8.362069129943847656e-01
8.591954112052917480e-01
8.534482717514038086e-01
8.505747318267822266e-01
8.477011322975158691e-01
8.419540524482727051e-01
8.362069129943847656e-01
8.678160905838012695e-01
8.649425506591796875e-01
8.764367699623107910e-01
8.879310488700866699e-01
8.505747318267822266e-01
8.965517282485961914e-01
8.821839094161987305e-01
9.051724076271057129e-01
8.908045887947082520e-01
8.936781883239746094e-01
8.965517282485961914e-01
9.080459475517272949e-01
9.339080452919006348e-01
9.080459475517272949e-01
9.051724076271057129e-01
9.051724076271057129e-01
9.224137663841247559e-01
9.310345053672790527e-01
9.224137663841247559e-01
9.367815852165222168e-01
9.224137663841247559e-01
9.224137663841247559e-01
9.224137663841247559e-01
9.482758641242980957e-01
9.482758641242980957e-01
9.597701430320739746e-01
9.339080452919006348e-01
9.310345053672790527e-01
9.540230035781860352e-01
9.482758641242980957e-01
9.482758641242980957e-01
9.252873659133911133e-01
9.367815852165222168e-01
9.281609058380126953e-01
9.683908224105834961e-01
9.454023241996765137e-01
9.770115017890930176e-01
9.856321811676025391e-01
9.511494040489196777e-01
9.540230035781860352e-01
9.655172228813171387e-01
9.626436829566955566e-01
9.856321811676025391e-01
9.856321811676025391e-01
9.454023241996765137e-01
9.367815852165222168e-01
9.597701430320739746e-01
9.511494040489196777e-01
9.683908224105834961e-01
9.712643623352050781e-01
9.798850417137145996e-01
9.913793206214904785e-01
9.856321811676025391e-01
9.885057210922241211e-01
9.597701430320739746e-01
9.626436829566955566e-01
9.396551847457885742e-01
9.568965435028076172e-01
9.798850417137145996e-01
9.885057210922241211e-01
9.942528605461120605e-01
9.856321811676025391e-01
9.971264600753784180e-01
9.913793206214904785e-01
9.770115017890930176e-01
9.454023241996765137e-01
9.683908224105834961e-01
9.712643623352050781e-01
9.942528605461120605e-01
9.971264600753784180e-01
9.913793206214904785e-01
9.971264600753784180e-01
9.971264600753784180e-01
1.000000000000000000e+00
1.000000000000000000e+00
1.000000000000000000e+00
9.971264600753784180e-01
9.827586412429809570e-01
9.540230035781860352e-01
9.281609058380126953e-01
9.741379022598266602e-01
9.856321811676025391e-01
9.827586412429809570e-01
9.913793206214904785e-01
9.856321811676025391e-01
9.770115017890930176e-01
9.540230035781860352e-01
9.827586412429809570e-01
9.885057210922241211e-01
1.000000000000000000e+00
9.913793206214904785e-01
9.971264600753784180e-01
9.971264600753784180e-01
9.741379022598266602e-01
9.540230035781860352e-01
9.568965435028076172e-01
9.942528605461120605e-01
9.971264600753784180e-01
1.000000000000000000e+00
9.971264600753784180e-01
9.942528605461120605e-01
9.770115017890930176e-01
9.827586412429809570e-01
9.942528605461120605e-01
9.770115017890930176e-01
9.655172228813171387e-01
9.770115017890930176e-01
9.770115017890930176e-01
