8.918918967247009277e-01
8.918918967247009277e-01
9.315068721771240234e-01
9.337748289108276367e-01
9.459459185600280762e-01
9.530201554298400879e-01
9.328858852386474609e-01
9.342105388641357422e-01
9.533333182334899902e-01
9.271523356437683105e-01
9.733333587646484375e-01
9.480519294738769531e-01
1.000000000000000000e+00
9.675324559211730957e-01
9.797297120094299316e-01
9.867549538612365723e-01
9.868420958518981934e-01
9.205297827720642090e-01
9.281045794486999512e-01
9.673202633857727051e-01
9.602649211883544922e-01
9.736841917037963867e-01
9.802631735801696777e-01
9.733333587646484375e-01
9.868420958518981934e-01
9.671052694320678711e-01
9.735099077224731445e-01
1.000000000000000000e+00
1.000000000000000000e+00
1.000000000000000000e+00
1.000000000000000000e+00
1.000000000000000000e+00
1.000000000000000000e+00
1.000000000000000000e+00
1.000000000000000000e+00
1.000000000000000000e+00
1.000000000000000000e+00
1.000000000000000000e+00
1.000000000000000000e+00
1.000000000000000000e+00
1.000000000000000000e+00
1.000000000000000000e+00
1.000000000000000000e+00
1.000000000000000000e+00
1.000000000000000000e+00
1.000000000000000000e+00
1.000000000000000000e+00
1.000000000000000000e+00
1.000000000000000000e+00
1.000000000000000000e+00
