2.123637053970046928e-02
9.855142222534496801e-03
1.122558873588885148e-02
5.087641333986817754e-03
6.182913550368567511e-03
4.608486013214846064e-03
8.569692360977435724e-03
3.973806564701785199e-03
3.666930997921629982e-03
1.484734996098822273e-03
2.928954740005239483e-03
2.306080339334318739e-03
2.189812243306572988e-03
6.305426967145913095e-03
7.501691867506717938e-03
2.539136989816523880e-03
4.903872882076972320e-03
4.140722573873199287e-03
5.419081547393444012e-04
5.618290128671016076e-04
4.444568397800269591e-03
2.456005948772787585e-03
1.248927482025068885e-03
5.372603637050376961e-03
2.036303085153912291e-03
8.856140995249508433e-04
1.562133677709339440e-03
1.464380582286926510e-03
3.589432610013207521e-03
6.798980753826345570e-03
4.298519779780829095e-03
5.896084513832925431e-04
1.046068917942973627e-03
4.950935865385727545e-04
4.442284081733890934e-04
4.341434282662587265e-04
4.267327513971508595e-04
4.226200714218079370e-04
4.200566078869488176e-04
4.151589247215170769e-04
4.090613887808688324e-04
4.044573544019387248e-04
3.993384830455688804e-04
3.931865715161418249e-04
3.873219568809510354e-04
3.812087502562772567e-04
3.745277151724877868e-04
3.676896956970188558e-04
3.602967530152609526e-04
3.530091117170432711e-04
