3.427949094183745937e-01
1.169204268386671713e-01
8.340527924375745750e-02
7.538280685395605529e-02
7.456260236989228907e-02
6.773734472228920556e-02
6.746978691425249697e-02
6.758924840554546287e-02
5.916390865328733512e-02
5.592325352661177418e-02
5.261214522479781136e-02
4.746884766331749966e-02
4.471381353067097747e-02
5.105506938598904781e-02
4.970706559227160842e-02
4.500981782257841568e-02
3.655208959906975502e-02
3.785112285976267171e-02
3.702533748802366159e-02
3.624162777748648340e-02
3.841570109463255528e-02
3.246914742102777196e-02
3.254407286402845323e-02
2.800615391556657285e-02
2.536132991034434694e-02
2.148807737202208454e-02
2.707335664046385190e-02
2.360354906133690922e-02
3.251017439793953134e-02
2.458851513736780292e-02
2.118319246141118703e-02
1.716730448151224456e-02
2.068618037773871030e-02
2.560705594915749922e-02
1.913801135249372856e-02
1.505209947722159318e-02
1.497976358777166304e-02
1.072348258381010042e-02
1.495363800154479034e-02
1.352184117110956374e-02
9.454121261714529614e-03
9.666515573168686648e-03
1.925476939075240410e-02
1.358131475338343087e-02
9.076276785512867734e-03
9.118618522046264066e-03
1.297643498656980178e-02
9.508862433480334830e-03
6.697214811556685514e-03
7.458173685630769406e-03
5.873575764829817338e-03
5.527068900561652592e-03
1.217575929716432220e-02
2.358776521185668509e-02
1.231522817776407180e-02
6.955619292239870882e-03
6.755091218944363901e-03
7.188854676730582760e-03
9.500772986491184957e-03
9.367756714921755129e-03
1.460878648933909736e-02
9.508983725315400121e-03
5.893422250778754257e-03
4.223708896039710808e-03
4.105023987510431245e-03
4.267785344005682949e-03
1.362349174549558513e-02
9.644026703291317532e-03
8.634575356637873983e-03
4.076603777280523623e-03
3.762423528636469651e-03
3.757437180132413516e-03
3.560796051476946590e-03
3.486101286613895074e-03
3.404250646690978703e-03
3.327939004965096287e-03
3.412019178725480238e-03
3.220968336345091370e-03
3.091466075008781050e-03
3.003703184962223417e-03
2.917706618224568272e-03
2.824423830314330697e-03
2.735470105462672278e-03
2.640803026942431520e-03
2.546633145288619213e-03
2.447710481087658936e-03
2.293089490007772097e-02
2.079279752809221407e-02
6.884504217687348673e-03
6.612948823443457087e-03
7.252623539526904632e-03
4.439138984441231249e-03
2.276586247084004012e-03
2.335364963299635735e-03
2.166641343562408523e-03
2.273410779971022245e-03
2.116582286261561863e-03
2.056834043550629255e-03
2.031792597379364004e-03
1.980128155921220216e-03
1.940171030379486553e-03
1.897955038620733779e-03
1.855020736453423828e-03
1.811569271742428976e-03
1.762826831399251851e-03
1.714337759092244597e-03
1.666147682648638556e-03
1.613265156979511866e-03
1.560774123150226360e-03
1.507711754091092208e-03
1.450825416927923597e-03
1.394279257580363944e-03
1.342985245608801625e-03
1.279333544879296750e-03
1.221016321605966799e-03
1.159055167187447895e-03
1.100335431067014794e-03
1.038962132064539905e-03
9.784663669626615309e-04
9.186875595566969385e-04
8.586073871135078625e-04
8.003608154598109651e-04
7.422014441484679542e-04
6.859557818182623933e-04
6.314969093512446405e-04
5.779124812617604566e-04
5.268422430016391237e-04
4.778834101772254286e-04
4.318787474485793359e-04
3.876954059407858896e-04
3.916651535396981076e-02
1.992280531706135810e-02
1.902021780410050652e-03
4.220827717440899136e-03
3.349281868681331688e-03
6.299197419987372440e-03
2.801169849324299313e-03
2.253506198644798265e-03
4.353314234516177474e-04
5.280456262031475939e-04
4.024014456037318496e-04
4.972447825086403345e-04
3.650119670450279233e-04
3.536883968325231194e-04
3.486985958691853613e-04
3.518705097138100633e-04
3.471484853877162169e-04
3.442364989232878721e-04
3.373055558409521334e-04
3.222395207732230908e-04
