1.034482792019844055e-01
3.362068831920623779e-01
4.848484992980957031e-01
5.873016119003295898e-01
6.090225577354431152e-01
6.212121248245239258e-01
6.343283653259277344e-01
6.323529481887817383e-01
6.595744490623474121e-01
7.071428298950195312e-01
7.028985619544982910e-01
7.464788556098937988e-01
7.810218930244445801e-01
7.323943376541137695e-01
7.094594836235046387e-01
7.517730593681335449e-01
8.368794322013854980e-01
7.599999904632568359e-01
8.095238208770751953e-01
7.931034564971923828e-01
7.887324094772338867e-01
8.181818127632141113e-01
8.150684833526611328e-01
8.561643958091735840e-01
8.819444179534912109e-01
9.315068721771240234e-01
8.639456033706665039e-01
8.926174640655517578e-01
7.870967984199523926e-01
8.866666555404663086e-01
8.827586174011230469e-01
9.139072895050048828e-01
8.986486196517944336e-01
8.707482814788818359e-01
8.933333158493041992e-01
9.399999976158142090e-01
9.271523356437683105e-01
9.801324605941772461e-01
9.333333373069763184e-01
9.285714030265808105e-01
9.866666793823242188e-01
9.673202633857727051e-01
8.766233921051025391e-01
9.530201554298400879e-01
9.671052694320678711e-01
9.551281929016113281e-01
9.333333373069763184e-01
9.735099077224731445e-01
9.934210777282714844e-01
9.868420958518981934e-01
1.000000000000000000e+00
1.000000000000000000e+00
9.150326848030090332e-01
8.421052694320678711e-01
9.346405267715454102e-01
9.733333587646484375e-01
9.740259647369384766e-01
9.545454382896423340e-01
9.403973221778869629e-01
9.473684430122375488e-01
9.166666865348815918e-01
9.794520735740661621e-01
9.803921580314636230e-01
1.000000000000000000e+00
1.000000000000000000e+00
1.000000000000000000e+00
9.215686321258544922e-01
9.539473652839660645e-01
9.539473652839660645e-01
9.934640526771545410e-01
1.000000000000000000e+00
1.000000000000000000e+00
1.000000000000000000e+00
1.000000000000000000e+00
1.000000000000000000e+00
1.000000000000000000e+00
1.000000000000000000e+00
1.000000000000000000e+00
1.000000000000000000e+00
1.000000000000000000e+00
1.000000000000000000e+00
1.000000000000000000e+00
1.000000000000000000e+00
1.000000000000000000e+00
1.000000000000000000e+00
1.000000000000000000e+00
8.571428656578063965e-01
8.851351141929626465e-01
9.668874144554138184e-01
9.542483687400817871e-01
9.735099077224731445e-01
9.868420958518981934e-01
1.000000000000000000e+00
9.935064911842346191e-01
1.000000000000000000e+00
9.935064911842346191e-01
1.000000000000000000e+00
1.000000000000000000e+00
1.000000000000000000e+00
1.000000000000000000e+00
1.000000000000000000e+00
1.000000000000000000e+00
1.000000000000000000e+00
1.000000000000000000e+00
1.000000000000000000e+00
1.000000000000000000e+00
1.000000000000000000e+00
1.000000000000000000e+00
1.000000000000000000e+00
1.000000000000000000e+00
1.000000000000000000e+00
1.000000000000000000e+00
1.000000000000000000e+00
1.000000000000000000e+00
1.000000000000000000e+00
1.000000000000000000e+00
1.000000000000000000e+00
1.000000000000000000e+00
1.000000000000000000e+00
1.000000000000000000e+00
1.000000000000000000e+00
1.000000000000000000e+00
1.000000000000000000e+00
1.000000000000000000e+00
1.000000000000000000e+00
1.000000000000000000e+00
1.000000000000000000e+00
1.000000000000000000e+00
1.000000000000000000e+00
1.000000000000000000e+00
8.333333134651184082e-01
8.926174640655517578e-01
9.866666793823242188e-01
9.736841917037963867e-01
9.607843160629272461e-01
9.599999785423278809e-01
9.801324605941772461e-01
9.738562107086181641e-01
1.000000000000000000e+00
1.000000000000000000e+00
1.000000000000000000e+00
1.000000000000000000e+00
1.000000000000000000e+00
1.000000000000000000e+00
1.000000000000000000e+00
1.000000000000000000e+00
1.000000000000000000e+00
1.000000000000000000e+00
1.000000000000000000e+00
1.000000000000000000e+00
