9.803921729326248169e-02
2.549019753932952881e-01
4.183006584644317627e-01
4.836601316928863525e-01
5.294117927551269531e-01
5.359477400779724121e-01
5.555555820465087891e-01
5.620915293693542480e-01
6.078431606292724609e-01
6.470588445663452148e-01
6.339869499206542969e-01
6.928104758262634277e-01
6.993464231491088867e-01
6.797385811805725098e-01
6.862745285034179688e-01
6.928104758262634277e-01
7.712418437004089355e-01
7.450980544090270996e-01
7.777777910232543945e-01
7.516340017318725586e-01
7.320261597633361816e-01
7.647058963775634766e-01
7.777777910232543945e-01
8.169934749603271484e-01
8.300653696060180664e-01
8.888888955116271973e-01
8.300653696060180664e-01
8.692810535430908203e-01
7.973856329917907715e-01
8.692810535430908203e-01
8.366013169288635254e-01
9.019607901573181152e-01
8.692810535430908203e-01
8.366013169288635254e-01
8.758170008659362793e-01
9.215686321258544922e-01
9.150326848030090332e-01
9.673202633857727051e-01
9.150326848030090332e-01
9.346405267715454102e-01
9.673202633857727051e-01
9.673202633857727051e-01
8.823529481887817383e-01
9.281045794486999512e-01
9.607843160629272461e-01
9.738562107086181641e-01
9.150326848030090332e-01
9.607843160629272461e-01
9.869281053543090820e-01
9.803921580314636230e-01
1.000000000000000000e+00
1.000000000000000000e+00
9.150326848030090332e-01
8.366013169288635254e-01
9.346405267715454102e-01
9.542483687400817871e-01
9.803921580314636230e-01
9.607843160629272461e-01
9.281045794486999512e-01
9.411764740943908691e-01
9.346405267715454102e-01
9.346405267715454102e-01
9.803921580314636230e-01
1.000000000000000000e+00
1.000000000000000000e+00
9.869281053543090820e-01
9.215686321258544922e-01
9.477124214172363281e-01
9.477124214172363281e-01
9.934640526771545410e-01
1.000000000000000000e+00
1.000000000000000000e+00
1.000000000000000000e+00
1.000000000000000000e+00
1.000000000000000000e+00
1.000000000000000000e+00
1.000000000000000000e+00
1.000000000000000000e+00
1.000000000000000000e+00
1.000000000000000000e+00
1.000000000000000000e+00
1.000000000000000000e+00
1.000000000000000000e+00
1.000000000000000000e+00
1.000000000000000000e+00
1.000000000000000000e+00
8.627451062202453613e-01
8.562091588973999023e-01
9.542483687400817871e-01
9.542483687400817871e-01
9.607843160629272461e-01
9.803921580314636230e-01
1.000000000000000000e+00
1.000000000000000000e+00
1.000000000000000000e+00
1.000000000000000000e+00
1.000000000000000000e+00
1.000000000000000000e+00
1.000000000000000000e+00
1.000000000000000000e+00
1.000000000000000000e+00
1.000000000000000000e+00
1.000000000000000000e+00
1.000000000000000000e+00
1.000000000000000000e+00
1.000000000000000000e+00
1.000000000000000000e+00
1.000000000000000000e+00
1.000000000000000000e+00
1.000000000000000000e+00
1.000000000000000000e+00
1.000000000000000000e+00
1.000000000000000000e+00
1.000000000000000000e+00
1.000000000000000000e+00
1.000000000000000000e+00
1.000000000000000000e+00
1.000000000000000000e+00
1.000000000000000000e+00
1.000000000000000000e+00
1.000000000000000000e+00
1.000000000000000000e+00
1.000000000000000000e+00
1.000000000000000000e+00
1.000000000000000000e+00
1.000000000000000000e+00
1.000000000000000000e+00
1.000000000000000000e+00
1.000000000000000000e+00
1.000000000000000000e+00
8.169934749603271484e-01
8.692810535430908203e-01
9.673202633857727051e-01
9.673202633857727051e-01
9.607843160629272461e-01
9.411764740943908691e-01
9.673202633857727051e-01
9.738562107086181641e-01
1.000000000000000000e+00
9.934640526771545410e-01
1.000000000000000000e+00
1.000000000000000000e+00
1.000000000000000000e+00
1.000000000000000000e+00
1.000000000000000000e+00
1.000000000000000000e+00
1.000000000000000000e+00
1.000000000000000000e+00
1.000000000000000000e+00
1.000000000000000000e+00
