5.201385608120886461e-01
2.207313425952376895e-01
1.946852915571368470e-01
1.549209183460908135e-01
1.929809178186775998e-01
1.428436044056611287e-01
1.686956316363620312e-01
1.506492409520547859e-01
1.278892915512819528e-01
1.347069476285871759e-01
1.313095765464868947e-01
1.248056863054832627e-01
1.284766976580844489e-01
1.207858925871608119e-01
1.241793411342240472e-01
1.100554481807982377e-01
1.148537182637092702e-01
1.067930162432574465e-01
1.017963665902852088e-01
9.556357026301134927e-02
9.967184855717919900e-02
9.880726952100050975e-02
9.831883345468059310e-02
9.509771103059366792e-02
9.519189601200550577e-02
1.020331003637422046e-01
1.039514648143319703e-01
9.208030666144630116e-02
8.473554287302588472e-02
8.243229534563399630e-02
8.481602685944142350e-02
9.083412129051707251e-02
7.942758845451801386e-02
8.426286137797096842e-02
7.508659257052124891e-02
7.303979519468789539e-02
7.806006633411380347e-02
7.594792716023555934e-02
7.620718399953632649e-02
7.728706056498964305e-02
6.843372875383223197e-02
7.879207696211074086e-02
7.039713334431867142e-02
7.318084248120565460e-02
6.840433807316773085e-02
5.902973843122376330e-02
6.854299592748520908e-02
6.580257593852312237e-02
5.879419658051772413e-02
5.717456022501479079e-02
5.968556730968312130e-02
5.829814025132864369e-02
5.467596358936605699e-02
5.527897515247879451e-02
5.372815557099026862e-02
5.051881918472204275e-02
5.251592603081323141e-02
4.822376422501078314e-02
5.380609247552199659e-02
5.043619353742589961e-02
5.107272644506797438e-02
4.459183455797056245e-02
4.298113706001930462e-02
4.137334829878910186e-02
4.152458381751645417e-02
4.217484772328679299e-02
4.268090068395483105e-02
4.424646583101144587e-02
3.818728789316797045e-02
3.847769679719757752e-02
3.864674451297998165e-02
3.190117283225899630e-02
3.673408664435626192e-02
3.350283307595919302e-02
3.893438752670584646e-02
3.505767484145476398e-02
3.144236987442786124e-02
3.159392017825845417e-02
2.928575732272955395e-02
2.588833229148291767e-02
2.781483476395911134e-02
2.976987056092152487e-02
2.473993567517479217e-02
2.513845745465345324e-02
2.706648963987423953e-02
2.278839705276503730e-02
2.704478280159263240e-02
2.724000065757510233e-02
2.254442676111615904e-02
3.692028794562876581e-02
2.276142907260484197e-02
2.458935706119037140e-02
2.188279048723450540e-02
2.460690747559773905e-02
1.849558469754226595e-02
1.966151221673103841e-02
2.211465203786396050e-02
2.509345124356042803e-02
2.115534253161896472e-02
1.291322709823715560e-02
1.317458463119232717e-02
1.520585521040848827e-02
2.289405770929473297e-02
1.768903243439668913e-02
1.226262143188639256e-02
1.144821158167032976e-02
1.091630937619327175e-02
1.330961216803702198e-02
1.497068233955779065e-02
1.718207216665835341e-02
1.676194387510382064e-02
1.848230633083285460e-02
1.013194215279609144e-02
8.293141421339618111e-03
2.156540225531639043e-02
1.371216715958768415e-02
1.274247562677000012e-02
1.126847014153157210e-02
7.170571279255732837e-03
8.956357425017276441e-03
1.906568854058522319e-02
1.673894934011260771e-02
1.473859678205935095e-02
7.476583312764113406e-03
6.696809042411963446e-03
8.369372496621202417e-03
7.954425737766114904e-03
7.634312675526829656e-03
3.930634289362923070e-03
6.788063896480230758e-03
2.399178872816216945e-02
2.627292885210966850e-02
1.428988419838677498e-02
7.527502078023517486e-03
7.448004404584097383e-03
2.698592583648765260e-03
2.414294352727449668e-03
6.905162900584348694e-03
7.543863999275078960e-03
3.859724355574639752e-03
4.952024554085723666e-03
1.813824223481972156e-02
2.412159802409539339e-02
4.483502375314917486e-03
9.779467513586645455e-03
9.967201196603705723e-03
6.582897614073523682e-03
3.034837503961859521e-03
2.074255873444864721e-03
2.008242582022280558e-03
