1.330935209989547729e-01
3.750000000000000000e-01
4.607142806053161621e-01
5.163636207580566406e-01
4.653846025466918945e-01
5.724906921386718750e-01
5.212765932083129883e-01
5.345454812049865723e-01
5.807692408561706543e-01
6.254826188087463379e-01
5.741444826126098633e-01
5.843137502670288086e-01
6.098484992980957031e-01
6.148148179054260254e-01
6.561264991760253906e-01
6.743295192718505859e-01
6.174242496490478516e-01
6.528301835060119629e-01
6.934865713119506836e-01
7.258687019348144531e-01
6.853932738304138184e-01
6.888889074325561523e-01
7.137255072593688965e-01
7.341269850730895996e-01
7.181467413902282715e-01
7.019608020782470703e-01
6.455224156379699707e-01
7.279693484306335449e-01
7.169117927551269531e-01
7.461538314819335938e-01
7.121770977973937988e-01
7.364341020584106445e-01
7.556390762329101562e-01
7.633587718009948730e-01
7.822878360748291016e-01
8.046875000000000000e-01
7.773584723472595215e-01
7.433962225914001465e-01
7.482269406318664551e-01
7.765151262283325195e-01
7.894737124443054199e-01
7.333333492279052734e-01
8.066914677619934082e-01
7.885304689407348633e-01
7.886792421340942383e-01
8.350877165794372559e-01
7.849056720733642578e-01
8.255813717842102051e-01
8.411552309989929199e-01
8.430656790733337402e-01
8.220640420913696289e-01
8.226950168609619141e-01
8.634686470031738281e-01
8.422939181327819824e-01
8.673835396766662598e-01
8.442906737327575684e-01
8.776978254318237305e-01
8.536585569381713867e-01
8.435373902320861816e-01
8.630136847496032715e-01
8.498293757438659668e-01
9.052631855010986328e-01
8.780487775802612305e-01
8.801369667053222656e-01
8.841059803962707520e-01
8.729097247123718262e-01
8.750000000000000000e-01
8.711864352226257324e-01
8.774834275245666504e-01
8.993288874626159668e-01
8.956229090690612793e-01
9.144737124443054199e-01
9.023569226264953613e-01
9.036544561386108398e-01
9.016393423080444336e-01
9.060402512550354004e-01
8.952381014823913574e-01
8.892508149147033691e-01
9.269102811813354492e-01
9.377049207687377930e-01
9.228295683860778809e-01
9.064516425132751465e-01
9.290322661399841309e-01
9.350649118423461914e-01
9.352750778198242188e-01
9.326922893524169922e-01
9.102563858032226562e-01
9.213114976882934570e-01
9.400631189346313477e-01
8.741935491561889648e-01
9.512987136840820312e-01
9.228295683860778809e-01
9.301587343215942383e-01
9.297124743461608887e-01
9.681528806686401367e-01
9.493671059608459473e-01
9.462025165557861328e-01
9.383116960525512695e-01
9.110429286956787109e-01
9.545454382896423340e-01
9.685534834861755371e-01
9.569230675697326660e-01
9.337539672851562500e-01
9.331306815147399902e-01
9.601227045059204102e-01
9.691358208656311035e-01
9.725610017776489258e-01
9.603658318519592285e-01
9.417178034782409668e-01
9.378882050514221191e-01
9.422492384910583496e-01
9.263803958892822266e-01
9.752321839332580566e-01
9.730538725852966309e-01
9.169231057167053223e-01
9.538461565971374512e-01
9.487951993942260742e-01
9.753086566925048828e-01
9.756838679313659668e-01
9.726443886756896973e-01
9.357798099517822266e-01
9.444444179534912109e-01
9.457831382751464844e-01
9.729729890823364258e-01
9.818730950355529785e-01
9.668674468994140625e-01
9.789156913757324219e-01
9.700598716735839844e-01
9.940476417541503906e-01
9.787878990173339844e-01
9.247648715972900391e-01
9.088146090507507324e-01
9.478527903556823730e-01
9.759036302566528320e-01
9.818181991577148438e-01
1.000000000000000000e+00
9.970238208770751953e-01
9.790419340133666992e-01
9.757575988769531250e-01
9.939939975738525391e-01
9.850746393203735352e-01
9.610778689384460449e-01
9.386503100395202637e-01
9.879879951477050781e-01
9.666666388511657715e-01
9.606060385704040527e-01
9.849849939346313477e-01
9.880596995353698730e-01
1.000000000000000000e+00
9.970238208770751953e-01
