8.842975497245788574e-01
9.262295365333557129e-01
9.745762944221496582e-01
8.790322542190551758e-01
9.421487450599670410e-01
9.430894255638122559e-01
9.586777091026306152e-01
9.583333134651184082e-01
9.495798349380493164e-01
9.508196711540222168e-01
9.747899174690246582e-01
9.359999895095825195e-01
9.674796462059020996e-01
9.262295365333557129e-01
9.917355179786682129e-01
9.836065769195556641e-01
9.508196711540222168e-01
9.495798349380493164e-01
9.112903475761413574e-01
9.752066135406494141e-01
9.834710955619812012e-01
9.672130942344665527e-01
9.666666388511657715e-01
9.105691313743591309e-01
9.674796462059020996e-01
9.917355179786682129e-01
9.918032884597778320e-01
9.674796462059020996e-01
9.918032884597778320e-01
9.180327653884887695e-01
9.834710955619812012e-01
9.834710955619812012e-01
9.586777091026306152e-01
9.758064746856689453e-01
1.000000000000000000e+00
1.000000000000000000e+00
1.000000000000000000e+00
9.756097793579101562e-01
9.327731132507324219e-01
9.586777091026306152e-01
9.916666746139526367e-01
9.672130942344665527e-01
8.925619721412658691e-01
9.098360538482666016e-01
9.754098653793334961e-01
9.756097793579101562e-01
9.834710955619812012e-01
9.918699264526367188e-01
9.669421315193176270e-01
9.754098653793334961e-01
