5.392640869161254707e-02
3.391412144550096791e-02
2.811516665734237544e-02
2.709257035572168806e-02
1.619635978946403973e-02
1.490463705473693556e-02
1.753288273693592164e-02
1.965481919287586157e-02
1.554060601126046326e-02
8.453010911457062987e-03
8.227313457441216837e-03
1.257360668538945285e-02
1.055012264768196741e-02
1.035233558778889291e-02
8.424838762339877454e-03
1.847154322729004094e-02
9.967228490349776260e-03
8.729140507193432902e-03
1.014815009334273620e-02
5.379537101054049017e-03
7.457338353537072001e-03
2.120955560158726411e-02
8.120847886007729471e-03
1.737364587758446002e-02
5.270655029924132574e-03
2.833446260087567250e-03
1.303567127997677395e-03
1.300323569186820219e-03
5.284961887093438983e-03
1.025932795993003167e-02
1.422600152683806476e-02
8.359601607990053626e-03
1.003584431380284345e-02
3.824337002264363312e-03
8.928608833926520924e-03
4.087336043597224362e-03
2.976111180772778725e-03
2.015374896753149066e-03
1.072814227782680147e-03
1.267539054260709893e-03
3.620496382788460175e-03
2.789914039708156837e-02
1.529399704997055388e-02
3.270204193184738251e-03
4.647245930114497076e-03
3.635857385830734700e-03
7.976447739392586445e-03
6.639781418965045798e-03
1.358627988987204903e-03
1.902272780469795336e-03
