4.312356473804780377e-01
2.478823118267805270e-01
2.019301622860275314e-01
1.590473015118099021e-01
1.323544387509908438e-01
1.244723302393710707e-01
9.990796252297548530e-02
9.549373576114343620e-02
9.848043363612248025e-02
7.985827273281634331e-02
7.963145697312173921e-02
7.588752386433882113e-02
7.538700574548250211e-02
6.700025151698332793e-02
7.356467251876569469e-02
5.937849416163204497e-02
6.257989826212473350e-02
5.519332018631646630e-02
5.537390785130335419e-02
6.129678886612172084e-02
6.302867865351365062e-02
4.915567650099385288e-02
4.536147657868474375e-02
4.505575805902481412e-02
5.064776993831166668e-02
5.532046652558490069e-02
4.673371417727518323e-02
4.158691139950812521e-02
4.567163699855890380e-02
3.869677692084685233e-02
3.612507936440360889e-02
3.803772950903305805e-02
3.331865325633113356e-02
3.687600060675222391e-02
3.194017519816031575e-02
3.695041617130502554e-02
2.761484276164661786e-02
2.845260641256044248e-02
3.316319649074282033e-02
3.105077238647113713e-02
2.846153284669174569e-02
2.431056252824453576e-02
2.801152832144536767e-02
2.691967462624637875e-02
2.706817931607837999e-02
2.503463086453571601e-02
2.340857289558233301e-02
2.733551270665155949e-02
2.252682000028469536e-02
2.228484103649098699e-02
2.120468157321907590e-02
1.897419250717910510e-02
2.003727905688527933e-02
2.928767866051379745e-02
2.078615382709491158e-02
1.840458040068567933e-02
1.505866542356147815e-02
1.690722324680654989e-02
1.714284062405248624e-02
1.788335100544841128e-02
1.604599230983796629e-02
1.530741306703073054e-02
1.649230819864958703e-02
1.640694358793675853e-02
1.456817804666405390e-02
1.509143693770339037e-02
1.261777989141028671e-02
1.501004892742028966e-02
1.172257638097313516e-02
1.109963652022167256e-02
1.092222085551419752e-02
1.024484001895526949e-02
1.145604397573884471e-02
1.332164108863466596e-02
1.202609909393176878e-02
9.561092352502473593e-03
8.752824301392344436e-03
1.058640999219382338e-02
1.366355833542350073e-02
8.341088923162940164e-03
1.967089966664102574e-02
9.003285245958078317e-03
1.042215856187927656e-02
6.678118653532440219e-03
4.524640849344511301e-03
4.715965489854929971e-03
1.022710417753703790e-02
7.233510822939822477e-03
1.910438367890205866e-02
7.941430608326485729e-03
3.437282554608381627e-03
3.756085374071627125e-03
3.550991831390663649e-03
5.268819335716171982e-03
9.518657890276444392e-03
6.276624169098272456e-03
9.192403364123236803e-03
3.030585938765338605e-03
1.133498148679591526e-02
1.394319996378536215e-02
1.118299517133735863e-02
6.087890603298017761e-03
4.180126773571520363e-03
5.430862179240625656e-03
5.265447330596141964e-03
1.112289324056270519e-02
1.420979887993325044e-02
6.235986508893727291e-03
3.484756942862057838e-03
4.181305845642174952e-03
2.545306520570014396e-03
2.203483196323930641e-03
1.761384034533266391e-03
5.509494648257911957e-03
2.972255731139324033e-03
1.066592239985443384e-02
1.281443189187703863e-02
5.667361833005513626e-03
7.979438740250125242e-03
2.288293781853723962e-03
2.004534984539099642e-03
1.670620163615170722e-03
1.881302072889078948e-03
1.479110240426316286e-03
6.149497688984218932e-03
9.372207547378495415e-03
8.528194857739604395e-03
7.896994566269233823e-03
3.019378279536631769e-03
3.310089781840999494e-03
2.370215910949584597e-03
5.400604072054474188e-03
8.341004268047704645e-03
4.712939030809788939e-03
8.718323533543351905e-03
4.515249115093975842e-03
3.101132577107963348e-03
5.104292532838644592e-03
4.109829606765971408e-03
4.016070226030168597e-03
2.756856577470898594e-03
4.949987065194698041e-03
9.501212875872661057e-03
4.024517762210873435e-03
7.594544151581303880e-03
1.734698465493671182e-03
3.164258327287863999e-03
2.960759096003155386e-03
3.188257903780150442e-03
4.082327939217504295e-03
