7.266435772180557251e-02
1.529411822557449341e-01
2.304526716470718384e-01
3.279352188110351562e-01
4.743083119392395020e-01
4.961240291595458984e-01
6.089965105056762695e-01
6.431095600128173828e-01
6.206896305084228516e-01
7.275985479354858398e-01
7.147766351699829102e-01
7.254902124404907227e-01
7.392739057540893555e-01
7.649006843566894531e-01
7.515923380851745605e-01
7.961783409118652344e-01
7.813504934310913086e-01
8.044164180755615234e-01
8.157894611358642578e-01
7.791798114776611328e-01
7.798742055892944336e-01
8.571428656578063965e-01
8.544891476631164551e-01
8.476190567016601562e-01
8.343750238418579102e-01
8.103975653648376465e-01
8.493589758872985840e-01
8.870967626571655273e-01
8.478260636329650879e-01
8.504672646522521973e-01
8.830769062042236328e-01
8.734567761421203613e-01
8.902438879013061523e-01
8.761609792709350586e-01
8.953846096992492676e-01
8.761609792709350586e-01
8.999999761581420898e-01
9.006024003028869629e-01
8.618618845939636230e-01
8.656716346740722656e-01
9.030302762985229492e-01
9.099099040031433105e-01
8.925372958183288574e-01
9.054877758026123047e-01
9.076923131942749023e-01
8.970588445663452148e-01
9.148936271667480469e-01
8.991097807884216309e-01
9.066265225410461426e-01
9.131736755371093750e-01
9.164178967475891113e-01
9.309309124946594238e-01
9.285714030265808105e-01
8.909090757369995117e-01
9.246987700462341309e-01
9.392096996307373047e-01
9.462686777114868164e-01
9.279279112815856934e-01
9.509202241897583008e-01
9.292035102844238281e-01
9.262536764144897461e-01
9.352940917015075684e-01
9.347180724143981934e-01
9.269005656242370605e-01
9.444444179534912109e-01
9.296187758445739746e-01
9.525222778320312500e-01
9.244186282157897949e-01
9.556213021278381348e-01
9.558823704719543457e-01
9.475218653678894043e-01
9.644970297813415527e-01
9.561403393745422363e-01
9.415204524993896484e-01
9.501466155052185059e-01
9.617646932601928711e-01
9.646017551422119141e-01
9.534883499145507812e-01
9.436202049255371094e-01
9.623188376426696777e-01
9.164265394210815430e-01
9.620991349220275879e-01
9.505813717842102051e-01
9.738371968269348145e-01
9.826086759567260742e-01
9.854227304458618164e-01
9.704142212867736816e-01
9.623188376426696777e-01
9.069767594337463379e-01
9.736070632934570312e-01
9.884058237075805664e-01
9.913294911384582520e-01
9.941691160202026367e-01
9.768785834312438965e-01
9.679300189018249512e-01
9.768115878105163574e-01
9.566473960876464844e-01
1.000000000000000000e+00
9.594202637672424316e-01
9.475218653678894043e-01
9.590643048286437988e-01
9.765396118164062500e-01
9.854227304458618164e-01
9.795321822166442871e-01
9.912023544311523438e-01
9.589442610740661621e-01
9.446064233779907227e-01
9.737609624862670898e-01
9.970674514770507812e-01
9.797101616859436035e-01
9.913043379783630371e-01
9.970930218696594238e-01
1.000000000000000000e+00
9.738371968269348145e-01
9.941860437393188477e-01
9.590643048286437988e-01
9.536231756210327148e-01
9.825072884559631348e-01
9.795918464660644531e-01
9.970930218696594238e-01
9.970760345458984375e-01
1.000000000000000000e+00
9.942029118537902832e-01
1.000000000000000000e+00
9.826086759567260742e-01
9.678362607955932617e-01
9.710144996643066406e-01
9.681159257888793945e-01
9.855491518974304199e-01
9.912280440330505371e-01
9.941860437393188477e-01
9.795918464660644531e-01
9.710982441902160645e-01
9.794721603393554688e-01
9.650145769119262695e-01
9.795918464660644531e-01
9.884058237075805664e-01
9.796511530876159668e-01
9.797101616859436035e-01
9.855491518974304199e-01
9.913043379783630371e-01
9.825581312179565430e-01
9.649122953414916992e-01
9.854227304458618164e-01
9.738371968269348145e-01
9.941860437393188477e-01
9.883720874786376953e-01
9.912790656089782715e-01
9.970588088035583496e-01
9.825072884559631348e-01
