8.051947951316833496e-01
8.203462958335876465e-01
8.766233921051025391e-01
8.722943663597106934e-01
9.004328846931457520e-01
9.004328846931457520e-01
9.199134111404418945e-01
8.982684016227722168e-01
9.350649118423461914e-01
8.722943663597106934e-01
9.307359457015991211e-01
9.242424368858337402e-01
9.610389471054077148e-01
9.632034897804260254e-01
9.134199023246765137e-01
9.090909361839294434e-01
9.415584206581115723e-01
9.458874464035034180e-01
7.878788113594055176e-01
9.329004287719726562e-01
9.696969985961914062e-01
9.610389471054077148e-01
9.891774654388427734e-01
9.956709742546081543e-01
9.956709742546081543e-01
9.956709742546081543e-01
1.000000000000000000e+00
9.978355169296264648e-01
9.978355169296264648e-01
9.134199023246765137e-01
8.484848737716674805e-01
9.393939375877380371e-01
9.545454382896423340e-01
9.761904478073120117e-01
9.761904478073120117e-01
1.000000000000000000e+00
1.000000000000000000e+00
1.000000000000000000e+00
1.000000000000000000e+00
9.025974273681640625e-01
8.549783825874328613e-01
9.761904478073120117e-01
9.588744640350341797e-01
9.740259647369384766e-01
9.891774654388427734e-01
9.848484992980957031e-01
9.632034897804260254e-01
9.567099809646606445e-01
9.502164721488952637e-01
9.112554192543029785e-01
