7.446265928646640386e-01
3.211993829112343990e-01
2.303819992555297680e-01
2.188920082728726957e-01
1.964585937725298048e-01
1.668852901534846889e-01
1.551252464730470959e-01
1.400978644195588763e-01
1.257074859606918671e-01
1.251921032066395656e-01
1.172129599459657417e-01
1.147981695036055932e-01
1.082320332442909816e-01
1.023141619333378799e-01
8.731895705977790745e-02
9.266748302979510576e-02
9.071074334846278286e-02
8.306342458518842231e-02
9.057161638360854139e-02
7.275297025866635237e-02
7.628390529679883458e-02
7.828132264650276839e-02
7.257635328979075706e-02
7.489203740988324698e-02
6.733953792523189597e-02
6.356725828589424032e-02
6.296784022350469801e-02
6.657779824902797239e-02
5.837370430860391868e-02
5.739226808362172388e-02
5.843477026603995095e-02
5.284451209682700101e-02
5.666923494640944275e-02
5.532949174681655452e-02
5.318402800634587646e-02
5.576166003841388774e-02
4.465086175401930535e-02
4.726615178455306071e-02
4.334073854723360236e-02
4.858213153692671898e-02
4.821160469706883833e-02
4.389340773202363849e-02
4.066088087646142768e-02
3.749324477832698121e-02
3.774027003984950501e-02
3.836844268269328645e-02
3.514042841600548139e-02
3.807056150688760410e-02
3.622598294105522365e-02
3.359604423098291187e-02
3.335429423190638953e-02
3.667945846904011736e-02
3.022306378252587883e-02
3.246974632733028165e-02
2.797157736108987769e-02
2.866977366902807509e-02
3.222101317294562284e-02
2.969354425890099666e-02
2.454716520927371914e-02
2.446432980539223201e-02
3.149645190392513783e-02
2.730264337224372687e-02
2.470730854811963376e-02
2.613038356758898284e-02
2.566824912901334577e-02
2.465388322044746727e-02
1.812007505277468677e-02
1.857233454585300106e-02
2.283832667640502134e-02
2.210387530456842109e-02
2.021909912958982578e-02
2.502451621721257444e-02
2.186330018387429991e-02
1.625396833364362720e-02
1.589649107970319761e-02
1.908870069192469127e-02
2.277741660509655791e-02
1.970930670204095250e-02
2.326782799055227696e-02
1.652810513838785800e-02
1.631232383880375225e-02
1.249397864345499001e-02
1.059336126425689320e-02
1.242523535361525489e-02
2.272925294493035459e-02
1.462071822951640891e-02
1.318999933776762723e-02
1.435544655756246235e-02
1.132249063413760110e-02
1.630433810605568315e-02
1.095953524137976628e-02
1.104000941874818190e-02
1.663690630532239575e-02
1.343848590136677984e-02
1.067807149226979863e-02
1.368755477419508586e-02
1.236691496222986665e-02
9.466866297275951248e-03
1.065513573248533241e-02
1.074385956400858606e-02
2.281826839066516607e-02
1.085654819709636065e-02
9.674391744197078161e-03
1.134238070164183404e-02
6.461301043856421122e-03
7.340041935427027778e-03
6.537658875905359539e-03
1.627778497324814874e-02
9.412402955585612643e-03
5.971048282372670019e-03
9.512063960484736305e-03
6.431948093000954859e-03
7.847972507151513427e-03
1.183357188833369759e-02
9.151861527348424327e-03
8.071529868792896162e-03
1.388798675477389589e-02
8.388215593454458399e-03
5.284534215760728314e-03
5.677764492212624900e-03
1.213953453751510404e-02
9.273385004066015194e-03
5.413742200971700252e-03
7.934997614671094462e-03
1.640969363584991042e-02
3.825489863018932419e-03
7.762824674760041878e-03
4.358943260630787457e-03
2.524486029344406076e-03
1.642365370572730935e-03
1.513268799019736564e-03
2.160069592413975219e-03
1.180503008028164526e-02
1.305352537806752852e-02
1.228312508126210359e-02
1.258736932450112839e-02
7.580903228554878963e-03
2.832732248673607879e-03
1.947543974716568673e-03
1.622094815960971890e-03
1.714007495856842813e-03
1.213757833297432129e-02
1.611786824192948733e-02
1.007368634804195820e-02
3.852546429370389165e-03
2.822271803947909007e-03
8.246175421256525875e-03
7.461994239474905623e-03
3.125134889446086559e-03
2.436233756384825321e-03
