3.817954831433585938e-01
2.086146922731248465e-01
1.820111623374741361e-01
1.679161273480098138e-01
1.521948976532619124e-01
1.530833922252721191e-01
1.443186472281866861e-01
1.270541305091074935e-01
1.381568321841138425e-01
1.238668597324932008e-01
1.173299497903714933e-01
1.166703130840901909e-01
1.112129450684805898e-01
1.136340227819651050e-01
1.160847406483797584e-01
1.153574474426154878e-01
1.129629903940096297e-01
1.063588683753124708e-01
9.680178955150135767e-02
9.922964091538237497e-02
9.254220283054606644e-02
8.583269832568050928e-02
8.990467864956470934e-02
8.702485374131904705e-02
8.208756210935046205e-02
8.889441336335256183e-02
8.461781102972497359e-02
7.904243612053130086e-02
7.320036607943578022e-02
8.210076052321346740e-02
7.187846900585589949e-02
7.353982085152155346e-02
6.887019262927458751e-02
7.019408333818601131e-02
6.297369237828939759e-02
6.356503364375111487e-02
5.986859847893218067e-02
6.810825395881155153e-02
5.991099589733920455e-02
5.551439332902809165e-02
4.956508112691256768e-02
5.471700603258284473e-02
4.718269305357933319e-02
4.780443521796792078e-02
4.982558752067445945e-02
6.122509015645461600e-02
5.888692953116538009e-02
4.740999817096067798e-02
4.641676053705130062e-02
4.799140525080246300e-02
4.354595629374845983e-02
3.787618963735101679e-02
3.816396654713406084e-02
3.628322591856114609e-02
3.096802173161623470e-02
3.273968279317571173e-02
3.138603495799908993e-02
3.389513645286112292e-02
3.611515309458747380e-02
3.848992612053409729e-02
2.454912862916025854e-02
3.090066911668480631e-02
2.588741011018146770e-02
2.018792742656421585e-02
1.867365247814632354e-02
2.144211472999949658e-02
2.640148995003972418e-02
2.607736254169550419e-02
3.380381044628818360e-02
2.031490850374917043e-02
3.163569021840236667e-02
2.059162552322409481e-02
1.406232432043669905e-02
1.808972083069433634e-02
1.659769860854789364e-02
1.705253438956908299e-02
1.699987079354774513e-02
1.672678965778475607e-02
1.463570231763063403e-02
3.379078025557462339e-02
2.132677356824332071e-02
1.327897892235077419e-02
1.104776135423039297e-02
1.107755608938895513e-02
9.461624924954866248e-03
8.514514638117086018e-03
8.675959483148741949e-03
1.877870745945478537e-02
3.620470899057404157e-02
1.756500024502655188e-02
1.185653997881883602e-02
1.418213460423509847e-02
1.363693041893665643e-02
9.608732848295442608e-03
1.082048252599087865e-02
8.574201565746286668e-03
1.399634731992949015e-02
1.443112934463291683e-02
1.472470026568040331e-02
9.136364839635533960e-03
7.467343405784934718e-03
1.122650744574650930e-02
3.002748987187833091e-02
1.148544625278086206e-02
5.537956554688725636e-03
6.858310619269422474e-03
7.106628656254867539e-03
1.883137071242740185e-02
1.841390032986947936e-02
1.512237394232764619e-02
9.367804773626909470e-03
6.089418167853580081e-03
4.525709341074523814e-03
1.382204778638995886e-02
3.769531025512910371e-03
3.170569857454555961e-03
3.095052426390115970e-03
4.945618823769022329e-03
1.640733508437893298e-02
2.419639771812397144e-02
8.031937952590259555e-03
6.818203693551727444e-03
1.996386027274000760e-02
6.704713081479677338e-03
4.717630180801929418e-03
2.751027428023300036e-03
3.514916036856386740e-03
2.419773294208159200e-03
2.392413515766584307e-03
2.366144549437693406e-03
2.405973616987466812e-03
2.263492888949801551e-03
2.206416793838082615e-03
2.189182042329513612e-03
2.161668972564720001e-03
2.153764070201327676e-03
2.173031801661423189e-03
2.051671436374326134e-03
2.013537576386886276e-03
1.963832294942870899e-03
1.918441444498171673e-03
1.873528734297249263e-03
1.823460448314335363e-03
1.787639105053702437e-03
1.760907274450320033e-03
1.849235268987721274e-03
7.979221658308610632e-02
3.794673426120352688e-02
1.495108161476740687e-02
7.177501042182493803e-03
