1.278195530176162720e-01
3.522727191448211670e-01
4.406130313873291016e-01
4.960937500000000000e-01
5.436508059501647949e-01
5.252918004989624023e-01
5.458167195320129395e-01
5.968379378318786621e-01
5.912698507308959961e-01
6.401673555374145508e-01
6.442687511444091797e-01
6.055777072906494141e-01
6.733067631721496582e-01
6.484375000000000000e-01
6.612903475761413574e-01
6.472868323326110840e-01
6.653543114662170410e-01
6.951219439506530762e-01
7.248908281326293945e-01
7.086614370346069336e-01
7.442747950553894043e-01
7.647058963775634766e-01
7.599999904632568359e-01
7.689242959022521973e-01
7.713178396224975586e-01
7.333333492279052734e-01
7.960000038146972656e-01
8.152610659599304199e-01
7.811321020126342773e-01
8.117647171020507812e-01
8.250950574874877930e-01
7.840909361839294434e-01
8.069497942924499512e-01
8.464419245719909668e-01
8.778625726699829102e-01
8.544775843620300293e-01
8.609022498130798340e-01
8.068181872367858887e-01
8.539325594902038574e-01
8.428571224212646484e-01
8.736461997032165527e-01
8.628158569335937500e-01
8.880866169929504395e-01
8.802816867828369141e-01
8.750000000000000000e-01
8.694030046463012695e-01
8.597785830497741699e-01
8.877192735671997070e-01
8.857142925262451172e-01
8.482758402824401855e-01
8.827586174011230469e-01
9.103448390960693359e-01
9.103448390960693359e-01
9.206896424293518066e-01
9.383561611175537109e-01
9.375000000000000000e-01
9.385665655136108398e-01
9.112628102302551270e-01
8.956229090690612793e-01
8.859060406684875488e-01
9.494949579238891602e-01
9.111841917037963867e-01
9.304635524749755859e-01
9.539473652839660645e-01
9.700000286102294922e-01
9.478827118873596191e-01
9.285714030265808105e-01
9.290322661399841309e-01
9.072847962379455566e-01
9.475409984588623047e-01
9.054054021835327148e-01
9.726962447166442871e-01
9.839228391647338867e-01
9.415584206581115723e-01
9.642857313156127930e-01
9.615384340286254883e-01
9.577922224998474121e-01
9.458598494529724121e-01
9.555555582046508789e-01
8.844884634017944336e-01
9.331210255622863770e-01
9.680511355400085449e-01
9.657320976257324219e-01
9.777777791023254395e-01
9.842271208763122559e-01
9.873417615890502930e-01
9.874607920646667480e-01
9.424920082092285156e-01
8.954248428344726562e-01
9.525316357612609863e-01
9.589905142784118652e-01
9.522293210029602051e-01
9.655172228813171387e-01
9.660493731498718262e-01
9.778481125831604004e-01
9.750000238418579102e-01
9.470404982566833496e-01
9.559748172760009766e-01
9.552715420722961426e-01
9.808917045593261719e-01
9.784615635871887207e-01
9.623824357986450195e-01
9.076433181762695312e-01
9.652996659278869629e-01
9.968652129173278809e-01
9.750000238418579102e-01
9.842767119407653809e-01
9.190031290054321289e-01
9.430379867553710938e-01
9.467084407806396484e-01
9.656249880790710449e-01
9.843750000000000000e-01
9.875776171684265137e-01
9.526813626289367676e-01
9.969135522842407227e-01
9.969230890274047852e-01
1.000000000000000000e+00
9.938080310821533203e-01
9.555555582046508789e-01
9.090909361839294434e-01
9.779874086380004883e-01
9.844720363616943359e-01
9.426751732826232910e-01
9.874213933944702148e-01
9.875776171684265137e-01
1.000000000000000000e+00
9.938271641731262207e-01
1.000000000000000000e+00
1.000000000000000000e+00
1.000000000000000000e+00
1.000000000000000000e+00
1.000000000000000000e+00
1.000000000000000000e+00
1.000000000000000000e+00
1.000000000000000000e+00
1.000000000000000000e+00
1.000000000000000000e+00
1.000000000000000000e+00
1.000000000000000000e+00
1.000000000000000000e+00
1.000000000000000000e+00
1.000000000000000000e+00
1.000000000000000000e+00
1.000000000000000000e+00
1.000000000000000000e+00
1.000000000000000000e+00
7.649006843566894531e-01
8.914473652839660645e-01
9.587301611900329590e-01
9.780564308166503906e-01
