1.049382686614990234e-01
2.870370447635650635e-01
3.549382686614990234e-01
3.919753134250640869e-01
4.228394925594329834e-01
4.166666567325592041e-01
4.228394925594329834e-01
4.660493731498718262e-01
4.598765373229980469e-01
4.722222089767456055e-01
5.030864477157592773e-01
4.691357910633087158e-01
5.216049551963806152e-01
5.123456716537475586e-01
5.061728358268737793e-01
5.154321193695068359e-01
5.216049551963806152e-01
5.277777910232543945e-01
5.123456716537475586e-01
5.555555820465087891e-01
6.018518805503845215e-01
6.018518805503845215e-01
5.864197611808776855e-01
5.956789851188659668e-01
6.141975522041320801e-01
6.111111044883728027e-01
6.141975522041320801e-01
6.265432238578796387e-01
6.388888955116271973e-01
6.388888955116271973e-01
6.697530746459960938e-01
6.388888955116271973e-01
6.450617313385009766e-01
6.975308656692504883e-01
7.098765373229980469e-01
7.067901492118835449e-01
7.067901492118835449e-01
6.574074029922485352e-01
7.037037014961242676e-01
7.283950448036193848e-01
7.469135522842407227e-01
7.376543283462524414e-01
7.592592835426330566e-01
7.716049551963806152e-01
7.777777910232543945e-01
7.191358208656311035e-01
7.191358208656311035e-01
7.808641791343688965e-01
7.654321193695068359e-01
7.592592835426330566e-01
7.901234626770019531e-01
8.148148059844970703e-01
8.148148059844970703e-01
8.240740895271301270e-01
8.456789851188659668e-01
8.333333134651184082e-01
8.487654328346252441e-01
8.240740895271301270e-01
8.209876418113708496e-01
8.148148059844970703e-01
8.703703880310058594e-01
8.549382686614990234e-01
8.672839403152465820e-01
8.950617313385009766e-01
8.981481194496154785e-01
8.981481194496154785e-01
8.827160596847534180e-01
8.888888955116271973e-01
8.456789851188659668e-01
8.919752836227416992e-01
8.271604776382446289e-01
8.796296119689941406e-01
9.444444179534912109e-01
8.950617313385009766e-01
9.166666865348815918e-01
9.259259104728698730e-01
9.104938507080078125e-01
9.166666865348815918e-01
9.290123581886291504e-01
8.271604776382446289e-01
9.043210148811340332e-01
9.351851940155029297e-01
9.567901492118835449e-01
9.506173133850097656e-01
9.629629850387573242e-01
9.629629850387573242e-01
9.722222089767456055e-01
9.104938507080078125e-01
8.456789851188659668e-01
9.290123581886291504e-01
9.382715821266174316e-01
9.228395223617553711e-01
9.506173133850097656e-01
9.660493731498718262e-01
9.537037014961242676e-01
9.629629850387573242e-01
9.382715821266174316e-01
9.382715821266174316e-01
9.228395223617553711e-01
9.506173133850097656e-01
9.814814925193786621e-01
9.475308656692504883e-01
8.796296119689941406e-01
9.444444179534912109e-01
9.814814925193786621e-01
9.629629850387573242e-01
9.660493731498718262e-01
9.104938507080078125e-01
9.197530746459960938e-01
9.320987462997436523e-01
9.537037014961242676e-01
9.722222089767456055e-01
9.814814925193786621e-01
9.320987462997436523e-01
9.969135522842407227e-01
1.000000000000000000e+00
9.969135522842407227e-01
9.907407164573669434e-01
9.290123581886291504e-01
8.950617313385009766e-01
9.598765373229980469e-01
9.783950448036193848e-01
9.135802388191223145e-01
9.691358208656311035e-01
9.814814925193786621e-01
1.000000000000000000e+00
9.938271641731262207e-01
1.000000000000000000e+00
1.000000000000000000e+00
1.000000000000000000e+00
1.000000000000000000e+00
1.000000000000000000e+00
1.000000000000000000e+00
1.000000000000000000e+00
1.000000000000000000e+00
1.000000000000000000e+00
1.000000000000000000e+00
1.000000000000000000e+00
1.000000000000000000e+00
1.000000000000000000e+00
1.000000000000000000e+00
1.000000000000000000e+00
1.000000000000000000e+00
1.000000000000000000e+00
1.000000000000000000e+00
9.969135522842407227e-01
7.129629850387573242e-01
8.364197611808776855e-01
9.320987462997436523e-01
9.629629850387573242e-01
