8.442623019218444824e-01
7.950819730758666992e-01
8.606557250022888184e-01
8.852459192276000977e-01
8.606557250022888184e-01
8.442623019218444824e-01
8.934426307678222656e-01
8.770492076873779297e-01
8.852459192276000977e-01
9.098360538482666016e-01
9.098360538482666016e-01
8.852459192276000977e-01
8.360655903816223145e-01
8.770492076873779297e-01
9.508196711540222168e-01
9.098360538482666016e-01
8.852459192276000977e-01
8.934426307678222656e-01
8.934426307678222656e-01
9.098360538482666016e-01
9.262295365333557129e-01
8.934426307678222656e-01
8.934426307678222656e-01
8.934426307678222656e-01
8.934426307678222656e-01
9.426229596138000488e-01
9.426229596138000488e-01
9.590163826942443848e-01
9.590163826942443848e-01
9.590163826942443848e-01
9.426229596138000488e-01
9.426229596138000488e-01
9.508196711540222168e-01
9.426229596138000488e-01
9.344262480735778809e-01
9.262295365333557129e-01
9.426229596138000488e-01
9.016393423080444336e-01
9.344262480735778809e-01
9.508196711540222168e-01
9.098360538482666016e-01
8.688524365425109863e-01
9.344262480735778809e-01
9.672130942344665527e-01
9.344262480735778809e-01
9.672130942344665527e-01
9.672130942344665527e-01
9.508196711540222168e-01
9.344262480735778809e-01
9.508196711540222168e-01
