3.906930302825461360e-02
2.096804312293063660e-02
1.552985970306856520e-02
1.278755386599402313e-02
1.362788338556252497e-02
6.523261522548466119e-03
1.182927752167823275e-02
7.713334497088573938e-03
7.841762492718940686e-03
7.612923279129420705e-03
1.258869142208565717e-02
7.394936437703826700e-03
5.700661736472744864e-03
1.147008510399504487e-02
5.883623030801263601e-03
4.750564235816872628e-03
4.553620273488177828e-03
4.619455769731105853e-03
9.557846957474351590e-03
4.630799430824080083e-03
5.154079687088318311e-03
6.443145355003294071e-03
1.291116715073262547e-02
7.941971757151522829e-03
2.963353409840842421e-03
3.619980210486815116e-03
1.896596879205468805e-03
3.892795547333613004e-03
2.135360069266463434e-03
2.962170647341572788e-03
1.420889297938005870e-02
8.303852535449346775e-03
4.681243311430903498e-03
6.075936642250230960e-03
2.683348554590049128e-03
4.973533911236638697e-03
4.331488941871247320e-03
2.678230742875120120e-03
9.573145345961124250e-03
4.360526877008182207e-03
4.555046807977560820e-03
9.629583836572095171e-03
6.889472828887134928e-03
4.169278049173133667e-03
1.600900706401550471e-03
2.329758753458756240e-03
2.413274611114207390e-03
1.539827832846652660e-03
3.568749667643444836e-03
1.154190644142145949e-02
