1.114069501868558965e-01
5.692293172668340395e-02
5.249223380680185375e-02
4.257512650735624515e-02
4.020275770973238266e-02
3.571355188562918420e-02
3.520013613664895596e-02
3.691977388135235516e-02
3.364902626480316405e-02
3.019091802341640138e-02
3.139041733298409548e-02
2.861093505238771970e-02
2.879249610517127869e-02
2.731319870725951171e-02
2.807995143159339527e-02
2.562700264384193752e-02
2.594799330623124428e-02
2.783757375010293897e-02
2.704614346055372529e-02
2.629948939779832434e-02
2.514115472260988055e-02
2.153549348731645385e-02
2.144911005282574765e-02
2.371975300512585427e-02
2.376639578434817240e-02
1.964117478863253163e-02
2.225188205912417491e-02
2.319190030029914806e-02
2.034385821207673750e-02
2.268273101303667355e-02
2.009391416199519595e-02
1.880136991506692681e-02
1.649065367072660021e-02
2.137976323586478211e-02
1.703398111415432847e-02
1.817055861261928501e-02
1.571662076942932987e-02
1.861275648639884941e-02
1.776957304184238751e-02
1.533600787515245617e-02
2.207538899783938538e-02
1.546235352318643154e-02
1.461137784567306114e-02
1.290561597160357586e-02
1.554552221441427538e-02
1.791809229029182882e-02
1.252438178815947628e-02
1.292610091407284979e-02
1.268717423957889216e-02
1.112427476448963476e-02
1.194275636941717449e-02
9.885357729853376518e-03
1.254150586661064055e-02
8.844442530439949879e-03
1.223682522576138160e-02
1.381325802310839554e-02
1.107263244277590861e-02
9.408484173641335629e-03
7.872931315614128261e-03
8.536471498888656417e-03
1.689450742963908431e-02
9.769177831285679597e-03
6.666416864789190440e-03
7.309771194715162027e-03
1.064424629191384510e-02
1.120081727226192835e-02
6.356252830587932369e-03
8.408557694471132174e-03
6.333539276116188083e-03
9.980792527168672046e-03
1.167515612108753487e-02
5.818656362549371776e-03
5.576863641696149822e-03
8.366060389347798609e-03
5.004294384051614572e-03
5.940722757613019038e-03
7.034294812908143540e-03
1.149391913267886443e-02
6.313475067121275368e-03
4.095367491352523703e-03
6.938533788763825289e-03
7.424542185979860973e-03
4.862732123236413947e-03
3.958415595435999836e-03
7.281476564491752221e-03
4.706626964115347665e-03
5.334942126793170217e-03
5.381277630871999021e-03
5.449481046159994173e-03
5.281907685954505619e-03
5.368406918151556566e-03
3.392138367806602287e-03
4.325929409735528551e-03
3.788211717417685250e-03
7.485720142948553563e-03
6.622336537294574652e-03
4.201809493204526624e-03
3.702214700941371898e-03
4.630294010591266655e-03
3.013609748391198398e-03
2.404445858125984613e-03
7.684268903833127440e-03
2.815695082612912174e-03
6.084981387518586388e-03
3.046882439532423801e-03
3.919353161284703027e-03
2.841465855503099835e-03
2.369274076505412888e-03
5.096504975714893394e-03
4.505774868738737782e-03
3.716139698647440495e-03
2.120783186991184472e-03
7.232831530837322345e-03
4.062113540043122209e-03
2.586854939908083632e-03
2.986571617291094039e-03
2.107647023592606420e-03
4.641296960585680059e-03
5.165905544402478108e-03
7.620472083805140441e-03
2.536282498409302925e-03
3.107921575813360569e-03
2.962521736249338483e-03
6.491959841677972382e-03
2.654414486684609619e-03
3.228355495539346563e-03
2.381292780809257659e-03
1.561290895558694377e-03
4.485289081742459966e-03
3.125370331493523748e-03
5.029486636864131423e-03
4.155940877470610390e-03
1.284936026134262700e-03
1.581399334673727793e-03
2.533068174015194480e-03
4.572774585600138629e-03
3.694618826736673252e-03
3.566610384275500749e-03
4.068950857366893624e-03
4.344002278676079194e-03
5.254534906741038965e-03
2.235024497590368600e-03
1.822192710425536363e-03
5.968730365725939332e-03
1.306303903471773284e-03
1.756407332932555200e-03
1.378589715130609187e-03
8.618679611171920982e-03
2.767807872108768181e-03
1.888445558128965017e-03
