9.433962404727935791e-03
7.547169923782348633e-02
1.509433984756469727e-01
2.264150977134704590e-01
2.735849022865295410e-01
3.584905564785003662e-01
3.207547068595886230e-01
3.490566015243530273e-01
3.962264060974121094e-01
4.245283007621765137e-01
4.716981053352355957e-01
5.188679099082946777e-01
4.339622557163238525e-01
4.245283007621765137e-01
4.811320900917053223e-01
4.811320900917053223e-01
4.905660450458526611e-01
4.622641503810882568e-01
4.905660450458526611e-01
5.094339847564697266e-01
5.283018946647644043e-01
5.566037893295288086e-01
5.377358198165893555e-01
5.566037893295288086e-01
5.849056839942932129e-01
6.132075190544128418e-01
5.377358198165893555e-01
5.660377144813537598e-01
5.943396091461181641e-01
5.566037893295288086e-01
5.943396091461181641e-01
5.849056839942932129e-01
6.792452931404113770e-01
5.566037893295288086e-01
6.037735939025878906e-01
6.415094137191772461e-01
6.603773832321166992e-01
6.226415038108825684e-01
6.132075190544128418e-01
6.603773832321166992e-01
6.226415038108825684e-01
6.603773832321166992e-01
6.132075190544128418e-01
6.886792182922363281e-01
6.603773832321166992e-01
6.509433984756469727e-01
7.264150977134704590e-01
6.981132030487060547e-01
6.886792182922363281e-01
7.169811129570007324e-01
7.547169923782348633e-01
7.641509175300598145e-01
7.075471878051757812e-01
7.735849022865295410e-01
6.886792182922363281e-01
7.075471878051757812e-01
7.547169923782348633e-01
7.547169923782348633e-01
8.301886916160583496e-01
8.018867969512939453e-01
6.981132030487060547e-01
7.735849022865295410e-01
8.490566015243530273e-01
8.018867969512939453e-01
7.641509175300598145e-01
7.735849022865295410e-01
8.584905862808227539e-01
7.830188870429992676e-01
8.301886916160583496e-01
7.641509175300598145e-01
7.641509175300598145e-01
8.584905862808227539e-01
8.584905862808227539e-01
8.113207817077636719e-01
8.867924809455871582e-01
8.490566015243530273e-01
8.679245114326477051e-01
7.924528121948242188e-01
8.679245114326477051e-01
8.962264060974121094e-01
8.490566015243530273e-01
8.773584961891174316e-01
9.056603908538818359e-01
9.339622855186462402e-01
8.584905862808227539e-01
9.150943160057067871e-01
8.396226167678833008e-01
8.773584961891174316e-01
8.490566015243530273e-01
8.867924809455871582e-01
8.867924809455871582e-01
9.339622855186462402e-01
8.679245114326477051e-01
9.245283007621765137e-01
8.490566015243530273e-01
8.773584961891174316e-01
9.056603908538818359e-01
9.150943160057067871e-01
9.150943160057067871e-01
9.433962106704711914e-01
9.433962106704711914e-01
8.679245114326477051e-01
9.339622855186462402e-01
8.584905862808227539e-01
9.339622855186462402e-01
8.962264060974121094e-01
9.339622855186462402e-01
9.433962106704711914e-01
9.150943160057067871e-01
8.962264060974121094e-01
9.150943160057067871e-01
9.528301954269409180e-01
8.396226167678833008e-01
8.962264060974121094e-01
9.528301954269409180e-01
9.433962106704711914e-01
9.528301954269409180e-01
8.867924809455871582e-01
8.773584961891174316e-01
8.490566015243530273e-01
9.528301954269409180e-01
9.528301954269409180e-01
9.433962106704711914e-01
8.867924809455871582e-01
9.622641801834106445e-01
9.150943160057067871e-01
9.716981053352355957e-01
9.716981053352355957e-01
9.245283007621765137e-01
9.433962106704711914e-01
8.867924809455871582e-01
9.245283007621765137e-01
9.811320900917053223e-01
9.622641801834106445e-01
9.433962106704711914e-01
8.962264060974121094e-01
9.245283007621765137e-01
9.339622855186462402e-01
9.245283007621765137e-01
9.339622855186462402e-01
8.867924809455871582e-01
9.528301954269409180e-01
9.528301954269409180e-01
8.962264060974121094e-01
9.811320900917053223e-01
9.622641801834106445e-01
9.811320900917053223e-01
8.301886916160583496e-01
9.433962106704711914e-01
9.528301954269409180e-01
