19
[0.06931022066537484, 0.8802817, 0.9541985]

21
[0.06921380044565797, 0.936, 0.89312977]

23
[0.05441087262204347, 0.98275864, 0.870229]

25
[0.054589413676327025, 0.928, 0.8854962]

27
[0.12802365633480575, 1.0, 0.77862597]

29
[0.05095787036858122, 0.9457364, 0.9312977]

31
[0.05350049810701904, 0.9830508, 0.8854962]

33
[0.050599087211069385, 0.9677419, 0.9160305]

vote:
accuracy= 0.9837221920781335
precision= 0.8435374149659864
recall= 0.9465648854961832
f1= 0.8920863309352518

probability:
accuracy= 0.9924036896364623
precision= 0.9915966386554622
recall= 0.9007633587786259
f1= 0.944

vote:
accuracy= 0.9837221920781335
precision= 0.8435374149659864
recall= 0.9465648854961832
f1= 0.8920863309352518

probability:
accuracy= 0.9924036896364623
precision= 0.9915966386554622
recall= 0.9007633587786259
f1= 0.944

