4.353922257755236946e-02
2.928049456622329461e-02
2.041055513701208260e-02
1.252670981403464050e-02
1.189968821364800755e-02
1.085490724429048759e-02
8.171165353908877230e-03
1.025286939414972801e-02
1.086964608246268962e-02
9.587203188310666410e-03
6.544487203346390815e-03
4.045104619497879098e-03
5.630036199451703138e-03
1.014357867903966683e-02
9.895262681790289311e-03
7.220476169093159591e-03
5.027341733967813017e-03
3.186954337623654383e-03
9.244222022602499589e-03
1.593157430869220764e-02
6.011051390582644247e-03
6.370649364756899961e-03
5.134710294654037943e-03
2.137960506237332817e-03
2.881293885758770632e-03
8.033190260803109092e-03
1.711903104146635796e-02
9.869495121294563633e-03
3.579506129563511923e-03
2.853256079741805368e-03
1.928573483029008984e-03
1.850185311591421786e-03
3.422912021828945078e-03
9.938568825681847602e-03
1.148269981310147923e-02
9.769516307937842550e-03
6.022931773498474937e-03
8.551197566648070444e-03
3.929871439246079325e-03
4.127521017974237864e-03
8.547497410676485260e-03
4.366856905106206686e-03
3.087044782028068330e-03
2.268218822962271911e-03
8.046120953415456314e-03
5.903788120775454833e-03
3.873682003550770608e-03
3.736540304433345287e-03
5.555246275311839094e-03
8.438136577753640663e-03
