9.506967067718505859e-01
9.485530257225036621e-01
9.517685174942016602e-01
9.774919748306274414e-01
9.785637855529785156e-01
9.753483533859252930e-01
9.828510284423828125e-01
9.785637855529785156e-01
9.807074069976806641e-01
9.796355962753295898e-01
9.882100820541381836e-01
9.924973249435424805e-01
9.892818927764892578e-01
9.828510284423828125e-01
9.807074069976806641e-01
9.839228391647338867e-01
9.914255142211914062e-01
9.946409463882446289e-01
9.871382713317871094e-01
9.678456783294677734e-01
9.882100820541381836e-01
9.892818927764892578e-01
9.903537034988403320e-01
9.989281892776489258e-01
9.957127571105957031e-01
9.849946498870849609e-01
9.667738676071166992e-01
9.796355962753295898e-01
9.924973249435424805e-01
9.957127571105957031e-01
9.989281892776489258e-01
9.989281892776489258e-01
9.957127571105957031e-01
9.817792177200317383e-01
9.764201641082763672e-01
9.839228391647338867e-01
9.892818927764892578e-01
9.828510284423828125e-01
9.946409463882446289e-01
9.946409463882446289e-01
9.839228391647338867e-01
9.946409463882446289e-01
9.967845678329467773e-01
9.967845678329467773e-01
9.882100820541381836e-01
9.871382713317871094e-01
9.935691356658935547e-01
9.946409463882446289e-01
9.935691356658935547e-01
9.828510284423828125e-01
