2.150512194286937073e-01
6.754648313898671541e-02
5.144699706464763572e-02
4.722107127409684579e-02
3.571946868886890364e-02
3.563282209645152881e-02
3.159842422105622883e-02
2.977575511051801585e-02
3.198521546011989097e-02
3.246728253744583098e-02
2.739398382795086434e-02
2.961598957546828989e-02
2.581278155741482602e-02
2.825739554710987242e-02
2.822315281810568871e-02
2.233112949610753170e-02
2.850903352867346918e-02
2.315571108272577311e-02
2.612924537864893398e-02
2.262981706826042855e-02
2.156197771256068013e-02
2.247924976008897416e-02
2.179009947689103735e-02
2.328151006335801507e-02
2.144550481538899656e-02
2.053665854470777125e-02
1.959714244966782870e-02
2.253626911936479002e-02
1.931622336900726961e-02
2.573502068412222843e-02
1.805572459848054159e-02
1.683177711551145372e-02
1.889438868398169921e-02
1.495640701670592106e-02
1.893484732281311769e-02
1.719157056334123801e-02
1.867104139708982563e-02
1.402652934056983040e-02
1.677870310538492199e-02
1.396629053112807307e-02
1.253216030285117522e-02
1.735218423246058517e-02
1.376571156917946910e-02
1.192041930649527515e-02
1.403234168334188160e-02
1.377278190132128627e-02
1.267955242186863569e-02
1.136507825392803726e-02
1.202842840874979689e-02
1.316258205702193138e-02
1.205345333382411982e-02
1.215195936150263722e-02
9.837649731324994012e-03
1.123734349089589024e-02
9.855910838555038619e-03
1.000777332170648369e-02
9.046331069547039472e-03
1.170665540765435629e-02
8.134177712435184879e-03
8.411350455736541984e-03
7.288481826308285116e-03
8.715421367764465688e-03
6.464602547832640211e-03
9.683333851125058150e-03
8.101148456418462776e-03
7.642473209443954689e-03
7.600419645972486191e-03
7.813601041626636046e-03
5.465917622651218603e-03
5.338623862607244121e-03
6.486565374489188483e-03
5.499700740186171631e-03
6.985165444315884209e-03
7.966691538302591441e-03
8.988750788520282267e-03
5.272756617661280600e-03
3.936406245859808140e-03
5.022145379054538186e-03
5.990383820366429468e-03
3.455647821262389750e-03
4.318817525698838596e-03
5.199059802612159692e-03
5.306112281912179346e-03
8.713105157718947780e-03
3.817419835544420392e-03
6.995298178565639326e-03
4.038693050459599490e-03
2.512129911610062709e-03
3.614920189720269208e-03
5.002493737653391712e-03
5.138952278739044449e-03
5.014136907659138588e-03
5.032755215439830773e-03
3.047942249300943703e-03
1.725872573188422113e-03
3.602220468273682145e-03
4.748220129082686425e-03
3.451793770974983383e-03
3.576005039307210854e-03
3.792604943239442916e-03
6.924083618802067026e-03
8.519754441481577900e-03
3.064461576792667109e-03
2.131510323702196646e-03
4.787885116962986576e-03
2.169745216834124274e-03
2.762304344976237828e-03
1.617683576212131796e-03
1.257677946290027254e-03
1.717659510036328779e-03
2.529026582583731881e-03
2.280704138179090283e-03
1.144280065242426819e-03
2.125681372093029924e-03
2.392640352643336972e-03
2.761649849627837404e-03
5.165727756423808305e-03
3.224027194462085293e-03
1.670850050638555181e-03
6.384948019777863474e-04
1.018228812919370202e-03
5.210463597244345373e-03
1.644611940061421317e-03
4.125373122246945093e-03
5.412752204585831624e-03
7.535188138808876024e-04
1.544156122234589075e-03
2.812297972771799371e-03
2.621175832102598524e-03
4.796786581232341160e-04
4.955966080330888876e-04
7.857916903402242066e-04
3.636539146238181985e-03
3.486976915810731641e-03
1.307486243218963047e-03
2.692359687962680818e-03
1.169769138884696686e-03
1.085459044110501483e-03
3.156217381036372817e-03
3.872325166833673858e-03
2.782260156658160344e-03
1.928221672436115398e-03
1.001802335960939178e-03
3.738151943481213073e-04
1.386885511094768856e-04
4.361263633802138907e-04
4.245280539398746194e-04
1.204457072742765294e-03
4.855886325787671376e-03
5.511756770668921508e-03
