2.547770738601684570e-02
3.243243098258972168e-01
5.581395626068115234e-01
5.882353186607360840e-01
6.119403243064880371e-01
6.956521868705749512e-01
6.973684430122375488e-01
7.051281929016113281e-01
6.707317233085632324e-01
6.708860993385314941e-01
6.666666865348815918e-01
6.704545617103576660e-01
7.586206793785095215e-01
6.823529601097106934e-01
7.282608747482299805e-01
8.275862336158752441e-01
6.764705777168273926e-01
7.444444298744201660e-01
7.019230723381042480e-01
8.000000119209289551e-01
7.708333134651184082e-01
7.523809671401977539e-01
7.900000214576721191e-01
7.777777910232543945e-01
7.699999809265136719e-01
7.699999809265136719e-01
8.130841255187988281e-01
7.878788113594055176e-01
7.614678740501403809e-01
6.538461446762084961e-01
8.265306353569030762e-01
8.055555820465087891e-01
7.941176295280456543e-01
8.446602225303649902e-01
7.900000214576721191e-01
7.627118825912475586e-01
7.692307829856872559e-01
8.130841255187988281e-01
7.941176295280456543e-01
8.508771657943725586e-01
8.932038545608520508e-01
7.962962985038757324e-01
8.558558821678161621e-01
8.818181753158569336e-01
8.584905862808227539e-01
8.018018007278442383e-01
8.454545736312866211e-01
8.818181753158569336e-01
8.495575189590454102e-01
8.333333134651184082e-01
8.362069129943847656e-01
8.818181753158569336e-01
8.632478713989257812e-01
8.468468189239501953e-01
8.521739244461059570e-01
8.706896305084228516e-01
9.181818366050720215e-01
8.376068472862243652e-01
9.043478369712829590e-01
8.916666507720947266e-01
9.115044474601745605e-01
8.644067645072937012e-01
9.152542352676391602e-01
8.947368264198303223e-01
9.051724076271057129e-01
8.965517282485961914e-01
8.974359035491943359e-01
9.122806787490844727e-01
9.396551847457885742e-01
9.391304254531860352e-01
8.861788511276245117e-01
9.391304254531860352e-01
9.224137663841247559e-01
8.991596698760986328e-01
8.684210777282714844e-01
9.649122953414916992e-01
9.426229596138000488e-01
9.250000119209289551e-01
9.406779408454895020e-01
9.743589758872985840e-01
9.262295365333557129e-01
9.186992049217224121e-01
9.316239356994628906e-01
9.137930870056152344e-01
9.333333373069763184e-01
9.487179517745971680e-01
9.579831957817077637e-01
9.596773982048034668e-01
9.499999880790710449e-01
9.487179517745971680e-01
9.173553586006164551e-01
9.572649598121643066e-01
9.193548560142517090e-01
9.586777091026306152e-01
9.916666746139526367e-01
9.583333134651184082e-01
9.491525292396545410e-01
9.512194991111755371e-01
9.661017060279846191e-01
9.579831957817077637e-01
9.159663915634155273e-01
8.617886304855346680e-01
9.430894255638122559e-01
9.833333492279052734e-01
9.327731132507324219e-01
9.674796462059020996e-01
9.590163826942443848e-01
9.915254116058349609e-01
9.838709831237792969e-01
9.754098653793334961e-01
9.672130942344665527e-01
9.756097793579101562e-01
9.918032884597778320e-01
9.444444179534912109e-01
9.672130942344665527e-01
9.830508232116699219e-01
9.256198406219482422e-01
9.745762944221496582e-01
9.596773982048034668e-01
1.000000000000000000e+00
1.000000000000000000e+00
9.349593520164489746e-01
9.915254116058349609e-01
9.186992049217224121e-01
9.327731132507324219e-01
9.919354915618896484e-01
9.754098653793334961e-01
9.596773982048034668e-01
9.669421315193176270e-01
1.000000000000000000e+00
9.919354915618896484e-01
9.837398529052734375e-01
9.354838728904724121e-01
9.586777091026306152e-01
1.000000000000000000e+00
9.516128897666931152e-01
9.837398529052734375e-01
9.918032884597778320e-01
9.444444179534912109e-01
9.579831957817077637e-01
9.674796462059020996e-01
9.752066135406494141e-01
1.000000000000000000e+00
9.919354915618896484e-01
1.000000000000000000e+00
1.000000000000000000e+00
1.000000000000000000e+00
9.836065769195556641e-01
9.411764740943908691e-01
9.327731132507324219e-01
