9.281609058380126953e-01
9.657142758369445801e-01
9.518413543701171875e-01
9.555555582046508789e-01
9.719101190567016602e-01
9.573863744735717773e-01
9.658119678497314453e-01
9.325842857360839844e-01
9.719887971878051758e-01
9.972066879272460938e-01
9.859550595283508301e-01
9.720670580863952637e-01
9.860724210739135742e-01
9.915966391563415527e-01
9.634831547737121582e-01
9.887005686759948730e-01
9.295774698257446289e-01
9.661017060279846191e-01
9.805555343627929688e-01
9.830508232116699219e-01
9.916201233863830566e-01
9.915966391563415527e-01
9.831460714340209961e-01
9.802817106246948242e-01
9.943820238113403320e-01
9.888579249382019043e-01
9.861111044883728027e-01
9.776536226272583008e-01
9.830985665321350098e-01
9.691876769065856934e-01
9.719101190567016602e-01
9.944134354591369629e-01
9.944444298744201660e-01
1.000000000000000000e+00
1.000000000000000000e+00
1.000000000000000000e+00
1.000000000000000000e+00
1.000000000000000000e+00
1.000000000000000000e+00
1.000000000000000000e+00
1.000000000000000000e+00
1.000000000000000000e+00
1.000000000000000000e+00
1.000000000000000000e+00
1.000000000000000000e+00
1.000000000000000000e+00
1.000000000000000000e+00
1.000000000000000000e+00
1.000000000000000000e+00
1.000000000000000000e+00
