8.972222208976745605e-01
9.388889074325561523e-01
9.333333373069763184e-01
9.555555582046508789e-01
9.611111283302307129e-01
9.361110925674438477e-01
9.416666626930236816e-01
9.222221970558166504e-01
9.638888835906982422e-01
9.916666746139526367e-01
9.750000238418579102e-01
9.666666388511657715e-01
9.833333492279052734e-01
9.833333492279052734e-01
9.527778029441833496e-01
9.722222089767456055e-01
9.166666865348815918e-01
9.499999880790710449e-01
9.805555343627929688e-01
9.666666388511657715e-01
9.861111044883728027e-01
9.833333492279052734e-01
9.722222089767456055e-01
9.666666388511657715e-01
9.833333492279052734e-01
9.861111044883728027e-01
9.861111044883728027e-01
9.722222089767456055e-01
9.694444537162780762e-01
9.611111283302307129e-01
9.611111283302307129e-01
9.888888597488403320e-01
9.944444298744201660e-01
1.000000000000000000e+00
1.000000000000000000e+00
1.000000000000000000e+00
1.000000000000000000e+00
1.000000000000000000e+00
1.000000000000000000e+00
1.000000000000000000e+00
1.000000000000000000e+00
1.000000000000000000e+00
1.000000000000000000e+00
1.000000000000000000e+00
1.000000000000000000e+00
1.000000000000000000e+00
1.000000000000000000e+00
1.000000000000000000e+00
1.000000000000000000e+00
1.000000000000000000e+00
