9.603430032730102539e-01
9.699892997741699219e-01
9.742765426635742188e-01
9.774919748306274414e-01
9.828510284423828125e-01
9.828510284423828125e-01
9.785637855529785156e-01
9.721329212188720703e-01
9.849946498870849609e-01
9.882100820541381836e-01
9.903537034988403320e-01
9.903537034988403320e-01
9.924973249435424805e-01
9.914255142211914062e-01
9.849946498870849609e-01
9.817792177200317383e-01
9.699892997741699219e-01
9.839228391647338867e-01
9.924973249435424805e-01
9.935691356658935547e-01
9.774919748306274414e-01
9.935691356658935547e-01
9.903537034988403320e-01
9.839228391647338867e-01
9.914255142211914062e-01
9.785637855529785156e-01
9.828510284423828125e-01
9.882100820541381836e-01
9.957127571105957031e-01
9.989281892776489258e-01
9.967845678329467773e-01
9.860664606094360352e-01
9.807074069976806641e-01
9.882100820541381836e-01
9.903537034988403320e-01
9.946409463882446289e-01
9.978563785552978516e-01
9.989281892776489258e-01
1.000000000000000000e+00
1.000000000000000000e+00
1.000000000000000000e+00
1.000000000000000000e+00
1.000000000000000000e+00
1.000000000000000000e+00
1.000000000000000000e+00
1.000000000000000000e+00
9.624866247177124023e-01
9.764201641082763672e-01
9.924973249435424805e-01
9.892818927764892578e-01
