3.498750513008425100e-02
2.264452190844835205e-02
1.829396873320154535e-02
1.664127507915414209e-02
1.865283725575149487e-02
1.523496560350464865e-02
1.338053383712748193e-02
9.521575600754665636e-03
1.257326412465195609e-02
1.309139350370110318e-02
1.179626846539039327e-02
1.007901974613886059e-02
8.542958252190431534e-03
8.783246668221472708e-03
9.533966039143365254e-03
1.162697248569462445e-02
8.649289595447961013e-03
8.557730293163416657e-03
7.909999910853740546e-03
8.036555328645811000e-03
5.527967593500904622e-03
7.432245323412341696e-03
8.064458000478093302e-03
1.290072025646077196e-02
6.993732426865703275e-03
7.714397994392853224e-03
4.301280346290832154e-03
4.598073481407548638e-03
5.206540373413980245e-03
8.145020929354318540e-03
8.111630894126180963e-03
4.686584784926483768e-03
4.987228761952660488e-03
5.400616161066830456e-03
3.185170520341045180e-03
1.104075530491897827e-02
1.194623149862684107e-02
5.389919034027876830e-03
7.292515905551431865e-03
5.572371757145186399e-03
2.122686606223497547e-03
7.620555499868124534e-03
5.126914364691614358e-03
3.801910278503202630e-03
2.034629606228141509e-03
5.368577444102138989e-03
5.602730518650623527e-03
6.169639124498477699e-03
3.810434879369237280e-03
5.186332173203286877e-03
