3.158156341072373974e-02
1.228264691683204381e-02
1.294682413283440928e-02
8.131452847485207830e-03
1.011310312342078230e-02
6.900166545670209650e-03
9.746336555584536251e-03
5.497051420652058519e-03
5.641055394789705989e-03
5.896829671588489814e-03
8.771922471063056323e-03
6.060989093764693192e-03
3.775738980333379416e-03
4.565868081116337442e-03
1.385036398238444471e-03
1.623921171551739569e-03
2.006424858713328884e-03
6.537053770799793918e-03
1.202832546105499396e-02
3.344753702786319813e-03
2.765048479430313143e-03
2.627190660407685303e-03
1.062157295197974560e-03
1.002616602766460020e-03
4.650323248708791019e-03
6.529803153191826234e-03
4.013912246320033503e-03
7.277707379414423070e-03
4.608641842594414506e-03
7.789466624878108557e-03
4.218776873586909879e-03
2.218549198026756233e-03
8.883905200259955420e-04
8.126731728021714196e-04
7.907239451643754882e-04
1.379945400302339713e-03
3.126590522968646525e-03
1.452014801401059832e-03
8.180399035963697172e-04
7.718472520873202953e-04
7.800778313962939380e-04
7.486123074107789693e-04
7.375986634713569638e-04
7.473505026528645678e-04
7.243181379551685015e-04
7.458492582520033672e-04
1.716003713024004049e-02
2.157120434915850513e-03
2.149190424254548201e-03
4.995529489146778926e-03
