9.761506319046020508e-01
9.806885123252868652e-01
9.815822243690490723e-01
9.841203689575195312e-01
9.895441532135009766e-01
9.945788383483886719e-01
9.701555371284484863e-01
9.664991497993469238e-01
9.862155318260192871e-01
9.849246144294738770e-01
9.861519336700439453e-01
9.912133812904357910e-01
9.853740334510803223e-01
9.719430208206176758e-01
9.768907427787780762e-01
9.857978224754333496e-01
9.870563745498657227e-01
9.895309805870056152e-01
9.760604500770568848e-01
9.903765916824340820e-01
1.000000000000000000e+00
9.995830059051513672e-01
9.652574062347412109e-01
9.735848903656005859e-01
9.937317371368408203e-01
9.848929643630981445e-01
9.887264966964721680e-01
9.870509505271911621e-01
9.732105731964111328e-01
9.954128265380859375e-01
9.991663098335266113e-01
9.836956262588500977e-01
9.656760096549987793e-01
9.828523397445678711e-01
9.958211183547973633e-01
9.924717545509338379e-01
9.857740402221679688e-01
9.799916744232177734e-01
9.849937558174133301e-01
9.983256459236145020e-01
9.916632175445556641e-01
9.664147496223449707e-01
9.861577153205871582e-01
9.928870201110839844e-01
9.895615577697753906e-01
9.874791502952575684e-01
9.945811033248901367e-01
9.820982217788696289e-01
9.812343716621398926e-01
9.794635176658630371e-01
