9.724885225296020508e-01
9.737390875816345215e-01
9.774906039237976074e-01
9.816589951515197754e-01
9.862442612648010254e-01
9.941642284393310547e-01
9.620675444602966309e-01
9.620675444602966309e-01
9.841600656509399414e-01
9.804084897041320801e-01
9.795747995376586914e-01
9.874947667121887207e-01
9.829095602035522461e-01
9.674864411354064941e-01
9.691538214683532715e-01
9.837432503700256348e-01
9.854105710983276367e-01
9.849937558174133301e-01
9.687369465827941895e-01
9.866611361503601074e-01
1.000000000000000000e+00
9.991663098335266113e-01
9.612338542938232422e-01
9.679033160209655762e-01
9.912463426589965820e-01
9.783242940902709961e-01
9.870779514312744141e-01
9.849937558174133301e-01
9.691538214683532715e-01
9.949979186058044434e-01
9.991663098335266113e-01
9.808253645896911621e-01
9.616506695747375488e-01
9.795747995376586914e-01
9.933305382728576660e-01
9.891621470451354980e-01
9.820758700370788574e-01
9.799916744232177734e-01
9.849937558174133301e-01
9.941642284393310547e-01
9.916632175445556641e-01
9.595664739608764648e-01
9.799916744232177734e-01
9.891621470451354980e-01
9.879116415977478027e-01
9.862442612648010254e-01
9.945811033248901367e-01
9.833263754844665527e-01
9.808253645896911621e-01
9.741559028625488281e-01
