9.588298797607421875e-01
9.718004465103149414e-01
9.794149398803710938e-01
9.718004465103149414e-01
9.739978313446044922e-01
9.826275706291198730e-01
9.805194735527038574e-01
9.870967864990234375e-01
9.827586412429809570e-01
9.653304219245910645e-01
9.848648905754089355e-01
9.870828986167907715e-01
9.848648905754089355e-01
9.591397643089294434e-01
9.817007780075073242e-01
9.869989156723022461e-01
9.795258641242980957e-01
9.827400445938110352e-01
9.903225898742675781e-01
9.903225898742675781e-01
9.882227182388305664e-01
9.924569129943847656e-01
9.785177111625671387e-01
9.859913587570190430e-01
9.806243181228637695e-01
9.913886189460754395e-01
9.946409463882446289e-01
9.935622215270996094e-01
9.870550036430358887e-01
9.881465435028076172e-01
9.783315062522888184e-01
9.893162250518798828e-01
9.935553073883056641e-01
1.000000000000000000e+00
9.935691356658935547e-01
9.957081675529479980e-01
9.849300384521484375e-01
9.783549904823303223e-01
9.892125129699707031e-01
9.978563785552978516e-01
9.913978576660156250e-01
9.957219362258911133e-01
9.946351647377014160e-01
9.892703890800476074e-01
9.807074069976806641e-01
9.892357587814331055e-01
9.935691356658935547e-01
9.989258646965026855e-01
9.978563785552978516e-01
9.774193763732910156e-01
