2.163412123918533325e-01
4.795539081096649170e-01
6.184143424034118652e-01
6.608652472496032715e-01
6.843687295913696289e-01
6.786240935325622559e-01
7.146353125572204590e-01
7.156327366828918457e-01
7.270471453666687012e-01
7.391952276229858398e-01
7.461013793945312500e-01
7.389380335807800293e-01
7.724103331565856934e-01
7.630560994148254395e-01
7.602739930152893066e-01
7.609344124794006348e-01
7.692680358886718750e-01
7.820575237274169922e-01
7.775084972381591797e-01
8.018500208854675293e-01
8.104448914527893066e-01
8.095009326934814453e-01
8.195777535438537598e-01
8.215324878692626953e-01
8.248315453529357910e-01
8.134222030639648438e-01
8.232177495956420898e-01
8.420047760009765625e-01
8.296755552291870117e-01
8.464491367340087891e-01
8.365664482116699219e-01
8.362852931022644043e-01
8.398474454879760742e-01
8.531234860420227051e-01
8.487712740898132324e-01
8.595002293586730957e-01
8.590287566184997559e-01
8.643667101860046387e-01
8.554558157920837402e-01
8.599907159805297852e-01
8.582825064659118652e-01
8.622615337371826172e-01
8.596491217613220215e-01
8.687909841537475586e-01
8.745335936546325684e-01
8.685793876647949219e-01
8.662627935409545898e-01
8.689432144165039062e-01
8.864383101463317871e-01
8.781278729438781738e-01
8.783533573150634766e-01
8.795688748359680176e-01
8.881759643554687500e-01
8.875631093978881836e-01
8.917669057846069336e-01
8.863948583602905273e-01
8.896615505218505859e-01
8.932172060012817383e-01
8.857660889625549316e-01
8.998178243637084961e-01
8.856492042541503906e-01
8.891434073448181152e-01
8.918302059173583984e-01
8.984979391098022461e-01
8.957669734954833984e-01
9.026032090187072754e-01
9.078590869903564453e-01
9.125338196754455566e-01
9.019430875778198242e-01
9.031235575675964355e-01
9.017132520675659180e-01
9.145683646202087402e-01
9.101876616477966309e-01
9.195144176483154297e-01
9.142603278160095215e-01
9.200718402862548828e-01
9.202127456665039062e-01
9.269588589668273926e-01
9.165557026863098145e-01
9.256124496459960938e-01
9.193477034568786621e-01
9.247215986251831055e-01
9.333921670913696289e-01
9.326584339141845703e-01
9.286652207374572754e-01
9.360490441322326660e-01
9.353277683258056641e-01
9.343763589859008789e-01
9.230434894561767578e-01
9.390138387680053711e-01
9.425337314605712891e-01
9.429805874824523926e-01
9.355961680412292480e-01
9.404144883155822754e-01
9.510098695755004883e-01
9.284174442291259766e-01
9.488291144371032715e-01
9.502786397933959961e-01
9.366709589958190918e-01
9.565591216087341309e-01
9.546427130699157715e-01
9.638242721557617188e-01
9.563356041908264160e-01
9.596046209335327148e-01
9.606332778930664062e-01
9.589157104492187500e-01
9.636285901069641113e-01
9.529660940170288086e-01
9.658265709877014160e-01
9.504866600036621094e-01
9.644519686698913574e-01
9.716342091560363770e-01
9.656050801277160645e-01
9.733163714408874512e-01
9.622881412506103516e-01
9.695689082145690918e-01
9.706006050109863281e-01
9.567430019378662109e-01
9.751683473587036133e-01
9.770603179931640625e-01
9.667648077011108398e-01
9.763213396072387695e-01
9.729387164115905762e-01
9.716702103614807129e-01
9.670608043670654297e-01
9.920235276222229004e-01
9.828380346298217773e-01
9.546409249305725098e-01
9.637589454650878906e-01
9.809886217117309570e-01
9.732217788696289062e-01
9.759290814399719238e-01
9.769004583358764648e-01
9.782335758209228516e-01
9.836614727973937988e-01
9.777311086654663086e-01
9.730639457702636719e-01
9.723386168479919434e-01
9.723386168479919434e-01
9.803100228309631348e-01
9.853617548942565918e-01
9.807772636413574219e-01
9.761106371879577637e-01
9.552301168441772461e-01
9.723386168479919434e-01
9.886792302131652832e-01
9.866388440132141113e-01
9.823380708694458008e-01
9.803429245948791504e-01
9.782244563102722168e-01
