4.424778744578361511e-03
0.000000000000000000e+00
2.212389372289180756e-02
2.654867246747016907e-02
4.424778744578361511e-03
1.327433623373508453e-02
2.212389372289180756e-02
3.539822995662689209e-02
4.867256805300712585e-02
5.752212554216384888e-02
5.752212554216384888e-02
8.849557489156723022e-02
4.867256805300712585e-02
6.637167930603027344e-02
9.734513610601425171e-02
9.292035549879074097e-02
8.849557489156723022e-02
1.194690242409706116e-01
1.106194704771041870e-01
1.371681392192840576e-01
1.061946898698806763e-01
1.238938048481941223e-01
1.814159303903579712e-01
1.769911497831344604e-01
2.079645991325378418e-01
1.504424810409545898e-01
1.548672616481781006e-01
2.212389409542083740e-01
2.079645991325378418e-01
2.300885021686553955e-01
2.079645991325378418e-01
2.654867172241210938e-01
2.212389409542083740e-01
2.964601814746856689e-01
2.566371560096740723e-01
2.920354008674621582e-01
3.539822995662689209e-01
2.964601814746856689e-01
3.407079577445983887e-01
3.761062026023864746e-01
3.539822995662689209e-01
3.628318607807159424e-01
3.539822995662689209e-01
4.026548564434051514e-01
3.495575189590454102e-01
4.247787594795227051e-01
4.424778819084167480e-01
4.336283206939697266e-01
3.938052952289581299e-01
4.469026625156402588e-01
4.469026625156402588e-01
4.734513163566589355e-01
4.247787594795227051e-01
4.823008775711059570e-01
4.823008775711059570e-01
5.088495612144470215e-01
5.221238732337951660e-01
4.955752193927764893e-01
5.132743120193481445e-01
5.132743120193481445e-01
5.132743120193481445e-01
5.132743120193481445e-01
5.575221180915832520e-01
5.707964897155761719e-01
5.221238732337951660e-01
5.796459913253784180e-01
5.929203629493713379e-01
5.929203629493713379e-01
5.752212405204772949e-01
5.707964897155761719e-01
6.327433586120605469e-01
5.884955525398254395e-01
6.371681690216064453e-01
5.929203629493713379e-01
6.415929198265075684e-01
6.017699241638183594e-01
6.504424810409545898e-01
6.592920422554016113e-01
6.548672318458557129e-01
6.150442361831665039e-01
7.079645991325378418e-01
6.769911646842956543e-01
6.725663542747497559e-01
6.991150379180908203e-01
7.168141603469848633e-01
6.902654767036437988e-01
7.123894095420837402e-01
7.345132827758789062e-01
7.035398483276367188e-01
7.477875947952270508e-01
7.300884723663330078e-01
7.433628439903259277e-01
7.610619664192199707e-01
8.008849620819091797e-01
7.699115276336669922e-01
7.477875947952270508e-01
7.212389111518859863e-01
8.495575189590454102e-01
7.787610888481140137e-01
7.699115276336669922e-01
7.876105904579162598e-01
7.787610888481140137e-01
8.362832069396972656e-01
8.053097128868103027e-01
8.407079577445983887e-01
7.964601516723632812e-01
8.185840845108032227e-01
8.495575189590454102e-01
8.584070801734924316e-01
8.141592741012573242e-01
8.407079577445983887e-01
8.805309534072875977e-01
8.805309534072875977e-01
8.938053250312805176e-01
8.185840845108032227e-01
8.805309534072875977e-01
8.672566413879394531e-01
8.805309534072875977e-01
8.893805146217346191e-01
8.716813921928405762e-01
9.336283206939697266e-01
8.672566413879394531e-01
8.318583965301513672e-01
9.026548862457275391e-01
9.336283206939697266e-01
8.495575189590454102e-01
9.070796370506286621e-01
9.070796370506286621e-01
9.336283206939697266e-01
8.849557638168334961e-01
8.672566413879394531e-01
8.185840845108032227e-01
9.646017551422119141e-01
9.601770043373107910e-01
9.336283206939697266e-01
9.159291982650756836e-01
9.159291982650756836e-01
9.159291982650756836e-01
9.115044474601745605e-01
9.424778819084167480e-01
9.646017551422119141e-01
8.938053250312805176e-01
8.849557638168334961e-01
8.893805146217346191e-01
9.380530714988708496e-01
9.026548862457275391e-01
9.557521939277648926e-01
8.982300758361816406e-01
9.070796370506286621e-01
9.115044474601745605e-01
