19
[0.034814609520802675, 0.9411765, 0.72727275]

21
[0.04338608683451895, 1.0, 0.8181818]

23
[0.010836079510894662, 0.9130435, 0.95454544]

25
[0.10358374052333401, 0.875, 0.6363636]

27
[0.09643740125808989, 0.9375, 0.6818182]

29
[0.028931342237048845, 0.8636364, 0.8636364]

31
[0.060487920946083636, 0.9444444, 0.77272725]

33
[0.07532406925064823, 0.82608694, 0.8636364]

vote:
accuracy= 0.9960291197882197
precision= 0.8333333333333334
recall= 0.9090909090909091
f1= 0.8695652173913043

probability:
accuracy= 0.9966909331568498
precision= 0.9473684210526315
recall= 0.8181818181818182
f1= 0.8780487804878049

