19
[0.025510224001358855, 0.8148148, 1.0]

21
[0.03944247815293061, 0.95238096, 0.90909094]

23
[0.04958954713129963, 0.8333333, 0.90909094]

25
[0.04267638448841838, 0.9444444, 0.77272725]

27
[0.03485777566677023, 0.95238096, 0.90909094]

29
[0.02158679270963995, 0.95454544, 0.95454544]

31
[0.01209511506744253, 0.9166667, 1.0]

33
[0.09373597242672933, 0.7647059, 0.59090906]

vote:
accuracy= 0.9947054930509597
precision= 0.7333333333333333
recall= 1.0
f1= 0.846153846153846

probability:
accuracy= 0.9966909331568498
precision= 0.9473684210526315
recall= 0.8181818181818182
f1= 0.8780487804878049

