19
[0.006040748251444265, 0.875, 0.95454544]

21
[0.044162200924249, 0.94736844, 0.8181818]

23
[0.009093380071715717, 0.95454544, 0.95454544]

25
[0.015550986986415393, 0.7916667, 0.8636364]

27
[0.03735968241491031, 0.9047619, 0.8636364]

29
[0.004377357506285367, 0.95652175, 1.0]

31
[0.03821380153562412, 0.9047619, 0.8636364]

33
[0.017941414227536284, 0.84, 0.95454544]

vote:
accuracy= 0.9940436796823295
precision= 0.7241379310344828
recall= 0.9545454545454546
f1= 0.823529411764706

probability:
accuracy= 0.9980145598941098
precision= 0.9523809523809523
recall= 0.9090909090909091
f1= 0.9302325581395349

