9.425785541534423828e-01
9.510337114334106445e-01
9.585152864456176758e-01
9.705240130424499512e-01
9.719525575637817383e-01
9.729143977165222168e-01
9.739696383476257324e-01
9.739978313446044922e-01
9.708423614501953125e-01
9.794149398803710938e-01
9.870550036430358887e-01
9.838362336158752441e-01
9.762161970138549805e-01
9.859913587570190430e-01
9.750812649726867676e-01
9.740820527076721191e-01
9.837662577629089355e-01
9.738846421241760254e-01
9.826839566230773926e-01
9.741379022598266602e-01
9.881209731101989746e-01
9.859762787818908691e-01
9.902386069297790527e-01
9.805194735527038574e-01
9.956663250923156738e-01
9.924324154853820801e-01
9.784714579582214355e-01
9.804134964942932129e-01
9.860064387321472168e-01
9.667382240295410156e-01
9.806451797485351562e-01
9.935275316238403320e-01
9.870410561561584473e-01
9.913793206214904785e-01
9.881592988967895508e-01
9.881209731101989746e-01
9.935483932495117188e-01
9.978517889976501465e-01
9.967707395553588867e-01
9.892818927764892578e-01
9.603430032730102539e-01
9.827586412429809570e-01
9.892473220825195312e-01
9.860365390777587891e-01
9.935483932495117188e-01
9.871382713317871094e-01
9.871106147766113281e-01
9.827213883399963379e-01
9.924892783164978027e-01
9.989258646965026855e-01
