7.830264802899072896e-01
4.001964284619892731e-01
2.954691260143265108e-01
2.715877457319704202e-01
2.650271233869270771e-01
2.397411320149591962e-01
2.304475581741255996e-01
2.231167148794110655e-01
2.177347137695966883e-01
2.090368241298522500e-01
1.989977709925890847e-01
2.021018038589161014e-01
1.990781092552248999e-01
1.903872798786636067e-01
1.864513389421232070e-01
1.883971796435707502e-01
1.804861691012371039e-01
1.817725187045481916e-01
1.745930009326440990e-01
1.687896295254495416e-01
1.692854731798557333e-01
1.683039875595974677e-01
1.698316118443417566e-01
1.620341866173845291e-01
1.570858785450886808e-01
1.501325111137831736e-01
1.494532118837850754e-01
1.472381280043028318e-01
1.403647405219144439e-01
1.416057546001073808e-01
1.394861516806816526e-01
1.390324451520008053e-01
1.376174852243136348e-01
1.319533350672619509e-01
1.402059104137565737e-01
1.392285620927623258e-01
1.275723087118061094e-01
1.222083493687044220e-01
1.270926568586357164e-01
1.222095158426459716e-01
1.240554957646760742e-01
1.171663682273448026e-01
1.187374819827386879e-01
1.156275684459131675e-01
1.188766224706343799e-01
1.162183767103754511e-01
1.178577477781235089e-01
1.058427803986580068e-01
1.114945272158373163e-01
1.115674055731668002e-01
1.056154756222907470e-01
1.064679049122705529e-01
1.074885453038401384e-01
1.006079485939375406e-01
1.046616460973878171e-01
1.034288778733201547e-01
9.988076730587218399e-02
9.657203271824124635e-02
9.576165649585792472e-02
9.301420116201604416e-02
9.190515727957848657e-02
9.450145130924368642e-02
8.748533704551619827e-02
8.975348091268930961e-02
8.824923111318989932e-02
9.187623344016797311e-02
8.245579204120344341e-02
8.306854180514880448e-02
8.187795521752344596e-02
8.610002423298719620e-02
7.956948620735466993e-02
7.561335945416786108e-02
7.602670238999920116e-02
7.320108040904323154e-02
7.357618453048353491e-02
6.907336695359786449e-02
7.208286533541249930e-02
7.032864291945242763e-02
6.624457465057151384e-02
6.947769145414564584e-02
6.366069751803812848e-02
5.788389111430401746e-02
6.242036534688677474e-02
6.134753438450354229e-02
5.642865016662695216e-02
5.712798134142997586e-02
5.147143704542279929e-02
5.438894816916675645e-02
5.232555763113685976e-02
4.836904197387440624e-02
4.816014170481936613e-02
4.631215762745346382e-02
4.191586099439263691e-02
4.832344674734372070e-02
4.465652989392527444e-02
4.210336003874661642e-02
4.034187287935503408e-02
3.399356448528459418e-02
3.917702396074652232e-02
3.303663860185220708e-02
3.340330726362809172e-02
3.116856982048918021e-02
2.915124895070208416e-02
2.995224490229074846e-02
3.326673807899503676e-02
3.021680419849844673e-02
2.709446709916623827e-02
3.569791373368342430e-02
2.341178962076599646e-02
2.167928326304591202e-02
2.858485640922946158e-02
3.262462484911229921e-02
2.352312699457981271e-02
1.979422234443865142e-02
2.105899022262418610e-02
2.091245346157479673e-02
1.935047261322112716e-02
1.949447080320580380e-02
2.559865891451603911e-02
2.810870858171643505e-02
1.810893878704079168e-02
9.253536643204347129e-03
2.595694221844782254e-02
2.180660742876850897e-02
1.225808948793844291e-02
1.580032259647373705e-02
2.990402097108650625e-02
1.306325206361215810e-02
1.183397720044664092e-02
2.089641606078395178e-02
2.385006645990761509e-02
1.596881049028870889e-02
1.150128154588455492e-02
8.493053972616518982e-03
2.111029419960089304e-02
2.146979939819618904e-02
1.733268780267202200e-02
6.179947854573528999e-03
1.821703489064711509e-02
1.633007912821137983e-02
2.294383577489570239e-02
9.162382612739749729e-03
1.478695612619315529e-02
1.432656906399488311e-02
1.654473457351811339e-02
8.460373034572808357e-03
2.684911029943807051e-02
9.593229280245628779e-03
7.728922029490029391e-03
1.175860351002159555e-02
