1.854939609766006470e-01
3.522301018238067627e-01
4.660274982452392578e-01
5.118799209594726562e-01
5.277198553085327148e-01
5.623176097869873047e-01
5.689870715141296387e-01
5.660691857337951660e-01
5.844101905822753906e-01
5.898290872573852539e-01
6.119216084480285645e-01
5.906627774238586426e-01
6.006669402122497559e-01
6.094205975532531738e-01
6.131721735000610352e-01
6.165068745613098145e-01
6.152563691139221191e-01
6.298457980155944824e-01
6.290121078491210938e-01
6.511046290397644043e-01
6.456856727600097656e-01
6.369320750236511230e-01
6.398499608039855957e-01
6.486035585403442383e-01
6.606919765472412109e-01
6.648603677749633789e-01
6.744477152824401855e-01
6.811171174049377441e-01
6.936223506927490234e-01
6.844518780708312988e-01
6.890370845794677734e-01
6.911212801933288574e-01
6.902876496315002441e-01
7.065443992614746094e-01
6.869528889656066895e-01
6.927886605262756348e-01
7.182159423828125000e-01
7.261359095573425293e-01
7.144643664360046387e-01
7.323884963989257812e-01
7.186327576637268066e-01
7.323884963989257812e-01
7.336390018463134766e-01
7.365568876266479492e-01
7.403084635734558105e-01
7.386410832405090332e-01
7.369737625122070312e-01
7.536473274230957031e-01
7.544810175895690918e-01
7.453105449676513672e-01
7.594830989837646484e-01
7.628178596496582031e-01
7.544810175895690918e-01
7.636515498161315918e-01
7.582325935363769531e-01
7.661525607109069824e-01
7.686536312103271484e-01
7.757399082183837891e-01
7.786577939987182617e-01
7.899124622344970703e-01
7.924135327339172363e-01
7.849103808403015137e-01
7.986661195755004883e-01
8.007503151893615723e-01
7.944977283477783203e-01
7.944977283477783203e-01
8.095039725303649902e-01
8.128386735916137695e-01
8.199249505996704102e-01
8.057523965835571289e-01
8.145060539245605469e-01
8.215923309326171875e-01
8.211755156517028809e-01
8.295122981071472168e-01
8.307628035545349121e-01
8.428511619567871094e-01
8.395164608955383301e-01
8.416006565093994141e-01
8.536890149116516113e-01
8.420175313949584961e-01
8.582742810249328613e-01
8.645268678665161133e-01
8.616089820861816406e-01
8.641100525856018066e-01
8.695289492607116699e-01
8.732805252075195312e-01
8.807836771011352539e-01
8.716131448745727539e-01
8.803668022155761719e-01
8.907878398895263672e-01
8.891204595565795898e-01
8.945394158363342285e-01
9.087119698524475098e-01
8.920383453369140625e-01
9.012088179588317871e-01
9.041267037391662598e-01
9.087119698524475098e-01
9.237182140350341797e-01
9.107961654663085938e-01
9.245519042015075684e-01
9.249687194824218750e-01
9.333055615425109863e-01
9.358065724372863770e-01
9.349728822708129883e-01
9.295539855957031250e-01
9.378907680511474609e-01
9.399749636650085449e-01
9.237182140350341797e-01
9.491454958915710449e-01
9.503960013389587402e-01
9.412255287170410156e-01
9.324718713760375977e-01
9.524801969528198242e-01
9.562317728996276855e-01
9.608169794082641602e-01
9.574822783470153809e-01
9.558148980140686035e-01
9.649854302406311035e-01
9.462276101112365723e-01
9.395581483840942383e-01
9.654022455215454102e-01
9.804084897041320801e-01
9.528970122337341309e-01
9.553980827331542969e-01
9.758232831954956055e-01
9.683201313018798828e-01
9.458107352256774902e-01
9.741559028625488281e-01
9.795747995376586914e-01
9.574822783470153809e-01
9.533138871192932129e-01
9.695706367492675781e-01
9.787411689758300781e-01
9.820758700370788574e-01
9.629012346267700195e-01
9.587327837944030762e-01
9.662359356880187988e-01
9.866611361503601074e-01
9.674864411354064941e-01
9.687369465827941895e-01
9.541475772857666016e-01
9.845768809318542480e-01
9.712380170822143555e-01
9.754064083099365234e-01
9.699875116348266602e-01
9.849937558174133301e-01
9.562317728996276855e-01
9.824926853179931641e-01
9.866611361503601074e-01
9.816589951515197754e-01
