3.046875000000000000e-01
5.894039869308471680e-01
6.740775704383850098e-01
7.093458175659179688e-01
7.305133342742919922e-01
7.404255270957946777e-01
7.384468913078308105e-01
7.581699490547180176e-01
7.620169520378112793e-01
7.951864004135131836e-01
7.840152382850646973e-01
7.910731434822082520e-01
8.003784418106079102e-01
7.984134554862976074e-01
8.268418312072753906e-01
8.088642954826354980e-01
8.185614943504333496e-01
8.334110975265502930e-01
8.410780429840087891e-01
8.483434319496154785e-01
8.586190938949584961e-01
8.530232310295104980e-01
8.427326679229736328e-01
8.495122790336608887e-01
8.631336688995361328e-01
8.682882189750671387e-01
8.639298677444458008e-01
8.774849772453308105e-01
8.613906502723693848e-01
8.820536732673645020e-01
8.716998696327209473e-01
8.724770545959472656e-01
8.797789216041564941e-01
8.859367966651916504e-01
8.891454935073852539e-01
8.836027979850769043e-01
8.919908404350280762e-01
8.867579698562622070e-01
8.809632062911987305e-01
8.818718791007995605e-01
9.002277851104736328e-01
9.001831412315368652e-01
8.957388997077941895e-01
8.971324563026428223e-01
9.012624025344848633e-01
8.965986371040344238e-01
9.061795473098754883e-01
9.006772041320800781e-01
8.911777734756469727e-01
9.099140167236328125e-01
9.133211970329284668e-01
9.152771234512329102e-01
9.108422994613647461e-01
9.120391011238098145e-01
9.157705903053283691e-01
9.122494459152221680e-01
9.187136888504028320e-01
9.246696233749389648e-01
9.170344471931457520e-01
9.218052029609680176e-01
9.193689823150634766e-01
9.264510273933410645e-01
9.256815910339355469e-01
9.283170104026794434e-01
9.240953326225280762e-01
9.307624697685241699e-01
9.364592432975769043e-01
9.272248744964599609e-01
9.440069794654846191e-01
9.393672943115234375e-01
9.411764740943908691e-01
9.373356699943542480e-01
9.455488324165344238e-01
9.490060210227966309e-01
9.492408037185668945e-01
9.508196711540222168e-01
9.527491331100463867e-01
9.544281959533691406e-01
9.550513625144958496e-01
9.491670131683349609e-01
9.566337466239929199e-01
9.669811129570007324e-01
9.711007475852966309e-01
9.576742053031921387e-01
9.705882072448730469e-01
9.608843326568603516e-01
9.650170803070068359e-01
9.680306911468505859e-01
9.771089553833007812e-01
9.750211834907531738e-01
9.632290601730346680e-01
9.704266786575317383e-01
9.810446500778198242e-01
9.640135765075683594e-01
9.823455214500427246e-01
9.776465892791748047e-01
9.712473750114440918e-01
9.645419716835021973e-01
9.827731251716613770e-01
9.814502596855163574e-01
9.794462919235229492e-01
9.776654243469238281e-01
9.861402511596679688e-01
9.679459929466247559e-01
9.835650920867919922e-01
9.718369245529174805e-01
9.857442378997802734e-01
9.828595519065856934e-01
9.764508008956909180e-01
9.701555371284484863e-01
9.823899269104003906e-01
9.844668507575988770e-01
9.903846383094787598e-01
9.849246144294738770e-01
9.848929643630981445e-01
9.727919697761535645e-01
9.778149724006652832e-01
9.869747757911682129e-01
9.949748516082763672e-01
9.887029528617858887e-01
9.781787395477294922e-01
9.812108278274536133e-01
9.782517552375793457e-01
9.836956262588500977e-01
9.974937438964843750e-01
9.887593388557434082e-01
9.655027389526367188e-01
9.908257126808166504e-01
9.908027052879333496e-01
9.807289242744445801e-01
9.878914356231689453e-01
9.908295273780822754e-01
9.883187413215637207e-01
9.807289242744445801e-01
9.916562438011169434e-01
9.874371886253356934e-01
9.904006719589233398e-01
9.874895811080932617e-01
9.769488573074340820e-01
9.849937558174133301e-01
9.929078221321105957e-01
9.979114532470703125e-01
9.995831847190856934e-01
9.739605188369750977e-01
9.895703196525573730e-01
9.937447905540466309e-01
9.790619611740112305e-01
9.937474131584167480e-01
9.836888313293457031e-01
9.866164922714233398e-01
