2.601083815097808838e-01
5.193830728530883789e-01
5.939974784851074219e-01
6.327636241912841797e-01
6.406835913658142090e-01
6.527720093727111816e-01
6.461025476455688477e-01
6.769487261772155762e-01
6.740308403968811035e-01
7.023760080337524414e-01
6.869528889656066895e-01
6.944560408592224121e-01
7.052938938140869141e-01
7.132138609886169434e-01
7.344726920127868652e-01
7.303043007850646973e-01
7.353063821792602539e-01
7.444768548011779785e-01
7.544810175895690918e-01
7.578157782554626465e-01
7.619841694831848145e-01
7.644851803779602051e-01
7.661525607109069824e-01
7.624009847640991211e-01
7.807419896125793457e-01
7.886619567871093750e-01
7.807419896125793457e-01
7.911629676818847656e-01
7.849103808403015137e-01
7.949145436286926270e-01
7.844935655593872070e-01
7.928303480148315430e-01
7.961650490760803223e-01
8.061692118644714355e-01
8.024176955223083496e-01
7.974156141281127930e-01
8.124218583106994629e-01
8.095039725303649902e-01
8.082534670829772949e-01
8.090870976448059082e-01
8.236765265464782715e-01
8.195081353187561035e-01
8.236765265464782715e-01
8.215923309326171875e-01
8.332638740539550781e-01
8.240934014320373535e-01
8.374322652816772461e-01
8.315964937210083008e-01
8.295122981071472168e-01
8.378490805625915527e-01
8.345143795013427734e-01
8.466027379035949707e-01
8.474364280700683594e-01
8.557732105255126953e-01
8.520216941833496094e-01
8.536890149116516113e-01
8.574405908584594727e-01
8.749479055404663086e-01
8.661942481994628906e-01
8.599416613578796387e-01
8.745310306549072266e-01
8.716131448745727539e-01
8.774489164352416992e-01
8.691121339797973633e-01
8.728637099266052246e-01
8.853688836097717285e-01
8.907878398895263672e-01
8.816173672676086426e-01
8.995414972305297852e-01
8.912046551704406738e-01
9.003751277923583984e-01
8.916215300559997559e-01
9.120466709136962891e-01
9.153814315795898438e-01
9.120466709136962891e-01
9.187161326408386230e-01
9.245519042015075684e-01
9.253855943679809570e-01
9.299708008766174316e-01
9.262192845344543457e-01
9.287202954292297363e-01
9.399749636650085449e-01
9.524801969528198242e-01
9.337223768234252930e-01
9.491454958915710449e-01
9.420592188835144043e-01
9.428928494453430176e-01
9.466444253921508789e-01
9.608169794082641602e-01
9.599833488464355469e-01
9.499791860580444336e-01
9.574822783470153809e-01
9.708212018013000488e-01
9.491454958915710449e-01
9.741559028625488281e-01
9.662359356880187988e-01
9.574822783470153809e-01
9.524801969528198242e-01
9.749895930290222168e-01
9.704043269157409668e-01
9.733222126960754395e-01
9.670696258544921875e-01
9.787411689758300781e-01
9.566485881805419922e-01
9.729053974151611328e-01
9.637348651885986328e-01
9.799916744232177734e-01
9.799916744232177734e-01
9.679033160209655762e-01
9.620675444602966309e-01
9.766569137573242188e-01
9.774906039237976074e-01
9.874947667121887207e-01
9.804084897041320801e-01
9.783242940902709961e-01
9.687369465827941895e-01
9.737390875816345215e-01
9.791579842567443848e-01
9.904126524925231934e-01
9.849937558174133301e-01
9.716548323631286621e-01
9.795747995376586914e-01
9.749895930290222168e-01
9.808253645896911621e-01
9.954147338867187500e-01
9.899958372116088867e-01
9.566485881805419922e-01
9.904126524925231934e-01
9.879116415977478027e-01
9.758232831954956055e-01
9.862442612648010254e-01
9.908295273780822754e-01
9.874947667121887207e-01
9.758232831954956055e-01
9.908295273780822754e-01
9.829095602035522461e-01
9.891621470451354980e-01
9.870779514312744141e-01
9.716548323631286621e-01
9.849937558174133301e-01
9.920800328254699707e-01
9.958316087722778320e-01
9.995831847190856934e-01
9.666527509689331055e-01
9.887453317642211914e-01
9.933305382728576660e-01
9.745727181434631348e-01
9.937474131584167480e-01
9.804084897041320801e-01
9.833263754844665527e-01
