4.420335750432695110e-01
2.272403554152916116e-01
1.806064719922138018e-01
1.647775080311928153e-01
1.572709908975185311e-01
1.361469594453223186e-01
1.645942488263695269e-01
1.120601125016596894e-01
1.234989203683955067e-01
1.173144624423594629e-01
1.091464871805779002e-01
1.040101654563432981e-01
1.066740225565479816e-01
9.967628789926143151e-02
1.020726065904197372e-01
9.121252646717514789e-02
8.856869221157671890e-02
9.416877174689258778e-02
8.214429326152197786e-02
8.701634415151016100e-02
8.330047798525803959e-02
9.440154049751450782e-02
8.352460032015890379e-02
8.126792297051950442e-02
7.830183671832487147e-02
7.304788826767530385e-02
7.472287495265129975e-02
8.266880158291196878e-02
6.501312474253424789e-02
8.360703203285116403e-02
6.630611729972682444e-02
6.662084511507394835e-02
7.143563866505672766e-02
6.706899514910368010e-02
6.276263469793805228e-02
6.342220556246341845e-02
5.977858455503962803e-02
6.463898455032693335e-02
6.138951333851166980e-02
5.743333718939189203e-02
5.282003768309882080e-02
5.262516912168437033e-02
5.218098717080787985e-02
4.999421377549914669e-02
4.648213817088916316e-02
5.214331978636078252e-02
4.369129375296264273e-02
4.610558218958642901e-02
4.355739453059331856e-02
4.611575721710831771e-02
4.002165185220792759e-02
4.491101616902764410e-02
3.812398271859940985e-02
3.767939226682252840e-02
3.720629360653171513e-02
3.718300568514829041e-02
4.449370298871495322e-02
3.218892774429227971e-02
3.381545120615923883e-02
3.307956244533494933e-02
2.953570681369373577e-02
2.938883898689729351e-02
2.852260785241487323e-02
2.926080225352808636e-02
2.926780583509282566e-02
2.835637913911025904e-02
2.772599738024619093e-02
2.428404044706682433e-02
2.549496881822334304e-02
2.254408911933289406e-02
2.222660388011031204e-02
2.849139148270275756e-02
2.354534768803086958e-02
2.417646286052009194e-02
1.708299940168595682e-02
1.745289379119518286e-02
2.112812383087163404e-02
1.924412869753627450e-02
1.810615285182387221e-02
1.999862618120414742e-02
1.910052572658126058e-02
2.598298817592852722e-02
1.710690688048765659e-02
2.382033731053007086e-02
1.441811604021931391e-02
1.211629270823259309e-02
1.103307986364592333e-02
1.898341426430105380e-02
1.653125074970791461e-02
9.624585878898360078e-03
1.365739152113686940e-02
2.312560021276168637e-02
1.285904053841964260e-02
1.130054785654099545e-02
7.232816628765387397e-03
1.495295725630097113e-02
1.783364498602399428e-02
2.094202524250333639e-02
1.224863146867763257e-02
6.347498927069187072e-03
8.633883850394163256e-03
1.120956598312771064e-02
1.520328002198586582e-02
1.749662288721630723e-02
7.863538671898975471e-03
7.466472689381330706e-03
1.398463669185730056e-02
1.695116322315925669e-02
9.289584813394105578e-03
5.191202801625607703e-03
6.664028142258118272e-03
4.054815021888410163e-03
3.793630839459757008e-03
2.281833757340254870e-02
1.276933544533217016e-02
8.458794457606702913e-03
8.775685983612451987e-03
7.707347635448963223e-03
5.307619586750435964e-03
4.996212511047906993e-03
1.985922210152162373e-02
1.863870695153411333e-02
9.791374314643759222e-03
1.019606112738129407e-02
7.625568765690895340e-03
4.737858963553427324e-03
1.307591165430121299e-02
4.783079958976356634e-03
4.967240565079143570e-03
6.493765188829656206e-03
9.477512605953248084e-03
5.111249534605820551e-03
4.608639470283774041e-03
1.309056172202680696e-02
7.504046203611779674e-03
1.207917939696076179e-02
8.235723302746538257e-03
8.286776151419594783e-03
7.148474660732786340e-03
7.251373517112997581e-03
8.250872825698789964e-03
9.815434220271616536e-03
4.602971982431263050e-03
1.992256619597921989e-03
1.811864223602226197e-03
1.613425266477630906e-03
8.219161400871406384e-03
6.379817506224008325e-03
6.876982088282394649e-03
6.710667943628947571e-03
