4.870520939884334655e-01
2.615227356067385545e-01
2.104450662819153106e-01
1.824379899174879416e-01
1.671531239447024142e-01
1.625984055506351222e-01
1.596994903073730432e-01
1.337323839795915847e-01
1.526908609253692373e-01
1.294244389312633470e-01
1.355195978746431829e-01
1.284258486688764356e-01
1.252980447602951575e-01
1.176503364994392620e-01
1.162180717495143734e-01
1.141915235585061333e-01
1.161198701372264941e-01
1.148806020520042048e-01
1.081745839982545809e-01
1.085525221633170528e-01
1.058309609849773653e-01
1.049048632095585243e-01
1.108443225248909592e-01
1.006802091953751255e-01
1.035264324329475960e-01
9.937157605006671779e-02
9.590280099392327340e-02
9.249583403029394690e-02
9.222066246298174508e-02
9.620677600528607099e-02
9.053722453245872936e-02
8.480870014826781544e-02
8.504147193408589933e-02
9.011941433639548971e-02
8.551511264400339651e-02
8.247119977749001185e-02
8.555169757602132385e-02
8.495729053709885625e-02
7.921304074449583843e-02
8.140637921847884706e-02
8.539359718812392086e-02
8.048403883719999763e-02
7.788986784482228309e-02
8.217487418138177957e-02
7.482131516137073557e-02
6.955082348994266750e-02
7.620883683627505123e-02
6.988874613580998985e-02
7.483177735702709055e-02
6.655436886650153983e-02
6.877331758688598473e-02
6.527244476493951342e-02
6.987537819935180083e-02
6.390946131354517667e-02
6.471745176993511095e-02
6.278654705964106797e-02
6.469284209646486428e-02
5.809016775062357529e-02
6.333660281782765855e-02
6.328392456644120478e-02
6.176923278727180361e-02
5.864366473078337638e-02
5.202528785393090854e-02
6.171004601828567609e-02
5.622617120589919193e-02
5.993863181021211878e-02
5.430650972195302101e-02
5.601572610846673739e-02
5.167271982970941119e-02
4.569292337767558165e-02
5.160659830091832850e-02
5.484954729071795515e-02
4.292440931180944302e-02
4.717727721040444050e-02
5.234129371448302537e-02
4.887922346299620330e-02
4.085435551008177735e-02
3.999428399865627426e-02
4.584751126440258368e-02
4.702401149398871549e-02
4.464094992679461943e-02
3.651783319900602648e-02
3.858067138443882493e-02
3.722049445111794835e-02
3.515704014027667967e-02
3.753196217036524479e-02
4.675759019200156213e-02
3.819258244715983269e-02
4.026349793138125216e-02
3.499215521682307040e-02
3.347340808699637155e-02
3.467598996612662049e-02
3.497862011267311583e-02
2.895399750792433322e-02
3.051993656272409747e-02
2.648900527125669022e-02
2.773541810459280096e-02
3.217891020687203840e-02
2.818673450293848748e-02
3.634836667458923171e-02
3.748845270993493572e-02
2.571552734601931581e-02
3.346079551066989677e-02
2.065900156857383013e-02
2.269708225660576478e-02
2.298583206908589444e-02
2.925417203032895652e-02
2.240933602898658242e-02
1.996672133965275361e-02
2.011139794123681726e-02
2.669048092972334599e-02
2.260823920268041631e-02
2.896677550643833240e-02
2.324427860633701201e-02
1.792958767916594254e-02
2.654488154581265483e-02
2.362071193318463630e-02
1.998960934529889558e-02
2.007212691787731845e-02
1.746043625313499839e-02
1.864517256349197336e-02
1.713382569848242651e-02
1.880796686985981153e-02
1.382775291013723165e-02
1.499685060350494474e-02
9.828744463927459318e-03
1.470501628201262637e-02
2.724705952477260787e-02
1.906369733452397894e-02
1.872418732740631364e-02
1.605490144352461276e-02
2.641592896629086501e-02
1.980962340046366413e-02
1.059464870472372547e-02
1.122680238456504921e-02
1.415487940955035065e-02
9.288007989556245139e-03
2.160005591055327856e-02
1.790219522754566556e-02
1.044323874726553469e-02
1.114352103097217273e-02
8.467720288965446818e-03
7.285711785888407573e-03
7.817791730334484879e-03
1.545151965299632058e-02
2.257721224740563346e-02
3.531552203556462960e-02
1.211394851445303684e-02
7.764430223447725717e-03
1.496414130724318600e-02
