1.418181806802749634e-01
2.873134315013885498e-01
3.972125351428985596e-01
4.440298378467559814e-01
4.942965805530548096e-01
4.943396151065826416e-01
5.132075548171997070e-01
6.244897842407226562e-01
5.110294222831726074e-01
5.525291562080383301e-01
5.573770403861999512e-01
6.119403243064880371e-01
5.912698507308959961e-01
6.415094137191772461e-01
6.666666865348815918e-01
6.589147448539733887e-01
6.141732335090637207e-01
6.730769276618957520e-01
6.529850959777832031e-01
6.720647811889648438e-01
6.780303120613098145e-01
6.746987700462341309e-01
6.445312500000000000e-01
7.137404680252075195e-01
7.019608020782470703e-01
7.391304373741149902e-01
7.177419066429138184e-01
7.429718971252441406e-01
7.248061895370483398e-01
7.102040648460388184e-01
7.322834730148315430e-01
7.743190526962280273e-01
7.421875000000000000e-01
7.165354490280151367e-01
7.320754528045654297e-01
7.620967626571655273e-01
7.538461685180664062e-01
7.207547426223754883e-01
7.651515007019042969e-01
7.617187500000000000e-01
7.286245226860046387e-01
7.586206793785095215e-01
7.821011543273925781e-01
7.578125000000000000e-01
7.642585635185241699e-01
7.955390214920043945e-01
7.615384459495544434e-01
8.082706928253173828e-01
7.794117927551269531e-01
8.242187500000000000e-01
7.849056720733642578e-01
8.127340674400329590e-01
7.954545617103576660e-01
8.259259462356567383e-01
8.509804010391235352e-01
8.165467381477355957e-01
8.252788186073303223e-01
8.296296000480651855e-01
8.464419245719909668e-01
8.365018963813781738e-01
8.122743964195251465e-01
8.555133342742919922e-01
8.988764286041259766e-01
8.194946050643920898e-01
8.438661694526672363e-01
8.376383781433105469e-01
8.592592477798461914e-01
8.447653651237487793e-01
8.683273792266845703e-01
8.880866169929504395e-01
8.795620203018188477e-01
8.315412402153015137e-01
9.003558754920959473e-01
8.802816867828369141e-01
8.392857313156127930e-01
8.591549396514892578e-01
9.084507226943969727e-01
8.911564350128173828e-01
8.780487775802612305e-01
8.435373902320861816e-01
8.758864998817443848e-01
8.927335739135742188e-01
8.986486196517944336e-01
9.081632494926452637e-01
9.030100107192993164e-01
9.026845693588256836e-01
8.709677457809448242e-01
8.827586174011230469e-01
8.600682616233825684e-01
8.926174640655517578e-01
8.996655344963073730e-01
8.922559022903442383e-01
8.963210582733154297e-01
9.337748289108276367e-01
9.130434989929199219e-01
9.399999976158142090e-01
9.126213788986206055e-01
9.063544869422912598e-01
9.180327653884887695e-01
8.819671869277954102e-01
8.855218887329101562e-01
9.169328808784484863e-01
8.963210582733154297e-01
9.356912970542907715e-01
9.415584206581115723e-01
9.350649118423461914e-01
9.084967374801635742e-01
9.206349253654479980e-01
9.580644965171813965e-01
9.423077106475830078e-01
9.218240976333618164e-01
9.313725233078002930e-01
9.163987040519714355e-01
9.315961003303527832e-01
9.404388666152954102e-01
9.283387660980224609e-01
9.326922893524169922e-01
9.504950642585754395e-01
9.546925425529479980e-01
9.327217340469360352e-01
9.520766735076904297e-01
9.525316357612609863e-01
9.555555582046508789e-01
9.624999761581420898e-01
9.447852969169616699e-01
9.782608747482299805e-01
9.592476487159729004e-01
9.288026094436645508e-01
9.519230723381042480e-01
9.493671059608459473e-01
9.440993666648864746e-01
9.235668778419494629e-01
9.462025165557861328e-01
9.750000238418579102e-01
9.660493731498718262e-01
9.588607549667358398e-01
9.692307710647583008e-01
9.250000119209289551e-01
9.349845051765441895e-01
9.751552939414978027e-01
9.722222089767456055e-01
9.814814925193786621e-01
9.728915691375732422e-01
9.727272987365722656e-01
9.442724585533142090e-01
9.158878326416015625e-01
8.726114630699157715e-01
9.777070283889770508e-01
9.787234067916870117e-01
9.562500119209289551e-01
