6.956521421670913696e-02
2.173912972211837769e-01
2.647058963775634766e-01
4.791666567325592041e-01
5.280898809432983398e-01
5.052631497383117676e-01
5.204081535339355469e-01
5.714285969734191895e-01
5.148515105247497559e-01
6.276595592498779297e-01
5.784313678741455078e-01
5.961538553237915039e-01
5.576922893524169922e-01
6.116504669189453125e-01
6.442307829856872559e-01
6.020408272743225098e-01
6.458333134651184082e-01
6.168224215507507324e-01
6.407766938209533691e-01
6.454545259475708008e-01
7.352941036224365234e-01
7.549019455909729004e-01
7.500000000000000000e-01
7.047619223594665527e-01
7.102803587913513184e-01
7.809523940086364746e-01
7.545454502105712891e-01
7.850467562675476074e-01
7.383177280426025391e-01
7.403846383094787598e-01
7.727272510528564453e-01
8.396226167678833008e-01
8.269230723381042480e-01
7.837837934494018555e-01
8.288288116455078125e-01
8.230088353157043457e-01
8.703703880310058594e-01
8.148148059844970703e-01
8.000000119209289551e-01
8.691588640213012695e-01
8.348624110221862793e-01
8.173912763595581055e-01
8.256880640983581543e-01
8.017241358757019043e-01
8.288288116455078125e-01
8.189654946327209473e-01
8.782608509063720703e-01
8.620689511299133301e-01
8.706896305084228516e-01
8.559321761131286621e-01
8.584070801734924316e-01
9.009009003639221191e-01
8.813559412956237793e-01
8.547008633613586426e-01
9.642857313156127930e-01
8.803418874740600586e-01
9.322034120559692383e-01
8.695651888847351074e-01
9.051724076271057129e-01
9.230769276618957520e-01
9.159663915634155273e-01
9.401709437370300293e-01
9.487179517745971680e-01
9.401709437370300293e-01
8.103448152542114258e-01
9.224137663841247559e-01
9.180327653884887695e-01
9.316239356994628906e-01
9.152542352676391602e-01
9.243697524070739746e-01
9.159663915634155273e-01
9.250000119209289551e-01
8.695651888847351074e-01
8.429751992225646973e-01
9.166666865348815918e-01
9.024389982223510742e-01
9.230769276618957520e-01
9.435483813285827637e-01
9.491525292396545410e-01
9.499999880790710449e-01
8.852459192276000977e-01
9.487179517745971680e-01
9.262295365333557129e-01
8.571428656578063965e-01
8.803418874740600586e-01
9.586777091026306152e-01
9.504132270812988281e-01
9.024389982223510742e-01
9.661017060279846191e-01
9.430894255638122559e-01
9.663865566253662109e-01
9.508196711540222168e-01
9.666666388511657715e-01
8.655462265014648438e-01
9.349593520164489746e-01
9.338843226432800293e-01
9.590163826942443848e-01
9.586777091026306152e-01
9.586777091026306152e-01
9.516128897666931152e-01
9.416666626930236816e-01
9.411764740943908691e-01
9.593495726585388184e-01
9.918032884597778320e-01
9.752066135406494141e-01
9.495798349380493164e-01
9.915966391563415527e-01
9.426229596138000488e-01
9.024389982223510742e-01
9.583333134651184082e-01
9.754098653793334961e-01
9.583333134651184082e-01
9.504132270812988281e-01
9.583333134651184082e-01
9.180327653884887695e-01
9.752066135406494141e-01
9.435483813285827637e-01
8.861788511276245117e-01
9.747899174690246582e-01
9.918699264526367188e-01
9.917355179786682129e-01
9.663865566253662109e-01
9.430894255638122559e-01
9.669421315193176270e-01
9.262295365333557129e-01
9.663865566253662109e-01
9.836065769195556641e-01
9.918032884597778320e-01
9.917355179786682129e-01
9.834710955619812012e-01
1.000000000000000000e+00
9.583333134651184082e-01
9.508196711540222168e-01
9.495798349380493164e-01
1.000000000000000000e+00
9.836065769195556641e-01
9.750000238418579102e-01
9.333333373069763184e-01
9.672130942344665527e-01
9.024389982223510742e-01
9.426229596138000488e-01
9.669421315193176270e-01
9.917355179786682129e-01
9.750000238418579102e-01
1.000000000000000000e+00
1.000000000000000000e+00
1.000000000000000000e+00
1.000000000000000000e+00
1.000000000000000000e+00
1.000000000000000000e+00
