6.557376682758331299e-02
1.639344245195388794e-01
2.213114798069000244e-01
3.770491778850555420e-01
3.852458894252777100e-01
3.934426307678222656e-01
4.180327951908111572e-01
4.590163826942443848e-01
4.262295067310333252e-01
4.836065471172332764e-01
4.836065471172332764e-01
5.081967115402221680e-01
4.754098355770111084e-01
5.163934230804443359e-01
5.491803288459777832e-01
4.836065471172332764e-01
5.081967115402221680e-01
5.409836173057556152e-01
5.409836173057556152e-01
5.819672346115112305e-01
6.147540807723999023e-01
6.311475634574890137e-01
6.147540807723999023e-01
6.065573692321777344e-01
6.229507923126220703e-01
6.721311211585998535e-01
6.803278923034667969e-01
6.885246038436889648e-01
6.475409865379333496e-01
6.311475634574890137e-01
6.967213153839111328e-01
7.295082211494445801e-01
7.049180269241333008e-01
7.131147384643554688e-01
7.540983557701110840e-01
7.622950673103332520e-01
7.704917788505554199e-01
7.213114500045776367e-01
7.213114500045776367e-01
7.622950673103332520e-01
7.459016442298889160e-01
7.704917788505554199e-01
7.377049326896667480e-01
7.622950673103332520e-01
7.540983557701110840e-01
7.786885499954223633e-01
8.278688788414001465e-01
8.196721076965332031e-01
8.278688788414001465e-01
8.278688788414001465e-01
7.950819730758666992e-01
8.196721076965332031e-01
8.524590134620666504e-01
8.196721076965332031e-01
8.852459192276000977e-01
8.442623019218444824e-01
9.016393423080444336e-01
8.196721076965332031e-01
8.606557250022888184e-01
8.852459192276000977e-01
8.934426307678222656e-01
9.016393423080444336e-01
9.098360538482666016e-01
9.016393423080444336e-01
7.704917788505554199e-01
8.770492076873779297e-01
9.180327653884887695e-01
8.934426307678222656e-01
8.852459192276000977e-01
9.016393423080444336e-01
8.934426307678222656e-01
9.098360538482666016e-01
8.196721076965332031e-01
8.360655903816223145e-01
9.016393423080444336e-01
9.098360538482666016e-01
8.852459192276000977e-01
9.590163826942443848e-01
9.180327653884887695e-01
9.344262480735778809e-01
8.852459192276000977e-01
9.098360538482666016e-01
9.262295365333557129e-01
8.360655903816223145e-01
8.442623019218444824e-01
9.508196711540222168e-01
9.426229596138000488e-01
9.098360538482666016e-01
9.344262480735778809e-01
9.508196711540222168e-01
9.426229596138000488e-01
9.508196711540222168e-01
9.508196711540222168e-01
8.442623019218444824e-01
9.426229596138000488e-01
9.262295365333557129e-01
9.590163826942443848e-01
9.508196711540222168e-01
9.508196711540222168e-01
9.672130942344665527e-01
9.262295365333557129e-01
9.180327653884887695e-01
9.672130942344665527e-01
9.918032884597778320e-01
9.672130942344665527e-01
9.262295365333557129e-01
9.672130942344665527e-01
9.426229596138000488e-01
9.098360538482666016e-01
9.426229596138000488e-01
9.754098653793334961e-01
9.426229596138000488e-01
9.426229596138000488e-01
9.426229596138000488e-01
9.180327653884887695e-01
9.672130942344665527e-01
9.590163826942443848e-01
8.934426307678222656e-01
9.508196711540222168e-01
1.000000000000000000e+00
9.836065769195556641e-01
9.426229596138000488e-01
9.508196711540222168e-01
9.590163826942443848e-01
9.262295365333557129e-01
9.426229596138000488e-01
9.836065769195556641e-01
9.918032884597778320e-01
9.836065769195556641e-01
9.754098653793334961e-01
9.918032884597778320e-01
9.426229596138000488e-01
9.508196711540222168e-01
9.262295365333557129e-01
1.000000000000000000e+00
9.836065769195556641e-01
9.590163826942443848e-01
9.180327653884887695e-01
9.672130942344665527e-01
9.098360538482666016e-01
9.426229596138000488e-01
9.590163826942443848e-01
9.836065769195556641e-01
9.590163826942443848e-01
9.918032884597778320e-01
1.000000000000000000e+00
1.000000000000000000e+00
1.000000000000000000e+00
1.000000000000000000e+00
1.000000000000000000e+00
