3.999013246468514082e-01
1.328963526601673328e-01
1.093231803188006862e-01
1.047509270911058110e-01
9.840245585246133742e-02
7.254555139169154010e-02
7.893094598918530547e-02
7.587891145359382250e-02
7.058781305758739244e-02
6.205377137981361174e-02
7.233284361666242335e-02
5.779038431311612350e-02
5.582780041929970988e-02
5.497741831750346114e-02
5.149336991297211868e-02
6.010104433618260883e-02
5.260531805968524099e-02
5.510063275510455189e-02
4.359159018766575744e-02
4.945470111722620465e-02
4.144022249013808168e-02
4.317868990738633200e-02
4.127139367281307258e-02
3.475784575055250458e-02
3.844141849508971726e-02
3.721803302422154597e-02
3.628301954261341916e-02
3.824285321493690187e-02
2.797940516756517587e-02
3.778186568173552001e-02
3.051529110863816438e-02
3.159786163838630701e-02
2.694796977243447272e-02
2.780073095611473172e-02
2.327650797258765808e-02
2.468817177454077361e-02
2.449908533348930245e-02
3.833219842813846007e-02
2.420930016198111212e-02
2.486531835550705866e-02
2.031888203711262539e-02
1.981384802987109020e-02
2.272483332648769436e-02
2.035035781363530791e-02
1.646721172481429435e-02
1.960864391866480594e-02
2.100976097576856202e-02
1.771501940008820414e-02
1.539975793870873230e-02
1.673859049193705123e-02
1.654441926011791103e-02
2.007817542965524560e-02
1.927312147642981990e-02
1.863224008635596882e-02
1.772944217191955649e-02
1.602348774903484749e-02
1.266923793703202475e-02
1.592694632694620707e-02
1.784462818936412287e-02
1.007112883260417348e-02
1.273087290103409701e-02
1.579489896422553094e-02
1.709830207492340701e-02
1.390775055203180566e-02
9.326235883151111697e-03
1.139391199033779403e-02
9.540353229662658363e-03
7.315084130027131766e-03
7.942568212214565909e-03
1.179427326183653778e-02
6.843458698869431256e-03
1.656298259703899156e-02
1.242272984683052625e-02
5.989031085048709090e-03
8.438817726711801345e-03
1.508570447879607930e-02
5.144057768755012396e-03
5.085771879986539581e-03
7.874176289010374752e-03
8.530294974979188427e-03
1.015999583975460245e-02
9.813771208954220893e-03
9.799305613391096070e-03
7.047924200506493035e-03
9.257234805476062187e-03
6.391643090404092002e-03
5.547342063500405700e-03
3.774876085780589589e-03
9.355312807893140584e-03
1.393784358121500852e-02
5.910663520492330687e-03
5.222497166156745904e-03
9.187272932972508077e-03
5.022916839834755225e-03
4.979042174641765822e-03
6.018933912124038374e-03
4.109397732774451237e-03
5.938503161945710672e-03
1.629339498687428986e-02
1.251894644712229707e-02
3.739633500195711259e-03
3.632799387684024130e-03
2.760267918043512580e-03
2.232069631390941854e-03
6.562538145359227831e-03
1.248796747204014221e-02
5.095234771359247877e-03
1.981345564721199732e-03
2.329055639542062985e-03
1.815140148126343682e-03
3.151268007436137681e-03
9.775055618398467358e-03
6.099955259468651213e-03
6.228757528797057054e-03
1.014088717997304635e-02
7.354703667819966623e-03
4.673827115150294004e-03
3.666278184175474162e-03
1.039228183869200448e-02
6.044123663634713359e-03
5.623889844273977090e-03
2.845626164332884945e-03
2.307575349987694285e-03
4.593454842738035025e-03
5.882380628916568550e-03
3.045601799633218358e-03
1.564370149264669675e-03
1.433919773639481549e-03
2.236312615853710759e-03
1.241311970502152577e-02
3.093805252513160374e-03
6.152468425029426063e-03
4.587608143760716836e-03
1.535784935381347138e-03
3.096193871089910395e-03
2.372853948888840620e-03
1.197565041917498033e-02
9.030479143772703055e-03
2.818207219401511372e-03
4.521627350237107830e-03
2.347620625815254134e-03
1.257897468376688570e-03
6.043734480641286579e-03
9.350612344168420659e-03
6.949431520860789233e-03
6.172991941350945179e-03
3.154161627305713395e-03
3.163508519948779116e-03
1.222451608224677487e-03
1.124977579031338380e-03
