7.042253762483596802e-02
2.242990583181381226e-01
3.771929740905761719e-01
3.539822995662689209e-01
4.380165338516235352e-01
5.166666507720947266e-01
5.299145579338073730e-01
5.538461804389953613e-01
5.798319578170776367e-01
6.065573692321777344e-01
5.759999752044677734e-01
6.440678238868713379e-01
6.722689270973205566e-01
6.837607026100158691e-01
6.747967600822448730e-01
6.153846383094787598e-01
6.885246038436889648e-01
6.583333611488342285e-01
7.054263353347778320e-01
7.394958138465881348e-01
7.175572514533996582e-01
7.419354915618896484e-01
7.343750000000000000e-01
8.455284833908081055e-01
7.537313699722290039e-01
8.130081295967102051e-01
7.812500000000000000e-01
7.560975551605224609e-01
8.384615182876586914e-01
7.674418687820434570e-01
8.188976645469665527e-01
8.346456885337829590e-01
8.449612259864807129e-01
8.606557250022888184e-01
8.712121248245239258e-01
8.432835936546325684e-01
8.484848737716674805e-01
7.500000000000000000e-01
8.666666746139526367e-01
8.529411554336547852e-01
8.999999761581420898e-01
9.083969593048095703e-01
8.560606241226196289e-01
8.880596756935119629e-01
9.185185432434082031e-01
8.778625726699829102e-01
8.769230842590332031e-01
8.939393758773803711e-01
9.185185432434082031e-01
9.022556543350219727e-01
9.022556543350219727e-01
8.880596756935119629e-01
8.527131676673889160e-01
8.455882072448730469e-01
9.007633328437805176e-01
9.097744226455688477e-01
9.328358173370361328e-01
9.044117927551269531e-01
8.823529481887817383e-01
9.270073175430297852e-01
9.172932505607604980e-01
9.083969593048095703e-01
8.740741014480590820e-01
9.022556543350219727e-01
9.626865386962890625e-01
9.248120188713073730e-01
9.398496150970458984e-01
9.629629850387573242e-01
9.558823704719543457e-01
9.197080135345458984e-01
9.776119589805603027e-01
8.880596756935119629e-01
9.333333373069763184e-01
9.777777791023254395e-01
9.555555582046508789e-01
9.029850959777832031e-01
9.708029031753540039e-01
9.777777791023254395e-01
9.562043547630310059e-01
9.416058659553527832e-01
9.393939375877380371e-01
9.545454382896423340e-01
9.275362491607666016e-01
9.481481313705444336e-01
9.485294222831726074e-01
9.703703522682189941e-01
9.632353186607360840e-01
9.852941036224365234e-01
9.270073175430297852e-01
9.185185432434082031e-01
9.492753744125366211e-01
9.776119589805603027e-01
9.253731369972229004e-01
9.777777791023254395e-01
9.632353186607360840e-01
9.701492786407470703e-01
9.851852059364318848e-01
9.632353186607360840e-01
8.897058963775634766e-01
9.411764740943908691e-01
9.776119589805603027e-01
9.925373196601867676e-01
9.854014515876770020e-01
9.927007555961608887e-01
9.552238583564758301e-01
9.242424368858337402e-01
9.705882072448730469e-01
1.000000000000000000e+00
9.926470518112182617e-01
1.000000000000000000e+00
9.851852059364318848e-01
9.259259104728698730e-01
9.489051103591918945e-01
9.485294222831726074e-01
9.264705777168273926e-01
9.632353186607360840e-01
9.850746393203735352e-01
9.777777791023254395e-01
9.485294222831726074e-01
9.555555582046508789e-01
9.629629850387573242e-01
9.925373196601867676e-01
9.854014515876770020e-01
9.776119589805603027e-01
9.779411554336547852e-01
9.779411554336547852e-01
1.000000000000000000e+00
1.000000000000000000e+00
9.925925731658935547e-01
9.264705777168273926e-01
9.779411554336547852e-01
9.705882072448730469e-01
9.635036587715148926e-01
1.000000000000000000e+00
9.852941036224365234e-01
9.850746393203735352e-01
9.398496150970458984e-01
9.202898740768432617e-01
9.851852059364318848e-01
9.705882072448730469e-01
9.852941036224365234e-01
1.000000000000000000e+00
9.629629850387573242e-01
9.407407641410827637e-01
9.264705777168273926e-01
9.629629850387573242e-01
9.779411554336547852e-01
9.926470518112182617e-01
1.000000000000000000e+00
1.000000000000000000e+00
