4.982820151148633636e-01
2.377017823793974027e-01
2.083041478913897626e-01
1.693619296314383127e-01
1.923711229901977626e-01
1.823918322056275465e-01
1.491121269207440481e-01
1.461598912031043529e-01
1.389827912211776539e-01
1.383696971726424418e-01
1.306150740241681929e-01
1.338103262382915604e-01
1.255476570297784089e-01
1.277823441311160824e-01
1.253937853166237348e-01
1.115690836514744017e-01
1.122633050378123581e-01
1.103623131129684992e-01
9.786945298220130207e-02
1.026336384862026607e-01
9.324641651757466232e-02
9.671769129517002184e-02
9.689378974870423156e-02
9.205205035661556678e-02
8.868092461810005156e-02
8.396781944906794859e-02
7.621149411198639700e-02
7.847119173832946271e-02
7.844276426414927006e-02
7.081279875733163809e-02
6.654158953394018194e-02
7.196525720090538036e-02
6.674761227298219024e-02
6.517477831394501153e-02
6.985623362257667446e-02
6.760804439588147252e-02
6.414314299617433768e-02
6.555236015846249709e-02
5.852764463295621195e-02
5.726957899422401715e-02
5.584235929446163677e-02
5.525878175138210224e-02
4.817533896805681337e-02
4.868558198300696610e-02
6.001134360551984431e-02
4.777181334793567657e-02
4.372445858924290524e-02
4.702044263129571272e-02
4.587882234158994349e-02
4.154244068084997354e-02
4.239238130548189654e-02
4.089514891292869020e-02
4.051814268184546208e-02
4.003953087163590607e-02
5.168979881889200489e-02
3.690033909756369052e-02
3.693986568969574724e-02
3.254743404821797137e-02
3.193812288547236838e-02
3.112500943872008319e-02
2.987890558668581872e-02
3.089181379381880643e-02
2.892960691402959514e-02
4.144474651271213422e-02
3.177052653880563932e-02
2.880111680370999253e-02
3.222859529244754412e-02
2.505600114113733581e-02
2.290340520645018155e-02
1.852230480867816595e-02
2.091779384682241130e-02
2.007468131192792146e-02
2.129141276758756904e-02
3.060451619199345066e-02
1.855323785363073227e-02
1.636764440803899906e-02
2.371479695061420520e-02
2.603181288814861161e-02
2.330651264925902993e-02
2.389289215335056726e-02
1.724408514748138402e-02
1.317352172875835802e-02
1.385124323935195238e-02
2.918037641890331921e-02
1.436422470021128835e-02
1.084414546285081271e-02
1.412086411348396908e-02
2.153602851430917384e-02
1.459439323070367035e-02
1.602144763113227954e-02
1.255631907078035535e-02
1.583463543226229508e-02
1.172991569223115656e-02
1.639431849054996670e-02
8.011837261039376698e-03
8.633284448350968948e-03
1.366069859044188699e-02
1.340069909737022502e-02
1.483634077819171761e-02
2.361820789160912898e-02
1.480914951167309340e-02
8.139687502637080879e-03
8.961461592320335567e-03
1.114408209191315204e-02
8.125027693886796923e-03
8.290391455844802263e-03
1.163434437342308024e-02
1.418389355563340511e-02
6.212404593847120279e-03
4.105755155327359476e-03
5.601293563553879154e-03
2.427765591160131395e-02
1.612656669028319362e-02
9.970416479746273264e-03
1.354612361740547763e-02
9.926318137397853458e-03
9.049710223472569315e-03
5.367777888878344852e-03
1.196172604923290833e-02
7.881134624041384248e-03
7.936669291020190947e-03
3.219258703133823316e-03
2.471075571232134605e-03
2.344873546725603514e-03
2.283913875869883394e-03
2.561066681407917801e-03
2.976109281704694947e-03
4.467659502006351285e-02
1.192112197245956580e-02
7.973272985862990200e-03
6.584795197601255728e-03
2.980973757251165028e-03
2.639881758622785856e-03
3.539289253182254392e-03
2.994763749667712568e-03
8.370129812816384102e-03
2.205914190949281525e-02
1.309411125241470922e-02
7.452890179667612594e-03
5.396152237126230523e-03
6.469700166072027761e-03
3.437776792905154321e-03
4.821922153189833402e-03
1.061572269006837328e-02
6.789323458522570492e-03
1.021846795067367537e-02
7.237951806991447037e-03
9.380970024103561788e-03
4.236922416609123672e-03
2.404181934410240615e-03
