1.675392687320709229e-01
3.534246683120727539e-01
4.038461446762084961e-01
5.207756161689758301e-01
4.716981053352355957e-01
4.754098355770111084e-01
5.573770403861999512e-01
5.558583140373229980e-01
5.752688050270080566e-01
5.856353640556335449e-01
5.946666598320007324e-01
6.315789222717285156e-01
6.155914068222045898e-01
6.000000238418579102e-01
6.153846383094787598e-01
6.666666865348815918e-01
6.750700473785400391e-01
6.648648381233215332e-01
7.195467352867126465e-01
7.118155360221862793e-01
7.295082211494445801e-01
7.131367325782775879e-01
7.176781296730041504e-01
7.675675749778747559e-01
7.588075995445251465e-01
7.640750408172607422e-01
7.881137132644653320e-01
8.010471463203430176e-01
8.031088113784790039e-01
8.201057910919189453e-01
8.181818127632141113e-01
7.979539632797241211e-01
8.302872180938720703e-01
8.433420658111572266e-01
8.004987239837646484e-01
8.236775994300842285e-01
8.524172902107238770e-01
8.358585834503173828e-01
8.320987820625305176e-01
8.308823704719543457e-01
8.482587337493896484e-01
8.514851331710815430e-01
8.750000000000000000e-01
8.560975790023803711e-01
8.119047880172729492e-01
8.808932900428771973e-01
8.713592290878295898e-01
8.655256628990173340e-01
8.874999880790710449e-01
8.696682453155517578e-01
8.888888955116271973e-01
8.987951874732971191e-01
8.837772607803344727e-01
8.776978254318237305e-01
8.641975522041320801e-01
8.907363414764404297e-01
8.860465288162231445e-01
9.154929518699645996e-01
9.198113083839416504e-01
9.099307060241699219e-01
9.129411578178405762e-01
9.139534831047058105e-01
9.160839319229125977e-01
8.803827762603759766e-01
9.002320170402526855e-01
9.299065470695495605e-01
9.162679314613342285e-01
9.351851940155029297e-01
9.359267950057983398e-01
9.587156176567077637e-01
9.533799290657043457e-01
9.472476840019226074e-01
9.403669834136962891e-01
9.110070466995239258e-01
9.435666203498840332e-01
9.548532962799072266e-01
9.168539047241210938e-01
9.216589927673339844e-01
9.447004795074462891e-01
9.260089397430419922e-01
9.372197389602661133e-01
9.659863710403442383e-01
9.657534360885620117e-01
9.049773812294006348e-01
9.530201554298400879e-01
9.705882072448730469e-01
9.573991298675537109e-01
9.391891956329345703e-01
9.551569223403930664e-01
9.459459185600280762e-01
9.710467457771301270e-01
9.479637742042541504e-01
9.771167039871215820e-01
9.411764740943908691e-01
9.799554347991943359e-01
9.757709503173828125e-01
9.536423683166503906e-01
9.618834257125854492e-01
9.403973221778869629e-01
9.285714030265808105e-01
9.530201554298400879e-01
9.823008775711059570e-01
9.736263751983642578e-01
9.668874144554138184e-01
9.887892603874206543e-01
9.650654792785644531e-01
9.688196182250976562e-01
9.623059630393981934e-01
9.866369962692260742e-01
9.955849647521972656e-01
9.933775067329406738e-01
9.443207383155822754e-01
9.510022401809692383e-01
9.711751937866210938e-01
9.599109292030334473e-01
9.779735803604125977e-01
9.712389111518859863e-01
9.889380335807800293e-01
9.624723792076110840e-01
9.716157317161560059e-01
9.779249429702758789e-01
9.978070259094238281e-01
1.000000000000000000e+00
1.000000000000000000e+00
1.000000000000000000e+00
1.000000000000000000e+00
9.978021979331970215e-01
8.828828930854797363e-01
9.578713774681091309e-01
9.778761267662048340e-01
9.780701994895935059e-01
9.978117942810058594e-01
9.978070259094238281e-01
9.955849647521972656e-01
9.977973699569702148e-01
9.688888788223266602e-01
9.349775910377502441e-01
9.557521939277648926e-01
9.756637215614318848e-01
9.867549538612365723e-01
9.867549538612365723e-01
9.912472367286682129e-01
9.912087917327880859e-01
9.671052694320678711e-01
9.799554347991943359e-01
9.713024497032165527e-01
9.823399782180786133e-01
9.692307710647583008e-01
9.890590906143188477e-01
9.978070259094238281e-01
