1.403508782386779785e-01
2.828947305679321289e-01
3.223684132099151611e-01
4.122807085514068604e-01
3.837719261646270752e-01
3.815789520740509033e-01
4.473684132099151611e-01
4.473684132099151611e-01
4.692982435226440430e-01
4.649122953414916992e-01
4.890350997447967529e-01
5.000000000000000000e-01
5.021929740905761719e-01
4.736842215061187744e-01
4.736842215061187744e-01
5.219298005104064941e-01
5.285087823867797852e-01
5.394737124443054199e-01
5.570175647735595703e-01
5.416666865348815918e-01
5.855262875556945801e-01
5.833333134651184082e-01
5.964912176132202148e-01
6.228070259094238281e-01
6.140350699424743652e-01
6.250000000000000000e-01
6.688596606254577637e-01
6.710526347160339355e-01
6.798245906829833984e-01
6.798245906829833984e-01
6.907894611358642578e-01
6.842105388641357422e-01
6.973684430122375488e-01
7.083333134651184082e-01
7.039473652839660645e-01
7.171052694320678711e-01
7.346491217613220215e-01
7.258771657943725586e-01
7.390350699424743652e-01
7.434210777282714844e-01
7.478070259094238281e-01
7.543859481811523438e-01
7.828947305679321289e-01
7.697368264198303223e-01
7.478070259094238281e-01
7.785087823867797852e-01
7.872806787490844727e-01
7.763158082962036133e-01
7.785087823867797852e-01
8.048245906829833984e-01
8.070175647735595703e-01
8.179824352264404297e-01
8.004385828971862793e-01
8.026315569877624512e-01
7.675438523292541504e-01
8.223684430122375488e-01
8.355262875556945801e-01
8.552631735801696777e-01
8.552631735801696777e-01
8.640350699424743652e-01
8.508771657943725586e-01
8.618420958518981934e-01
8.618420958518981934e-01
8.070175647735595703e-01
8.508771657943725586e-01
8.728070259094238281e-01
8.399122953414916992e-01
8.859649300575256348e-01
8.969298005104064941e-01
9.166666865348815918e-01
8.969298005104064941e-01
9.057017564773559570e-01
8.991228342056274414e-01
8.530701994895935059e-01
9.166666865348815918e-01
9.276315569877624512e-01
8.947368264198303223e-01
8.771929740905761719e-01
8.991228342056274414e-01
9.057017564773559570e-01
9.166666865348815918e-01
9.342105388641357422e-01
9.276315569877624512e-01
8.771929740905761719e-01
9.342105388641357422e-01
9.407894611358642578e-01
9.364035129547119141e-01
9.144737124443054199e-01
9.342105388641357422e-01
9.210526347160339355e-01
9.561403393745422363e-01
9.188596606254577637e-01
9.364035129547119141e-01
9.473684430122375488e-01
9.649122953414916992e-01
9.714912176132202148e-01
9.473684430122375488e-01
9.407894611358642578e-01
9.342105388641357422e-01
9.122806787490844727e-01
9.342105388641357422e-01
9.736841917037963867e-01
9.714912176132202148e-01
9.605262875556945801e-01
9.671052694320678711e-01
9.692982435226440430e-01
9.539473652839660645e-01
9.517543911933898926e-01
9.714912176132202148e-01
9.890350699424743652e-01
9.868420958518981934e-01
9.298245906829833984e-01
9.364035129547119141e-01
9.605262875556945801e-01
9.451754093170166016e-01
9.736841917037963867e-01
9.627193212509155273e-01
9.802631735801696777e-01
9.561403393745422363e-01
9.758771657943725586e-01
9.714912176132202148e-01
9.978070259094238281e-01
1.000000000000000000e+00
1.000000000000000000e+00
1.000000000000000000e+00
1.000000000000000000e+00
9.956140518188476562e-01
8.596491217613220215e-01
9.473684430122375488e-01
9.692982435226440430e-01
9.780701994895935059e-01
1.000000000000000000e+00
9.978070259094238281e-01
9.890350699424743652e-01
9.934210777282714844e-01
9.561403393745422363e-01
9.144737124443054199e-01
9.473684430122375488e-01
9.671052694320678711e-01
9.802631735801696777e-01
9.802631735801696777e-01
9.934210777282714844e-01
9.890350699424743652e-01
9.671052694320678711e-01
9.649122953414916992e-01
9.649122953414916992e-01
9.758771657943725586e-01
9.671052694320678711e-01
9.912280440330505371e-01
9.978070259094238281e-01
