3.837187515170712576e-02
2.283712589319750186e-02
1.834500716849107177e-02
1.854025576968034231e-02
1.319574815156612964e-02
9.334860810173744444e-03
1.463198677193812240e-02
1.113947070400415559e-02
7.997505750317369239e-03
4.840904491510776564e-03
1.126418410081184499e-02
1.874311223607200150e-02
5.148561077868626761e-03
9.572834432596320428e-03
6.041629185105132360e-03
3.874650846170841177e-03
6.089704270229387949e-03
8.288958133609884357e-03
5.931359063301060337e-03
4.944147288186841877e-03
1.976319791033903650e-02
1.573552727869424392e-02
7.093353467111598691e-03
5.142375406351150022e-03
5.661734913765951657e-03
5.606322258358201541e-03
5.854252168207011581e-03
5.414781408756324382e-03
5.454907494673168905e-03
6.333278317285732754e-03
1.462431925740184310e-02
1.540486923096064109e-02
9.744055982543240943e-03
9.033695477345690325e-03
3.204775802677689057e-03
3.404442798851576180e-03
6.269841527386843354e-03
4.873914012312964908e-03
9.299563046137413608e-03
3.276467798242526687e-03
2.096592146093281990e-03
1.987464590464596038e-03
1.887096436462076116e-03
1.861718357956512575e-03
1.843863343876595440e-03
4.431776923553880192e-03
2.203069080412520947e-02
1.657941734386489743e-02
1.015410272684224256e-02
5.543899843487342174e-03
