19
[0.03231668316704929, 0.9411765, 0.72727275]

21
[0.044262649822916375, 0.94736844, 0.8181818]

23
[0.0370686888812026, 0.9, 0.8181818]

25
[0.05334410860747454, 1.0, 0.6818182]

27
[0.024119733769984695, 0.95, 0.8636364]

29
[0.057955588300024084, 0.95, 0.8636364]

31
[0.026229278041362027, 0.95238096, 0.90909094]

33
[0.031181469458008333, 0.85, 0.77272725]

vote:
precision= 0.8333333333333334
recall= 0.9090909090909091
f1= 0.8695652173913043

probability:
precision= 1.0
recall= 0.8181818181818182
f1= 0.9

