19
[0.006040748339352857, 0.875, 0.95454544]

21
[0.044162193352861506, 0.94736844, 0.8181818]

23
[0.009093380071715717, 0.95454544, 0.95454544]

25
[0.015551041589901088, 0.7916667, 0.8636364]

27
[0.03735970971233863, 0.9047619, 0.8636364]

29
[0.004377357506285367, 0.95652175, 1.0]

31
[0.03821381389984043, 0.9047619, 0.8636364]

33
[0.01794135600107634, 0.84, 0.95454544]

vote:
precision= 0.7241379310344828
recall= 0.9545454545454546
f1= 0.823529411764706

probability:
precision= 0.9545454545454546
recall= 0.9545454545454546
f1= 0.9545454545454546

