19
[0.07807618943453931, 0.88095236, 0.8043478]

21
[0.06484501772587571, 0.9512195, 0.84782606]

23
[0.04708495435770601, 0.9111111, 0.8913044]

25
[0.04334255103980574, 0.9268293, 0.82608694]

27
[0.04468906649032279, 0.8627451, 0.95652175]

29
[0.052419123153530936, 0.9111111, 0.8913044]

31
[0.028729324339998558, 0.9318182, 0.8913044]

33
[0.019884874797700083, 0.9347826, 0.9347826]

vote:
accuracy= 0.9889705882352942
precision= 0.7627118644067796
recall= 0.9782608695652174
f1= 0.857142857142857

probability:
accuracy= 0.9948529411764706
precision= 0.9534883720930233
recall= 0.8913043478260869
f1= 0.9213483146067417

