4.369109512323979261e-02
2.414198215575751039e-02
1.961980600612499293e-02
1.482105059114004024e-02
1.675391927649721655e-02
9.241458502315591170e-03
1.218366456488231310e-02
9.033333172942022843e-03
8.581960016631430196e-03
1.220261234306690458e-02
5.974021124577910853e-03
8.608753090740255826e-03
1.980244467745659407e-03
1.603965305020538072e-03
1.225828173997803566e-03
1.029533229746963001e-03
7.065226991912450585e-03
2.496044673073348832e-02
2.635699166362052287e-02
1.216761806248808225e-02
3.861734245152851491e-03
2.035420932324370942e-03
1.320906446872990381e-03
1.128821533559059686e-03
1.080180715699444833e-03
1.971018351312474066e-03
2.425856205862994552e-02
1.091240312706972908e-02
5.456466855749470511e-03
1.895458427351411458e-03
1.390960820160503210e-03
5.618337256891316536e-03
4.079203602003922402e-03
1.660847212792142605e-02
1.004592452501259885e-02
5.016413834582273031e-03
3.515101510999575195e-03
2.880893190925590697e-03
2.359521182164970449e-03
2.844596449974922791e-03
8.058063771059118321e-03
3.418349426731409537e-03
1.193980134130794533e-02
1.007207685213134390e-02
3.519175116028451424e-03
2.219447049274062087e-03
1.810334315763861487e-03
4.040886388056600526e-02
5.308778088964623970e-03
1.757184490752836982e-03
