19
[0.09560903349881526, 0.9166667, 0.8301887]

21
[0.052173444683529205, 0.9583333, 0.8679245]

23
[0.03859798084924364, 0.9591837, 0.8867925]

25
[0.05217289721798175, 0.92156863, 0.8867925]

27
[0.03890815635659005, 0.96, 0.9056604]

29
[0.0434365342580189, 0.9259259, 0.9433962]

31
[0.044718902692996866, 0.9433962, 0.9433962]

33
[0.019254704882921928, 0.9259259, 0.9433962]

vote:
accuracy= 0.9914790018259282
precision= 0.8305084745762712
recall= 0.9245283018867925
f1= 0.875

probability:
accuracy= 0.9951308581862447
precision= 0.9591836734693877
recall= 0.8867924528301887
f1= 0.9215686274509803

