19
[0.05740078377233602, 0.9148936, 0.8113208]

21
[0.09224689769860736, 0.9230769, 0.9056604]

23
[0.08922551568780078, 0.7619048, 0.9056604]

25
[0.04008625492633406, 0.877193, 0.9433962]

27
[0.11743384715998251, 0.8703704, 0.8867925]

29
[0.05149867318394751, 0.9607843, 0.9245283]

31
[0.07041320214339243, 0.92, 0.8679245]

33
[0.07947805144558948, 0.9361702, 0.8301887]

vote:
accuracy= 0.9872185027388922
precision= 0.7424242424242424
recall= 0.9245283018867925
f1= 0.823529411764706

probability:
accuracy= 0.9933049300060864
precision= 0.8888888888888888
recall= 0.9056603773584906
f1= 0.897196261682243

