8.348624110221862793e-01
8.544601202011108398e-01
8.995215296745300293e-01
9.078341126441955566e-01
9.150943160057067871e-01
9.070796370506286621e-01
9.174311757087707520e-01
9.017857313156127930e-01
9.099099040031433105e-01
9.375000000000000000e-01
9.515418410301208496e-01
9.310345053672790527e-01
9.523809552192687988e-01
9.606986641883850098e-01
9.270386099815368652e-01
9.401709437370300293e-01
9.393939375877380371e-01
9.487179517745971680e-01
9.030836820602416992e-01
9.230769276618957520e-01
9.576271176338195801e-01
9.829059839248657227e-01
9.705882072448730469e-01
9.737991094589233398e-01
9.240506291389465332e-01
9.658119678497314453e-01
9.703390002250671387e-01
9.391304254531860352e-01
9.659574627876281738e-01
9.874476790428161621e-01
9.322034120559692383e-01
9.227467775344848633e-01
9.743589758872985840e-01
9.831223487854003906e-01
9.787234067916870117e-01
9.744681119918823242e-01
9.658119678497314453e-01
9.873417615890502930e-01
9.746835231781005859e-01
9.053497910499572754e-01
9.661017060279846191e-01
9.915254116058349609e-01
9.793388247489929199e-01
1.000000000000000000e+00
9.021276831626892090e-01
9.570815563201904297e-01
9.828326106071472168e-01
9.708333611488342285e-01
9.788135886192321777e-01
9.705882072448730469e-01
