3.852744824773067511e-02
2.895224304365475246e-02
2.662753124789006554e-02
2.330490177465104062e-02
1.862465750757778815e-02
1.416082672160634548e-02
1.037939497292242677e-02
1.399385445768188199e-02
1.999880595541321873e-02
2.481755413016725059e-02
1.303773964570152481e-02
1.039774069522397121e-02
8.405160620013832004e-03
8.980837544566015740e-03
1.578678870572688270e-02
2.172985857711744878e-02
1.608972652282676663e-02
1.630700279997466390e-02
1.287584183273259020e-02
8.348805375212216273e-03
8.276734235986253976e-03
3.877081013456576235e-03
8.145664178603968797e-03
1.171666259068150293e-02
9.569528065646594819e-03
2.175133398043082537e-03
2.644619601216057804e-03
2.093577111287675801e-03
1.787237209863420159e-03
2.258283864313557002e-02
2.147675667542751562e-02
1.667586295652605244e-02
7.272329772989563103e-03
1.040847522753388966e-02
5.146960638587394672e-03
3.921147907440913905e-03
3.814557770308427825e-03
9.606244643755037019e-03
2.262056342700936515e-02
1.434468860079525683e-02
4.875359548572395958e-03
1.816997693212501390e-03
1.741975793005536878e-03
3.033446106691260833e-03
2.043043341524948542e-03
8.696871305865072968e-03
4.603742302258945381e-03
5.124123072737179520e-03
2.347138935181060978e-03
5.245309549206251740e-03
