8.994252681732177734e-01
9.362319111824035645e-01
9.277456402778625488e-01
9.560117125511169434e-01
9.540230035781860352e-01
9.655172228813171387e-01
9.799426794052124023e-01
9.601139426231384277e-01
9.346590638160705566e-01
9.193083643913269043e-01
9.742120504379272461e-01
9.800000190734863281e-01
9.772079586982727051e-01
9.801136255264282227e-01
9.594202637672424316e-01
9.312320947647094727e-01
9.436619877815246582e-01
9.633802771568298340e-01
9.601139426231384277e-01
9.719101190567016602e-01
9.775280952453613281e-01
9.916201233863830566e-01
9.829059839248657227e-01
9.714285731315612793e-01
9.742857217788696289e-01
1.000000000000000000e+00
9.944289922714233398e-01
1.000000000000000000e+00
9.972222447395324707e-01
9.401709437370300293e-01
9.340974092483520508e-01
9.544159770011901855e-01
9.745762944221496582e-01
9.687500000000000000e-01
9.831460714340209961e-01
9.916201233863830566e-01
9.860334992408752441e-01
9.553072452545166016e-01
9.281609058380126953e-01
9.526462554931640625e-01
9.859550595283508301e-01
9.972222447395324707e-01
9.972144961357116699e-01
9.944289922714233398e-01
1.000000000000000000e+00
9.747191071510314941e-01
9.832402467727661133e-01
9.777158498764038086e-01
9.971988797187805176e-01
9.832402467727661133e-01
