5.197856527407395122e-01
2.866473448448391692e-01
2.312750379263208977e-01
2.289004643335011691e-01
1.824695892629199234e-01
1.726052424995754564e-01
1.621409620636146687e-01
1.466092972487177404e-01
1.420523740393325463e-01
1.275446480331760557e-01
1.198528178673710781e-01
1.091733014363412135e-01
1.136402827229447687e-01
9.938734580579790256e-02
8.962925938426706540e-02
9.856545906141821189e-02
8.429783986304958954e-02
8.625596798170052926e-02
8.580123556365708282e-02
8.071941681419661507e-02
7.534333724420429201e-02
7.877875397096276155e-02
7.186265925722687409e-02
7.669480241858987746e-02
7.071224071430881608e-02
6.703250099259965011e-02
6.573399481175083714e-02
6.246935680952334785e-02
6.410501511578643730e-02
6.260709448401945154e-02
5.905016083740712018e-02
5.964644706186329748e-02
6.391644240692229140e-02
5.730806132908412148e-02
5.457004224842915141e-02
5.826092974163094712e-02
4.958104783696495876e-02
5.427580477379871648e-02
4.933368080494664881e-02
4.491643551449213401e-02
4.542758099157664931e-02
4.918209600405921283e-02
4.506349730724170527e-02
4.061433296823362127e-02
4.206500476920577852e-02
3.603754514246291368e-02
4.096078730925153955e-02
3.720646487346043058e-02
3.589434295656111079e-02
3.317009309721676014e-02
3.838470419114079629e-02
2.412256944311668219e-02
3.322490504762046215e-02
3.369485002798806167e-02
2.974230070576307575e-02
2.845698865379785863e-02
2.609476312707802170e-02
2.322515584637270189e-02
3.457985152018281522e-02
2.296132751625723500e-02
2.303591990493072256e-02
2.168673960122715488e-02
2.170009333886068620e-02
2.197606642820050526e-02
1.908109040423255909e-02
2.962050850866829177e-02
2.385030422897506039e-02
2.066573277607285097e-02
1.932683852850503384e-02
1.817866610889693271e-02
1.327258410361232752e-02
2.700693423308985278e-02
1.844277969291914510e-02
1.633928274855865614e-02
1.678775916752941674e-02
1.401928714948681362e-02
1.866808705599862575e-02
1.569514502172666970e-02
1.412776154667824344e-02
1.625126624308579834e-02
1.165707201851041118e-02
1.193094936691300317e-02
1.229728749966198936e-02
1.796923088772686347e-02
1.274036410908136428e-02
2.848293846595963477e-02
1.769819892923597815e-02
7.600517354728678933e-03
5.535490893875731795e-03
8.943367500526530622e-03
1.814372100664778109e-02
1.501917211423830535e-02
8.066305622796865471e-03
5.060427024422716608e-03
7.630862401099085778e-03
1.233527860700764020e-02
1.201180394149507953e-02
1.374963217534621966e-02
6.236098564478796853e-03
5.690797296385332119e-03
2.008101414752891736e-02
1.226934070031580198e-02
6.113392173298913893e-03
5.446357062736598663e-03
1.288494316269873582e-02
1.247596353146079341e-02
1.468822812225179485e-02
9.814367391947688771e-03
4.722414026598530969e-03
3.028105616957774918e-03
9.744034495585220806e-03
8.217723625496203138e-03
2.075960645445120920e-02
1.543215623775218322e-02
4.538180442952403221e-03
3.292612780954111591e-03
3.548926009529414574e-03
2.453581905175004647e-03
2.111658344924298089e-03
2.079778018221820762e-03
1.985494130916958238e-03
1.943714714372482208e-03
1.899354220668111621e-03
1.865152987541649713e-03
1.833557666978306334e-03
1.812350573428916011e-03
1.734187246570233730e-03
1.694319392094592808e-03
1.654611272367733461e-03
1.589316124769817214e-03
1.521133992447466256e-03
1.461040894019979396e-03
4.253250979367310947e-02
2.848371438797222058e-02
1.705270008002525428e-02
4.965797327690548400e-03
6.495261331116222552e-03
5.626565197611187868e-03
5.550419498219892438e-03
4.441155958552120073e-03
2.006955636571145125e-03
1.157951070818259535e-02
1.196492036956910490e-02
1.084955333648870805e-02
6.283624414031601345e-03
4.557023995179968270e-03
2.627731745927835028e-03
4.904499924202831117e-03
1.887753156136301414e-03
2.845014584286905627e-03
