2.410423457622528076e-01
4.429967403411865234e-01
5.244299769401550293e-01
5.418024063110351562e-01
5.841476917266845703e-01
5.982627868652343750e-01
6.264929175376892090e-01
6.362649202346801758e-01
6.655808687210083008e-01
7.024973034858703613e-01
7.144408226013183594e-01
7.535287737846374512e-01
7.470141053199768066e-01
7.752442955970764160e-01
8.045602440834045410e-01
7.882736325263977051e-01
8.284473419189453125e-01
8.219326734542846680e-01
8.186753392219543457e-01
8.327904343605041504e-01
8.393051028251647949e-01
8.349620103836059570e-01
8.501628637313842773e-01
8.447340130805969238e-01
8.479912877082824707e-01
8.621063828468322754e-01
8.555917739868164062e-01
8.751357197761535645e-01
8.686210513114929199e-01
8.577632904052734375e-01
8.718783855438232422e-01
8.707926273345947266e-01
8.675352931022644043e-01
8.827361464500427246e-01
8.827361464500427246e-01
8.729641437530517578e-01
8.849077224731445312e-01
8.805646300315856934e-01
8.816503882408142090e-01
9.044516682624816895e-01
8.935939073562622070e-01
8.903365731239318848e-01
8.935939073562622070e-01
9.120520949363708496e-01
9.033659100532531738e-01
9.142236709594726562e-01
9.055374860763549805e-01
9.142236709594726562e-01
9.229098558425903320e-01
9.229098558425903320e-01
9.077090024948120117e-01
9.391965270042419434e-01
9.239956736564636230e-01
9.283387660980224609e-01
9.359391927719116211e-01
9.348534345626831055e-01
9.424538612365722656e-01
9.446253776550292969e-01
9.207383394241333008e-01
9.424538612365722656e-01
9.457111954689025879e-01
9.478827118873596191e-01
9.522258639335632324e-01
9.391965270042419434e-01
9.511400461196899414e-01
9.381107687950134277e-01
9.489685297012329102e-01
9.587404727935791016e-01
9.543973803520202637e-01
9.587404727935791016e-01
9.761129021644592285e-01
9.424538612365722656e-01
9.609120488166809082e-01
9.576547145843505859e-01
9.652551412582397461e-01
9.674267172813415527e-01
9.598262906074523926e-01
9.674267172813415527e-01
9.619978070259094238e-01
9.630836248397827148e-01
9.771987199783325195e-01
9.750271439552307129e-01
9.728555679321289062e-01
9.576547145843505859e-01
9.663409590721130371e-01
9.402822852134704590e-01
9.598262906074523926e-01
9.858849048614501953e-01
9.934853315353393555e-01
9.837133288383483887e-01
9.576547145843505859e-01
9.717698097229003906e-01
9.826275706291198730e-01
9.913138151168823242e-01
9.880564808845520020e-01
9.706840515136718750e-01
9.771987199783325195e-01
9.728555679321289062e-01
9.826275706291198730e-01
9.891422390937805176e-01
9.630836248397827148e-01
9.739413857460021973e-01
9.891422390937805176e-01
9.913138151168823242e-01
9.793702363967895508e-01
9.706840515136718750e-01
9.695982336997985840e-01
9.782844781875610352e-01
9.945710897445678711e-01
9.978284239768981934e-01
9.826275706291198730e-01
9.815418124198913574e-01
9.609120488166809082e-01
9.695982336997985840e-01
9.913138151168823242e-01
9.967426657676696777e-01
9.956569075584411621e-01
9.989142417907714844e-01
1.000000000000000000e+00
1.000000000000000000e+00
1.000000000000000000e+00
1.000000000000000000e+00
1.000000000000000000e+00
1.000000000000000000e+00
1.000000000000000000e+00
1.000000000000000000e+00
1.000000000000000000e+00
1.000000000000000000e+00
1.000000000000000000e+00
1.000000000000000000e+00
1.000000000000000000e+00
1.000000000000000000e+00
9.294245243072509766e-01
9.391965270042419434e-01
9.619978070259094238e-01
9.902279973030090332e-01
9.869706630706787109e-01
9.869706630706787109e-01
9.945710897445678711e-01
9.902279973030090332e-01
9.989142417907714844e-01
9.782844781875610352e-01
9.761129021644592285e-01
9.739413857460021973e-01
9.858849048614501953e-01
9.923995733261108398e-01
9.967426657676696777e-01
9.869706630706787109e-01
1.000000000000000000e+00
9.956569075584411621e-01
