5.795120459249381017e-01
2.643692160220790788e-01
2.061778780044613568e-01
2.023680173719371311e-01
1.697793844046523448e-01
1.583367547233914263e-01
1.529886243046748862e-01
1.646710895552607745e-01
1.421723954048504657e-01
1.508208055005310078e-01
1.350273942305877384e-01
1.379806738812593137e-01
1.431227053584764042e-01
1.317247877625990771e-01
1.305251691829866501e-01
1.250862646544600998e-01
1.223035960951455170e-01
1.213587485045346526e-01
1.450778888519033416e-01
1.264886163740760183e-01
1.230580710318939230e-01
1.128238817953972767e-01
1.094107407969803353e-01
1.107618611557665139e-01
1.067658657120810067e-01
1.142146008201662261e-01
1.068851178793404216e-01
1.152287339042583764e-01
1.029982629431938912e-01
9.889530666047426088e-02
1.024504219317415310e-01
9.325888725097983278e-02
9.773773978306635191e-02
9.476282234756129574e-02
9.020487696323181703e-02
8.560516166987761078e-02
8.474337072595101994e-02
9.701410696753023921e-02
8.242130533478682353e-02
9.152438762555502316e-02
8.603856424681029236e-02
7.712403168827282329e-02
8.249048667734369678e-02
7.487636203510870947e-02
8.339315327705022762e-02
7.377974295351306944e-02
9.344135777063211634e-02
7.689719208157046182e-02
7.300333953389812058e-02
7.016235358780036069e-02
6.788358188543933136e-02
7.169411690915179769e-02
6.655760228264867573e-02
5.872757336000165862e-02
6.039562212571017441e-02
6.701466373185745173e-02
6.373063872850591449e-02
5.871336478337826903e-02
5.921889049329524812e-02
6.217957912202730364e-02
6.040427857255573074e-02
6.074169212929698275e-02
5.852325167296913017e-02
5.392945213199416832e-02
4.964450715592518687e-02
5.849065395565416353e-02
5.164458396631278758e-02
5.460571682648147213e-02
4.746502867749631538e-02
5.458460685026261805e-02
4.596024688688284815e-02
5.752322102414911958e-02
4.747998677283182811e-02
5.648016418219683338e-02
4.726943625393123516e-02
4.489398684135926382e-02
4.292450593458531360e-02
4.563142506830885486e-02
4.619558563467685008e-02
4.437395756961391019e-02
5.120132674909891324e-02
3.644527066933036380e-02
3.842553702114383241e-02
3.811819775596760052e-02
4.005812197349371828e-02
3.991804170403354113e-02
3.487909324440151976e-02
3.768056836921591241e-02
3.352166198632230282e-02
3.397206884391442555e-02
3.145679081334327998e-02
3.022464595050251834e-02
3.187930765286788731e-02
3.446137597888632165e-02
2.984470742913553423e-02
3.487012340980426978e-02
3.058200464104776292e-02
2.516065418109164620e-02
2.932412913001455901e-02
2.859813053136053482e-02
2.795338797432248348e-02
2.320509070439836369e-02
2.597480470584808895e-02
2.408540123617180714e-02
2.308531451899865569e-02
2.457583755410549381e-02
1.827643441353629661e-02
2.238226194405435257e-02
2.398515662445900587e-02
2.674624470435067389e-02
1.782440745268164262e-02
1.778760511070266725e-02
2.178222810404654639e-02
1.812238259869334081e-02
1.839561161463729513e-02
1.635199705549352997e-02
1.471832445177816660e-02
2.102577901403480595e-02
1.516401492641297755e-02
1.631026637774192142e-02
2.201820644104121594e-02
9.884485593536608897e-03
1.008761709729133482e-02
1.028570708347394114e-02
1.230040430771747739e-02
2.085404874330513622e-02
5.369347006997172295e-02
2.766217779107426125e-02
1.218565383088753701e-02
9.254266230288665449e-03
9.789345277804539433e-03
4.488519064128893010e-03
5.521790051746764370e-03
6.902896178946033717e-03
1.519361067612727892e-02
2.674782844381485419e-02
1.107731767909321714e-02
1.684903912577786697e-02
6.440653354338669694e-03
8.125643826109906279e-03
1.574845210735162024e-02
7.577006713525556193e-03
4.429171423867713474e-03
5.440356445057800000e-03
8.983342112696572623e-03
1.152433247402995589e-02
8.445285136517523272e-03
1.370648164925948251e-02
8.424258905152441287e-03
1.032828871581719342e-02
