1.692708283662796021e-01
3.295774757862091064e-01
3.978779911994934082e-01
4.350282549858093262e-01
5.159420371055603027e-01
5.057803392410278320e-01
5.462427735328674316e-01
4.901408553123474121e-01
5.900276899337768555e-01
5.520231127738952637e-01
6.160221099853515625e-01
5.898876190185546875e-01
5.739644765853881836e-01
5.846994519233703613e-01
6.057142615318298340e-01
6.302521228790283203e-01
6.151603460311889648e-01
6.173184514045715332e-01
5.907781124114990234e-01
6.376404762268066406e-01
6.100278496742248535e-01
6.656976938247680664e-01
6.818181872367858887e-01
6.637681126594543457e-01
6.657142639160156250e-01
6.274510025978088379e-01
6.442048549652099609e-01
6.392045617103576660e-01
6.923077106475830078e-01
6.966292262077331543e-01
6.971428394317626953e-01
7.386363744735717773e-01
6.902173757553100586e-01
7.142857313156127930e-01
7.398843765258789062e-01
7.316384315490722656e-01
7.500000000000000000e-01
6.972222328186035156e-01
7.381615638732910156e-01
7.142857313156127930e-01
7.528089880943298340e-01
7.717391252517700195e-01
7.685950398445129395e-01
8.034188151359558105e-01
7.471910119056701660e-01
7.824933528900146484e-01
7.260638475418090820e-01
7.723577022552490234e-01
8.133704662322998047e-01
7.930107712745666504e-01
8.219895362854003906e-01
8.011049628257751465e-01
8.437500000000000000e-01
8.184143304824829102e-01
8.294573426246643066e-01
7.979274392127990723e-01
8.219895362854003906e-01
8.289473652839660645e-01
8.459529876708984375e-01
8.149100542068481445e-01
8.315789699554443359e-01
8.172588944435119629e-01
8.526315689086914062e-01
8.238341808319091797e-01
8.477157354354858398e-01
8.359375000000000000e-01
8.571428656578063965e-01
8.467532396316528320e-01
8.641025424003601074e-01
8.527131676673889160e-01
8.711340427398681641e-01
8.204488754272460938e-01
8.585858345031738281e-01
8.308457732200622559e-01
8.712121248245239258e-01
8.778625726699829102e-01
8.712121248245239258e-01
8.844221234321594238e-01
8.658227920532226562e-01
8.663366436958312988e-01
8.529411554336547852e-01
9.054726362228393555e-01
8.813559412956237793e-01
8.927680850028991699e-01
8.713592290878295898e-01
8.859223127365112305e-01
8.918269276618957520e-01
8.771084547042846680e-01
8.944844007492065430e-01
9.073171019554138184e-01
9.066985845565795898e-01
9.116945266723632812e-01
8.770301342010498047e-01
9.007263779640197754e-01
9.037558436393737793e-01
8.961352705955505371e-01
9.049881100654602051e-01
9.330143332481384277e-01
9.184652566909790039e-01
9.063231945037841797e-01
9.330143332481384277e-01
9.431279897689819336e-01
9.149425029754638672e-01
9.150943160057067871e-01
9.216589927673339844e-01
9.141531586647033691e-01
9.419953823089599609e-01
9.200913310050964355e-01
9.237875342369079590e-01
9.172413945198059082e-01
9.342403411865234375e-01
9.489558935165405273e-01
9.292237162590026855e-01
9.494252800941467285e-01
9.290617704391479492e-01
9.389140009880065918e-01
9.566209912300109863e-01
9.400921463966369629e-01
9.524886608123779297e-01
9.370786547660827637e-01
9.328703880310058594e-01
9.707865118980407715e-01
9.687500000000000000e-01
9.687500000000000000e-01
9.553571343421936035e-01
9.426605701446533203e-01
8.407959938049316406e-01
8.993135094642639160e-01
9.636363387107849121e-01
9.644444584846496582e-01
9.617977738380432129e-01
9.889867901802062988e-01
9.822221994400024414e-01
9.799107313156127930e-01
9.508928656578063965e-01
9.185520410537719727e-01
9.708520174026489258e-01
9.390519261360168457e-01
9.822616577148437500e-01
9.755555391311645508e-01
9.443207383155822754e-01
9.798206090927124023e-01
9.846827387809753418e-01
9.823008775711059570e-01
9.669603705406188965e-01
9.581497907638549805e-01
9.734513163566589355e-01
9.512194991111755371e-01
9.710467457771301270e-01
9.645232558250427246e-01
