1.919865008955996127e-02
2.090986607986308754e-02
1.989180424390465246e-02
1.473669133345508961e-02
9.984987950886082403e-03
9.061075465852266517e-03
7.520322293359992839e-03
8.251746639487573046e-03
7.793058222022961057e-03
5.008262393128178752e-03
1.375378236977089705e-02
1.682893783467121623e-02
4.423965414451708385e-03
5.860498915919593217e-03
4.938139004574721921e-03
8.013718901448790149e-03
7.136680670950927910e-03
4.308394507587593597e-03
2.763469799049274398e-03
1.901668836521693733e-03
2.122566466488834749e-03
5.776717357106961846e-03
8.510167775079024305e-03
3.882324976597108235e-03
5.753435232781111547e-03
3.413374525841615312e-03
1.162827537105952770e-03
2.235191859189227664e-03
6.221497678316940689e-04
6.698398192433723843e-03
2.877396129615617231e-03
2.764419632157258996e-03
1.128780940028997933e-02
4.764212303165427098e-03
1.601247200075580973e-03
4.278920082347499772e-03
2.807386034760521541e-03
9.176378350924341244e-04
1.884725089184662765e-03
1.059543140553571156e-02
1.677729158518697500e-02
1.239781858969371238e-03
4.181160206203716166e-03
3.023498082233399241e-03
4.270496266527461053e-03
2.058786939971420094e-03
1.788556732871813106e-03
1.494000702911259465e-03
4.861337630514499361e-05
1.267001081812888679e-04
