9.221686075037613048e-03
1.703440990348870782e-02
8.885730959122928319e-03
1.482846347494920849e-02
8.824851193523780210e-03
6.178303391125931562e-03
1.025519065572279807e-02
1.028863596561268440e-02
1.009881680389312052e-02
1.262654015426365774e-02
1.781615538776349858e-02
8.662656424527405766e-03
5.750010959378807143e-03
7.271362199368495635e-03
1.819133612258791791e-02
1.500447840338012956e-02
7.881696124474528442e-03
6.222294774433478892e-03
1.117222655281494871e-02
6.915719360933630065e-03
6.387495996467620202e-03
2.292494983749706478e-02
1.046159147234624644e-02
4.666014036427791785e-03
3.277033787122353350e-03
6.750039759069976358e-03
1.534402068071024500e-02
1.870197917840133936e-02
1.032103483989333347e-02
4.990519929997779859e-03
3.406876154865240078e-03
8.983284635331415316e-03
1.626366994548616648e-02
1.032836656009523263e-02
8.142775630852045615e-03
5.350424262503633739e-03
1.039207653666368407e-02
4.455567489948494657e-03
7.754517483450513180e-04
6.315478278377307554e-04
3.869110761744944831e-04
3.545175644778596311e-04
4.579943453428889089e-02
5.929780766268262331e-03
1.054653271418185163e-02
3.887434116845357116e-03
7.567365435983974126e-03
6.611625195960799985e-03
1.814312707294101976e-02
6.064265932694610020e-03
