4.146941659203756680e-01
2.014058094425635881e-01
1.594108945474179417e-01
1.338940306552476867e-01
1.485630672315027823e-01
1.229736859233323126e-01
1.281048361837401062e-01
1.046231241221689534e-01
1.189319768211985762e-01
9.924075301480424216e-02
1.064789380040429001e-01
1.016109385505307994e-01
1.044971881999757074e-01
9.450838696833917252e-02
9.465889271744196143e-02
9.960811259648469362e-02
9.217849723774723669e-02
8.545701751905880605e-02
8.588091587251743542e-02
9.834840023876624537e-02
8.310345198022366098e-02
8.143777630540340040e-02
8.105599587737351286e-02
7.415591420791720068e-02
7.718429986291951150e-02
7.371219281037530435e-02
7.488020936945835593e-02
7.019784806053193382e-02
7.208275163506808192e-02
6.957200276008315698e-02
6.752584505488609667e-02
6.254307726628205444e-02
7.184692644695421515e-02
6.933282235987682507e-02
6.678705007917710990e-02
5.388277980208829032e-02
5.901463760586998786e-02
5.732742772062038999e-02
6.154877449862283800e-02
4.951409078383468138e-02
5.071807152555390247e-02
4.799747903669247112e-02
5.067695798893816217e-02
4.170880890576506017e-02
4.987327356884547341e-02
4.719812016470921467e-02
4.641727557337504972e-02
5.024004487934176366e-02
4.335350633281127852e-02
3.930843068046785405e-02
3.536889950913334885e-02
4.242805151986910744e-02
3.720148689466312025e-02
3.089172825600928693e-02
3.649476856865689622e-02
2.973904821131413689e-02
2.961858582414653857e-02
3.013660774896530573e-02
2.775317158493309164e-02
3.384704949473005958e-02
2.849690476932028108e-02
2.245605467423100743e-02
2.244531729307032777e-02
2.415711771471469246e-02
2.346074380465114351e-02
2.359655109681687776e-02
2.648037703469155110e-02
3.508628467391920053e-02
2.596425996771491509e-02
1.867943718539166742e-02
2.335482962968885370e-02
1.832737984339197213e-02
1.825426957524625346e-02
2.735211432994148761e-02
1.665133473909557668e-02
1.479285102417722889e-02
1.221546821934352267e-02
9.592906891373943409e-03
1.400540123621419122e-02
1.806952188913773724e-02
1.968085217826609501e-02
1.230044694012368857e-02
1.039468957722351414e-02
1.075367574173969644e-02
1.968169895355604410e-02
2.793577346947724235e-02
1.079178642155359871e-02
9.845181733607344735e-03
1.498556068151674601e-02
1.423595821072123034e-02
2.342129925168750723e-02
1.494367443511565759e-02
1.001388317957418485e-02
6.415978835584867923e-03
6.517154935710653754e-03
8.544554180649581443e-03
1.360597554955883179e-02
9.478678714977472122e-03
9.962359342212224328e-03
1.499901892000903882e-02
1.753117821755138458e-02
1.070203715361539749e-02
5.987368251800444068e-03
2.554970414097885913e-03
2.527544956693896470e-03
3.944325577781229372e-03
6.695311760190252558e-03
2.402737704899778406e-02
1.164384914863379923e-02
1.510089882349254127e-02
7.574380477265176513e-03
3.340869031666101382e-03
5.247169915258220220e-03
9.644342911104924337e-03
8.435684906549448941e-03
6.611207898186533850e-03
5.668465195190763861e-03
1.131131011230277796e-02
6.905072472845012223e-03
7.816085812491173693e-03
1.835838795664411147e-02
1.025605498579667402e-02
3.362398428089336064e-03
3.359691152489759688e-03
8.087629969870778132e-03
3.137560926900768120e-03
5.083877974177161349e-03
4.320593888806568451e-03
4.081890089121437137e-03
4.476403981255759265e-03
6.264422099828557272e-03
8.420937542640007448e-03
1.472179779956651891e-02
9.082033262558870251e-03
6.779005383187966874e-03
5.202749945961576000e-03
2.964019376828431335e-03
2.485237361075718319e-03
5.407132174042448246e-03
7.520228504526610923e-03
9.789457990029219736e-03
2.659354330090187447e-03
1.602561782603611215e-03
1.365753783179914950e-03
1.291080176341839790e-03
1.260519004015333297e-03
1.240682003534686979e-03
1.265801613274179479e-03
1.234746591177641236e-03
1.201609503257994272e-03
