1.314984709024429321e-01
3.211009204387664795e-01
3.853211104869842529e-01
4.892966449260711670e-01
4.984709620475769043e-01
5.321100950241088867e-01
5.443425178527832031e-01
6.024464964866638184e-01
5.535168051719665527e-01
6.055045723915100098e-01
5.688073635101318359e-01
6.177369952201843262e-01
6.269113421440124512e-01
6.360856294631958008e-01
6.238532066345214844e-01
6.269113421440124512e-01
6.207951307296752930e-01
6.360856294631958008e-01
6.483180522918701172e-01
6.085627079010009766e-01
6.422018408775329590e-01
6.452599167823791504e-01
6.422018408775329590e-01
6.666666865348815918e-01
6.636085510253906250e-01
6.360856294631958008e-01
6.666666865348815918e-01
6.574923396110534668e-01
6.819571852684020996e-01
6.666666865348815918e-01
6.666666865348815918e-01
6.972476840019226074e-01
6.880733966827392578e-01
6.513761281967163086e-01
6.972476840019226074e-01
7.155963182449340820e-01
7.431192398071289062e-01
6.941896080970764160e-01
6.850152611732482910e-01
7.553516626358032227e-01
7.461773753166198730e-01
7.859327197074890137e-01
7.370030283927917480e-01
7.798165082931518555e-01
7.461773753166198730e-01
7.553516626358032227e-01
7.737002968788146973e-01
7.614678740501403809e-01
7.553516626358032227e-01
8.042813539505004883e-01
8.165137767791748047e-01
7.798165082931518555e-01
8.012232184410095215e-01
8.501529097557067871e-01
8.103975653648376465e-01
8.470947742462158203e-01
8.379204869270324707e-01
8.318042755126953125e-01
8.440366983413696289e-01
8.134556412696838379e-01
8.562691211700439453e-01
8.807339668273925781e-01
8.776758313179016113e-01
8.715596199035644531e-01
8.746177554130554199e-01
8.807339668273925781e-01
8.409786224365234375e-01
8.348624110221862793e-01
8.593271970748901367e-01
8.990825414657592773e-01
8.929663896560668945e-01
8.960244655609130859e-01
8.868501782417297363e-01
8.868501782417297363e-01
9.021406769752502441e-01
9.051987528800964355e-01
9.357798099517822266e-01
9.418960213661193848e-01
9.235473871231079102e-01
9.021406769752502441e-01
9.021406769752502441e-01
9.388379454612731934e-01
9.388379454612731934e-01
9.418960213661193848e-01
9.113149642944335938e-01
8.746177554130554199e-01
9.541284441947937012e-01
9.510703086853027344e-01
9.327217340469360352e-01
9.296635985374450684e-01
9.174311757087707520e-01
9.204893112182617188e-01
9.541284441947937012e-01
9.724770784378051758e-01
9.724770784378051758e-01
9.602446556091308594e-01
9.388379454612731934e-01
9.541284441947937012e-01
9.449541568756103516e-01
9.418960213661193848e-01
9.143730998039245605e-01
9.510703086853027344e-01
9.755351543426513672e-01
1.000000000000000000e+00
9.938837885856628418e-01
9.877675771713256836e-01
9.724770784378051758e-01
9.174311757087707520e-01
9.418960213661193848e-01
9.266055226325988770e-01
9.633027315139770508e-01
9.908257126808166504e-01
9.694189429283142090e-01
9.418960213661193848e-01
9.571865200996398926e-01
9.724770784378051758e-01
9.755351543426513672e-01
9.418960213661193848e-01
9.694189429283142090e-01
9.633027315139770508e-01
9.235473871231079102e-01
9.480122327804565430e-01
9.938837885856628418e-01
9.847095012664794922e-01
9.663608670234680176e-01
9.908257126808166504e-01
9.633027315139770508e-01
9.816513657569885254e-01
9.847095012664794922e-01
9.816513657569885254e-01
9.755351543426513672e-01
9.724770784378051758e-01
9.357798099517822266e-01
9.571865200996398926e-01
9.724770784378051758e-01
9.816513657569885254e-01
9.908257126808166504e-01
9.938837885856628418e-01
9.755351543426513672e-01
9.724770784378051758e-01
9.510703086853027344e-01
9.969419240951538086e-01
9.969419240951538086e-01
1.000000000000000000e+00
1.000000000000000000e+00
1.000000000000000000e+00
1.000000000000000000e+00
1.000000000000000000e+00
1.000000000000000000e+00
1.000000000000000000e+00
