2.517358749165018658e-02
9.956767892090958444e-03
7.444337035002513564e-03
8.495687246089716343e-03
6.993573810502752910e-03
3.164036179455658078e-03
3.804997217496524763e-03
3.577247940583764933e-03
4.155853804710905701e-03
2.841711056513938731e-03
6.557867133050729498e-03
4.757269750938022436e-03
3.749892888926366873e-03
4.270691540210058181e-03
2.020032711574720752e-03
1.451893093741939665e-03
2.128106091598287817e-03
5.041014633837466799e-03
4.766520384545655520e-03
1.234497254321837443e-03
1.117096167753418726e-03
1.294494661700861405e-03
1.165494604759622580e-03
1.752799842164123141e-03
4.868194449137390641e-03
5.647539693085355632e-03
1.145013586031262643e-03
1.055559787411844246e-03
1.180262043667972948e-03
1.954603307649599876e-03
4.941049832991129508e-03
3.582931147179620624e-03
2.958252404413298179e-03
1.638168133226671624e-03
9.979785858902157428e-03
3.306195928332227550e-03
1.794277359986675606e-03
3.404328557612999913e-03
3.548605455998118854e-03
1.170004459207417847e-03
9.812307845473661281e-04
9.835155439681607902e-04
9.673790214206501748e-04
9.517927751107447100e-04
9.499481433379809627e-04
9.510855082732136163e-04
9.286486090384574871e-04
9.214852795017860728e-04
1.012180031927349764e-03
1.068876285562185514e-03
