9.395973086357116699e-01
9.271523356437683105e-01
9.533333182334899902e-01
9.477124214172363281e-01
9.668874144554138184e-01
9.801324605941772461e-01
9.801324605941772461e-01
9.675324559211730957e-01
9.803921580314636230e-01
9.801324605941772461e-01
9.733333587646484375e-01
9.551281929016113281e-01
9.800000190734863281e-01
9.668874144554138184e-01
1.000000000000000000e+00
9.934640526771545410e-01
9.933775067329406738e-01
9.605262875556945801e-01
9.736841917037963867e-01
1.000000000000000000e+00
1.000000000000000000e+00
9.934210777282714844e-01
9.934640526771545410e-01
9.933775067329406738e-01
9.801324605941772461e-01
9.668874144554138184e-01
1.000000000000000000e+00
1.000000000000000000e+00
9.934640526771545410e-01
9.933775067329406738e-01
9.735099077224731445e-01
9.675324559211730957e-01
9.673202633857727051e-01
9.933775067329406738e-01
9.480519294738769531e-01
9.800000190734863281e-01
9.934210777282714844e-01
9.867549538612365723e-01
9.803921580314636230e-01
9.934640526771545410e-01
1.000000000000000000e+00
1.000000000000000000e+00
1.000000000000000000e+00
1.000000000000000000e+00
1.000000000000000000e+00
1.000000000000000000e+00
1.000000000000000000e+00
1.000000000000000000e+00
1.000000000000000000e+00
1.000000000000000000e+00
