9.738677553764434058e-02
5.035434499233874817e-02
4.179541066548969619e-02
3.407819472773365027e-02
3.589039570428661369e-02
2.975878544983346849e-02
2.977153910001651901e-02
2.955623977145573414e-02
3.300312357764797339e-02
2.768323197870818653e-02
2.902810204226638144e-02
2.257671041801922671e-02
2.574960214658117072e-02
2.208940526176127184e-02
2.595444714615803214e-02
2.196868444953728808e-02
2.292580728664740664e-02
2.068388605090706184e-02
2.026323287741317938e-02
2.232177638426513511e-02
1.819526497013535665e-02
2.236668888295304664e-02
1.829823599775918380e-02
2.254918350510779976e-02
2.200216104852916604e-02
1.430972866532445077e-02
1.586099739957345933e-02
1.413733867556270923e-02
2.121821251603426758e-02
1.843670634482609191e-02
1.587618206345316890e-02
1.611000261676153247e-02
1.295351219513058913e-02
1.680052536987095002e-02
1.403279082081127643e-02
1.259844779949534366e-02
1.256210747275217712e-02
1.320398903146258532e-02
1.136735280767178259e-02
1.350710432726434478e-02
1.285687374600320149e-02
1.482928491086753578e-02
1.048786589552934759e-02
9.779199925291482895e-03
1.060099841217347107e-02
1.090740377411778504e-02
1.265015707305169358e-02
9.902344186972123971e-03
8.908352493414725334e-03
1.036580839706971978e-02
9.076648582590021025e-03
1.045776753782418945e-02
7.255859681447128680e-03
1.212102720417185947e-02
6.385681053578325626e-03
6.977933406414682689e-03
7.045142901701287319e-03
7.613295957678771313e-03
9.215676076069512571e-03
6.937042635686834803e-03
6.680961128501233977e-03
4.866008536014963110e-03
4.801011878431509818e-03
6.417153699749670627e-03
6.193370147781335905e-03
6.230710523107581972e-03
5.377331442213998877e-03
5.367347476509414135e-03
1.322247595876766685e-02
5.066739320119526165e-03
5.042478494041013372e-03
6.231066326366850594e-03
8.986817980282529872e-03
5.356970429017845516e-03
3.276022033798994381e-03
4.702737124890544324e-03
6.890270563411486290e-03
4.630847735856176775e-03
2.858157837727893190e-03
4.162999523409537626e-03
3.606477487507168608e-03
7.253950185115379083e-03
3.961780548453396229e-03
5.237481863077874354e-03
4.442820797552160701e-03
3.161647657116550044e-03
2.757546989888488061e-03
7.893355834855670175e-03
4.274116939315481846e-03
4.717994142586907219e-03
3.151428526885449721e-03
3.352749005845288149e-03
3.237504933150774956e-03
4.325351766056020550e-03
5.978534144331267182e-03
5.750192595267601160e-03
3.483520396306727818e-03
3.693436285035949732e-03
3.524294009847925725e-03
2.690932417984735411e-03
1.870081693863000260e-03
2.718543509098362339e-03
1.512692243899400402e-03
2.109078812407331419e-03
1.568445572919423183e-03
4.238118244681258681e-03
1.979659808547658013e-03
5.065783279254281075e-03
5.748033619468442303e-03
5.427952433776623772e-03
4.637612414471466854e-03
2.387924813237555025e-03
2.329479593494881897e-03
3.201355474120350965e-03
1.649051971143201782e-03
1.321657372157729717e-03
1.668454345470814270e-03
6.749032590718475515e-04
3.164182895870712442e-03
3.016403302980450590e-03
1.552067095373493247e-03
3.263587111073963480e-03
4.980721489088950349e-03
3.441371650021725175e-03
7.394965582485423048e-04
7.450223604230396361e-04
6.630618829310689147e-04
1.983284377619416727e-03
8.638601578657071137e-03
2.638217845203055540e-03
2.144517974199664813e-03
1.671029811703034305e-03
9.071483743732795379e-04
3.886195339814325174e-04
4.019728628394018434e-03
4.262197333947805727e-03
2.797919698639014536e-03
3.778272197041196347e-03
3.070046235905472126e-03
5.450441257081117125e-03
2.607766516955046555e-03
2.857243620987744061e-03
8.746276739658486246e-04
1.663102888563275329e-03
1.043625168339217847e-03
1.715235078500435819e-03
2.559152565540017896e-03
3.489472040039482336e-04
8.170148609357663844e-04
4.437187776712090141e-04
