4.504504427313804626e-02
1.621621549129486084e-01
2.882882952690124512e-01
3.513513505458831787e-01
3.963963985443115234e-01
4.234234094619750977e-01
4.594594538211822510e-01
4.594594538211822510e-01
4.774774909019470215e-01
5.135135054588317871e-01
5.405405163764953613e-01
5.495495200157165527e-01
5.405405163764953613e-01
5.945945978164672852e-01
5.585585832595825195e-01
5.585585832595825195e-01
5.045045018196105957e-01
6.396396160125732422e-01
6.576576828956604004e-01
6.126126050949096680e-01
6.756756901741027832e-01
5.855855941772460938e-01
6.396396160125732422e-01
6.036036014556884766e-01
6.036036014556884766e-01
7.117117047309875488e-01
7.117117047309875488e-01
6.666666865348815918e-01
6.036036014556884766e-01
6.486486196517944336e-01
6.396396160125732422e-01
6.756756901741027832e-01
7.297297120094299316e-01
6.846846938133239746e-01
7.387387156486511230e-01
7.477477192878723145e-01
7.207207083702087402e-01
7.207207083702087402e-01
7.387387156486511230e-01
7.387387156486511230e-01
7.117117047309875488e-01
7.117117047309875488e-01
7.657657861709594727e-01
8.288288116455078125e-01
8.018018007278442383e-01
7.477477192878723145e-01
7.837837934494018555e-01
8.108108043670654297e-01
8.108108043670654297e-01
7.837837934494018555e-01
7.837837934494018555e-01
7.927927970886230469e-01
8.558558821678161621e-01
7.567567825317382812e-01
8.828828930854797363e-01
8.468468189239501953e-01
8.648648858070373535e-01
8.198198080062866211e-01
8.018018007278442383e-01
8.558558821678161621e-01
8.918918967247009277e-01
8.918918967247009277e-01
8.738738894462585449e-01
8.828828930854797363e-01
8.648648858070373535e-01
8.828828930854797363e-01
8.738738894462585449e-01
8.918918967247009277e-01
7.927927970886230469e-01
8.648648858070373535e-01
8.828828930854797363e-01
8.738738894462585449e-01
8.108108043670654297e-01
9.009009003639221191e-01
9.369369149208068848e-01
8.918918967247009277e-01
8.558558821678161621e-01
9.189189076423645020e-01
9.369369149208068848e-01
9.279279112815856934e-01
9.189189076423645020e-01
8.648648858070373535e-01
9.279279112815856934e-01
8.918918967247009277e-01
9.189189076423645020e-01
9.459459185600280762e-01
9.189189076423645020e-01
8.738738894462585449e-01
9.009009003639221191e-01
9.279279112815856934e-01
9.279279112815856934e-01
9.189189076423645020e-01
9.189189076423645020e-01
8.918918967247009277e-01
9.009009003639221191e-01
9.009009003639221191e-01
9.189189076423645020e-01
9.369369149208068848e-01
9.099099040031433105e-01
9.459459185600280762e-01
9.729729890823364258e-01
9.549549818038940430e-01
9.729729890823364258e-01
9.639639854431152344e-01
9.729729890823364258e-01
9.099099040031433105e-01
9.459459185600280762e-01
9.189189076423645020e-01
8.918918967247009277e-01
9.279279112815856934e-01
8.918918967247009277e-01
9.459459185600280762e-01
9.459459185600280762e-01
9.279279112815856934e-01
9.729729890823364258e-01
9.819819927215576172e-01
9.729729890823364258e-01
9.909909963607788086e-01
9.369369149208068848e-01
9.369369149208068848e-01
9.729729890823364258e-01
9.549549818038940430e-01
9.189189076423645020e-01
9.459459185600280762e-01
1.000000000000000000e+00
9.909909963607788086e-01
9.909909963607788086e-01
9.639639854431152344e-01
9.009009003639221191e-01
9.279279112815856934e-01
9.729729890823364258e-01
9.729729890823364258e-01
9.819819927215576172e-01
9.909909963607788086e-01
9.189189076423645020e-01
9.369369149208068848e-01
9.639639854431152344e-01
9.189189076423645020e-01
9.459459185600280762e-01
9.279279112815856934e-01
9.459459185600280762e-01
9.549549818038940430e-01
9.909909963607788086e-01
9.729729890823364258e-01
9.819819927215576172e-01
9.549549818038940430e-01
9.369369149208068848e-01
1.000000000000000000e+00
9.909909963607788086e-01
9.909909963607788086e-01
