1.477832533419132233e-02
8.064515888690948486e-03
3.773584961891174316e-02
2.898550778627395630e-02
6.060606241226196289e-02
1.343283653259277344e-01
4.918032884597778320e-02
6.666667014360427856e-02
1.940298527479171753e-01
1.063829809427261353e-01
1.509433984756469727e-01
1.791044771671295166e-01
2.166666686534881592e-01
2.295081913471221924e-01
1.967213153839111328e-01
2.624999880790710449e-01
3.484848439693450928e-01
2.876712381839752197e-01
3.209876418113708496e-01
3.600000143051147461e-01
3.975903689861297607e-01
3.797468245029449463e-01
3.855421543121337891e-01
4.197530746459960938e-01
3.229166567325592041e-01
4.536082446575164795e-01
5.046728849411010742e-01
4.430379867553710938e-01
6.039603948593139648e-01
4.561403393745422363e-01
5.648148059844970703e-01
5.858585834503173828e-01
5.185185074806213379e-01
5.378151535987854004e-01
5.619834661483764648e-01
5.759999752044677734e-01
5.403226017951965332e-01
6.240000128746032715e-01
5.555555820465087891e-01
6.076923012733459473e-01
6.099290847778320312e-01
6.299212574958801270e-01
6.107382774353027344e-01
6.299212574958801270e-01
6.518518328666687012e-01
6.486486196517944336e-01
6.642857193946838379e-01
6.153846383094787598e-01
6.643835902214050293e-01
6.690140962600708008e-01
7.058823704719543457e-01
6.510066986083984375e-01
6.666666865348815918e-01
6.762589812278747559e-01
7.333333492279052734e-01
7.218543291091918945e-01
7.549669146537780762e-01
7.400000095367431641e-01
7.070063948631286621e-01
7.586206793785095215e-01
7.592592835426330566e-01
7.707006335258483887e-01
7.435897588729858398e-01
7.721518874168395996e-01
7.437499761581420898e-01
7.195122241973876953e-01
7.247191071510314941e-01
7.692307829856872559e-01
7.804877758026123047e-01
7.803468108177185059e-01
7.559523582458496094e-01
7.836257219314575195e-01
7.637362480163574219e-01
7.637362480163574219e-01
7.556818127632141113e-01
8.066298365592956543e-01
8.097826242446899414e-01
7.650273442268371582e-01
8.360655903816223145e-01
7.487179636955261230e-01
7.741935253143310547e-01
8.674033284187316895e-01
8.191489577293395996e-01
7.989690899848937988e-01
8.010203838348388672e-01
8.051282167434692383e-01
8.205128312110900879e-01
8.484848737716674805e-01
8.000000119209289551e-01
8.564593195915222168e-01
8.195121884346008301e-01
8.434343338012695312e-01
8.509615659713745117e-01
8.904761672019958496e-01
8.443396091461181641e-01
8.358209133148193359e-01
8.803827762603759766e-01
8.651162981986999512e-01
8.349056839942932129e-01
8.773584961891174316e-01
8.483412265777587891e-01
9.178082346916198730e-01
9.209302067756652832e-01
8.815789222717285156e-01
8.663594722747802734e-01
8.584070801734924316e-01
9.090909361839294434e-01
8.888888955116271973e-01
9.147982001304626465e-01
8.288288116455078125e-01
9.047619104385375977e-01
8.642534017562866211e-01
9.513274431228637695e-01
9.276018142700195312e-01
8.815789222717285156e-01
8.628318309783935547e-01
9.358974099159240723e-01
8.584070801734924316e-01
9.145299196243286133e-01
9.324324131011962891e-01
9.082969427108764648e-01
9.230769276618957520e-01
8.684210777282714844e-01
9.159291982650756836e-01
9.652174115180969238e-01
9.743589758872985840e-01
9.130434989929199219e-01
9.375000000000000000e-01
8.805309534072875977e-01
9.074890017509460449e-01
9.396551847457885742e-01
9.288703203201293945e-01
9.310345053672790527e-01
9.067796468734741211e-01
9.227467775344848633e-01
9.264069199562072754e-01
9.399141669273376465e-01
9.453781247138977051e-01
9.170305728912353516e-01
9.698275923728942871e-01
9.220778942108154297e-01
9.033613204956054688e-01
9.250000119209289551e-01
9.356223344802856445e-01
9.456067085266113281e-01
9.090909361839294434e-01
9.300411343574523926e-01
9.615384340286254883e-01
9.414225816726684570e-01
9.449152350425720215e-01
