1.244813296943902969e-02
4.149377811700105667e-03
1.659751124680042267e-02
8.298755623400211334e-03
1.659751124680042267e-02
3.734439983963966370e-02
1.244813296943902969e-02
1.659751124680042267e-02
5.394190922379493713e-02
2.074688859283924103e-02
3.319502249360084534e-02
4.979253187775611877e-02
5.394190922379493713e-02
5.809128656983375549e-02
4.979253187775611877e-02
8.713693171739578247e-02
9.543568640947341919e-02
8.713693171739578247e-02
1.078838184475898743e-01
1.120331957936286926e-01
1.369294673204421997e-01
1.244813278317451477e-01
1.327800899744033813e-01
1.410788446664810181e-01
1.286307126283645630e-01
1.825726181268692017e-01
2.240663915872573853e-01
1.452282220125198364e-01
2.531120479106903076e-01
2.157676368951797485e-01
2.531120479106903076e-01
2.406639009714126587e-01
2.323651462793350220e-01
2.655601799488067627e-01
2.821576893329620361e-01
2.987551987171173096e-01
2.780083119869232178e-01
3.236514627933502197e-01
2.904564440250396729e-01
3.278008401393890381e-01
3.568464815616607666e-01
3.319502174854278564e-01
3.775933682918548584e-01
3.319502174854278564e-01
3.651452362537384033e-01
3.983402550220489502e-01
3.858921229839324951e-01
3.319502174854278564e-01
4.024896323680877686e-01
3.941908776760101318e-01
3.983402550220489502e-01
4.024896323680877686e-01
4.066390097141265869e-01
3.900415003299713135e-01
4.564315378665924072e-01
4.522821605205535889e-01
4.730290472507476807e-01
4.605809152126312256e-01
4.605809152126312256e-01
4.564315378665924072e-01
5.103734731674194336e-01
5.020747184753417969e-01
4.813278019428253174e-01
5.062240958213806152e-01
4.937759339809417725e-01
4.896265566349029541e-01
5.352697372436523438e-01
4.979253113269805908e-01
5.311203598976135254e-01
5.601660013198852539e-01
5.269709825515747070e-01
5.560166239738464355e-01
5.767635107040405273e-01
5.767635107040405273e-01
5.518672466278076172e-01
6.058091521263122559e-01
6.182572841644287109e-01
5.809128880500793457e-01
6.348547935485839844e-01
6.058091521263122559e-01
5.975103974342346191e-01
6.514523029327392578e-01
6.390041708946228027e-01
6.431535482406616211e-01
6.514523029327392578e-01
6.514523029327392578e-01
6.639004349708557129e-01
6.970954537391662598e-01
6.804979443550109863e-01
7.427386045455932617e-01
6.970954537391662598e-01
6.929460763931274414e-01
7.344398498535156250e-01
7.759336233139038086e-01
7.427386045455932617e-01
6.970954537391662598e-01
7.634854912757873535e-01
7.717842459678649902e-01
7.344398498535156250e-01
7.717842459678649902e-01
7.427386045455932617e-01
8.340249061584472656e-01
8.215767741203308105e-01
8.340249061584472656e-01
7.800830006599426270e-01
8.049792647361755371e-01
8.298755288124084473e-01
7.966805100440979004e-01
8.464730381965637207e-01
7.634854912757873535e-01
8.672199249267578125e-01
7.925311326980590820e-01
8.921161890029907227e-01
8.506224155426025391e-01
8.340249061584472656e-01
8.091286420822143555e-01
9.087136983871459961e-01
8.049792647361755371e-01
8.879668116569519043e-01
8.589211702346801758e-01
8.630705475807189941e-01
8.962655663490295410e-01
8.215767741203308105e-01
8.589211702346801758e-01
9.211618304252624512e-01
9.460580945014953613e-01
8.713693022727966309e-01
8.713693022727966309e-01
8.257261514663696289e-01
8.547717928886413574e-01
9.045643210411071777e-01
9.211618304252624512e-01
8.962655663490295410e-01
8.879668116569519043e-01
8.921161890029907227e-01
8.879668116569519043e-01
9.087136983871459961e-01
9.336099624633789062e-01
8.713693022727966309e-01
9.336099624633789062e-01
8.838174343109130859e-01
8.921161890029907227e-01
9.211618304252624512e-01
9.045643210411071777e-01
9.377593398094177246e-01
8.713693022727966309e-01
9.377593398094177246e-01
9.336099624633789062e-01
9.336099624633789062e-01
9.253112077713012695e-01
