3.470158999812284623e-02
2.641283180487411994e-02
2.245736011418753009e-02
1.717436175141869720e-02
1.278976216093281361e-02
1.529121231726524206e-02
1.650332043405876303e-02
1.657450790194948259e-02
1.349490171801607727e-02
1.482979102678740231e-02
1.050685500684680508e-02
8.537241877207607868e-03
8.699524390990040837e-03
1.030030376953625787e-02
1.316452416930280304e-02
1.264714681791072153e-02
8.365035813763074118e-03
1.014839830540494037e-02
7.727535871056579082e-03
1.546556301913626190e-02
5.689100566186022431e-03
1.714900773098636949e-02
1.096258266031028758e-02
7.189723298884225823e-03
3.807292061008701010e-03
3.886731271728552893e-03
6.708193868851514488e-03
7.275461854598854784e-03
1.457423487429981325e-02
9.018963292491041436e-03
6.419772971941026599e-03
4.866678133416292920e-03
1.152412840444278636e-02
2.521480762726556121e-02
9.449129611344307331e-03
5.754839351503939979e-03
3.189898630877261061e-03
2.263435746023211795e-03
2.127329768371461795e-03
1.360043231002941401e-03
1.363108328493052883e-03
1.341752568303715811e-03
1.695300715795026308e-02
2.378896063104513417e-02
1.028164757473223716e-02
4.750923477439718615e-03
6.835864442965816461e-03
4.736066424278026488e-03
2.969944596708682868e-03
2.143446255562692776e-03
