9.564744234085083008e-01
9.609120488166809082e-01
9.597826004028320312e-01
9.815217256546020508e-01
9.837837815284729004e-01
9.741379022598266602e-01
9.750812649726867676e-01
9.761129021644592285e-01
9.751082062721252441e-01
9.762418866157531738e-01
9.827771782875061035e-01
9.880434870719909668e-01
9.881209731101989746e-01
9.816612601280212402e-01
9.793702363967895508e-01
9.751082062721252441e-01
9.913325905799865723e-01
9.806451797485351562e-01
9.902912378311157227e-01
9.687500000000000000e-01
9.946004152297973633e-01
9.729437232017517090e-01
9.816612601280212402e-01
9.902808070182800293e-01
9.924973249435424805e-01
9.978448152542114258e-01
9.870967864990234375e-01
9.860064387321472168e-01
9.751887917518615723e-01
9.881209731101989746e-01
9.881720542907714844e-01
9.924487471580505371e-01
9.806867241859436035e-01
9.672130942344665527e-01
9.816810488700866699e-01
9.913793206214904785e-01
9.967741966247558594e-01
9.978517889976501465e-01
9.989281892776489258e-01
1.000000000000000000e+00
1.000000000000000000e+00
1.000000000000000000e+00
9.784946441650390625e-01
9.599567055702209473e-01
9.838709831237792969e-01
9.925133585929870605e-01
9.892473220825195312e-01
9.903537034988403320e-01
9.957081675529479980e-01
9.978517889976501465e-01
