2.221759110689163208e-01
4.180908799171447754e-01
4.968737065792083740e-01
5.460608601570129395e-01
5.385577082633972168e-01
5.719049572944641113e-01
5.752396583557128906e-01
5.852438807487487793e-01
6.131721735000610352e-01
6.165068745613098145e-01
6.223426461219787598e-01
6.215089559555053711e-01
6.206752657890319824e-01
6.381825804710388184e-01
6.294289231300354004e-01
6.494372487068176270e-01
6.490204334259033203e-01
6.536056399345397949e-01
6.561067104339599609e-01
6.686119437217712402e-01
6.652771830558776855e-01
6.744477152824401855e-01
6.781992316246032715e-01
7.007086277008056641e-01
6.907044649124145508e-01
6.886202692985534668e-01
7.015423178672790527e-01
7.061275243759155273e-01
7.115464806556701660e-01
7.102959752082824707e-01
7.090454101562500000e-01
7.144643664360046387e-01
7.148811817169189453e-01
7.144643664360046387e-01
7.240517139434814453e-01
7.132138609886169434e-01
7.315548062324523926e-01
7.353063821792602539e-01
7.353063821792602539e-01
7.369737625122070312e-01
7.415589690208435059e-01
7.419758439064025879e-01
7.515631318092346191e-01
7.461442351341247559e-01
7.649020552635192871e-01
7.528136968612670898e-01
7.607336640357971191e-01
7.457273602485656738e-01
7.703209519386291504e-01
7.732388377189636230e-01
7.582325935363769531e-01
7.674030661582946777e-01
7.740725278854370117e-01
7.799082994461059570e-01
7.686536312103271484e-01
7.753230333328247070e-01
7.853271961212158203e-01
7.786577939987182617e-01
7.865777611732482910e-01
7.878282666206359863e-01
7.932471632957458496e-01
7.965819239616394043e-01
8.011671304702758789e-01
8.128386735916137695e-01
8.015840053558349609e-01
8.120049834251403809e-01
8.115881681442260742e-01
8.199249505996704102e-01
8.261775970458984375e-01
8.299291133880615234e-01
8.249270319938659668e-01
8.378490805625915527e-01
8.315964937210083008e-01
8.261775970458984375e-01
8.390996456146240234e-01
8.436848521232604980e-01
8.528553843498229980e-01
8.570237755775451660e-01
8.399332761764526367e-01
8.649437427520751953e-01
8.645268678665161133e-01
8.616089820861816406e-01
8.561900854110717773e-01
8.795331120491027832e-01
8.887036442756652832e-01
8.870362639427185059e-01
8.791162967681884766e-01
8.912046551704406738e-01
9.007920026779174805e-01
8.999583125114440918e-01
8.995414972305297852e-01
9.053772687911987305e-01
9.049603939056396484e-01
9.107961654663085938e-01
9.203835129737854004e-01
9.112129807472229004e-01
9.220508337020874023e-01
9.199666380882263184e-01
9.195498228073120117e-01
9.241350293159484863e-01
9.424760341644287109e-01
9.391413331031799316e-01
9.403918385505676270e-01
9.420592188835144043e-01
9.387244582176208496e-01
9.324718713760375977e-01
9.441434144973754883e-01
9.578991532325744629e-01
9.412255287170410156e-01
9.424760341644287109e-01
9.503960013389587402e-01
9.595664739608764648e-01
9.424760341644287109e-01
9.553980827331542969e-01
9.616506695747375488e-01
9.658191204071044922e-01
9.666527509689331055e-01
9.729053974151611328e-01
9.629012346267700195e-01
9.487286210060119629e-01
9.574822783470153809e-01
9.670696258544921875e-01
9.599833488464355469e-01
9.558148980140686035e-01
9.824926853179931641e-01
9.658191204071044922e-01
9.612338542938232422e-01
9.691538214683532715e-01
9.837432503700256348e-01
9.637348651885986328e-01
9.791579842567443848e-01
9.462276101112365723e-01
9.645685553550720215e-01
9.812421798706054688e-01
9.904126524925231934e-01
9.553980827331542969e-01
9.729053974151611328e-01
9.679033160209655762e-01
9.804084897041320801e-01
9.862442612648010254e-01
9.812421798706054688e-01
9.783242940902709961e-01
9.545643925666809082e-01
9.816589951515197754e-01
9.779074788093566895e-01
9.762400984764099121e-01
9.841600656509399414e-01
9.795747995376586914e-01
9.799916744232177734e-01
9.708212018013000488e-01
