1.070967763662338257e-01
2.564102709293365479e-01
4.155251085758209229e-01
4.724409580230712891e-01
6.065359711647033691e-01
6.271637678146362305e-01
6.296758055686950684e-01
6.839506030082702637e-01
7.366504669189453125e-01
7.031801939010620117e-01
7.539015412330627441e-01
7.673031091690063477e-01
7.785547971725463867e-01
7.851335406303405762e-01
7.894130945205688477e-01
7.986029982566833496e-01
7.902330756187438965e-01
8.115124106407165527e-01
8.275476098060607910e-01
8.457207083702087402e-01
8.490990996360778809e-01
8.654708266258239746e-01
8.672566413879394531e-01
8.504983186721801758e-01
8.805803656578063965e-01
8.873085379600524902e-01
8.918322324752807617e-01
8.748627901077270508e-01
8.881506323814392090e-01
8.904709815979003906e-01
8.985667228698730469e-01
8.960612416267395020e-01
8.799126744270324707e-01
9.038251638412475586e-01
9.076923131942749023e-01
9.122806787490844727e-01
8.832432627677917480e-01
9.072052240371704102e-01
9.019396305084228516e-01
9.245901703834533691e-01
8.988030552864074707e-01
9.121844172477722168e-01
9.207383394241333008e-01
9.145673513412475586e-01
9.242590665817260742e-01
9.055374860763549805e-01
9.278688430786132812e-01
9.162191152572631836e-01
9.094827771186828613e-01
9.263607263565063477e-01
9.173820018768310547e-01
9.315217137336730957e-01
9.342826008796691895e-01
9.160387516021728516e-01
9.387096762657165527e-01
9.336188435554504395e-01
9.339722990989685059e-01
9.294871687889099121e-01
9.443255066871643066e-01
9.416846632957458496e-01
9.453375935554504395e-01
9.416136145591735840e-01
9.499467611312866211e-01
9.395900964736938477e-01
9.506437778472900391e-01
9.572649598121643066e-01
9.423692822456359863e-01
9.626068472862243652e-01
9.387755393981933594e-01
9.513227343559265137e-01
9.518201351165771484e-01
9.481481313705444336e-01
9.521785378456115723e-01
9.562433362007141113e-01
9.447982907295227051e-01
9.669156670570373535e-01
9.693769812583923340e-01
9.375000000000000000e-01
9.746568202972412109e-01
9.809321761131286621e-01
9.713982939720153809e-01
9.535374641418457031e-01
9.652631282806396484e-01
9.586426019668579102e-01
9.683544039726257324e-01
9.737395048141479492e-01
9.873149991035461426e-01
9.660297036170959473e-01
9.540598392486572266e-01
9.734888672828674316e-01
9.746299982070922852e-01
9.821240901947021484e-01
9.821240901947021484e-01
9.788807034492492676e-01
9.619047641754150391e-01
9.674369692802429199e-01
9.724867939949035645e-01
9.747633934020996094e-01
9.703075289726257324e-01
9.716088175773620605e-01
9.744952321052551270e-01
9.737119078636169434e-01
9.724576473236083984e-01
9.632353186607360840e-01
9.704641103744506836e-01
9.811320900917053223e-01
9.841938614845275879e-01
9.801046848297119141e-01
9.832810759544372559e-01
9.873551130294799805e-01
9.894958138465881348e-01
9.717277288436889648e-01
9.683877825736999512e-01
9.633123874664306641e-01
9.739039540290832520e-01
9.809926152229309082e-01
9.780793190002441406e-01
9.831223487854003906e-01
9.779179692268371582e-01
9.695057868957519531e-01
9.905462265014648438e-01
9.885057210922241211e-01
9.832636117935180664e-01
9.800000190734863281e-01
9.926315546035766602e-01
9.947589039802551270e-01
9.863445162773132324e-01
9.778947234153747559e-01
9.654450416564941406e-01
9.789473414421081543e-01
9.748954176902770996e-01
9.926548004150390625e-01
9.947534203529357910e-01
9.916405677795410156e-01
9.632353186607360840e-01
9.746299982070922852e-01
9.884817004203796387e-01
9.874476790428161621e-01
9.831932783126831055e-01
9.926778078079223633e-01
9.989517927169799805e-01
1.000000000000000000e+00
1.000000000000000000e+00
9.989561438560485840e-01
9.852786660194396973e-01
9.393305182456970215e-01
9.810725450515747070e-01
9.801046848297119141e-01
9.874213933944702148e-01
9.863445162773132324e-01
