19
[0.9088146541877508, 0.9957096, 0.8662073]

21
[0.4769007803870433, 0.99159664, 0.9147287]

23
[0.5281723142156495, 0.9935325, 0.926213]

25
[0.4782360010358524, 0.9923711, 0.93367785]

27
[0.5759383910229856, 0.9938462, 0.9273615]

29
[0.478637775401737, 0.9953416, 0.9201838]

31
[0.40472196056024934, 0.99664736, 0.9388458]

33
[0.48813686404185386, 0.993865, 0.9302326]

vote:
precision= 0.9848033373063171
recall= 0.9488946310651737
f1= 0.9665155724521128

probability:
precision= 0.9987677141096735
recall= 0.9308067757680161
f1= 0.9635904294843216

