1.563243014339689430e-02
4.340785925908454725e-03
2.283897857768026757e-02
1.503741256040516498e-02
7.280007758133426495e-03
3.572032223613804715e-03
1.790681276810179856e-02
4.709975490829417834e-03
1.688037170680719082e-02
8.475260617670865929e-03
4.321881311164056834e-03
1.672209190405742757e-02
1.972415337611116773e-02
5.857848549158376460e-03
8.156921296312390560e-03
4.135354459630591339e-03
1.711319092902853153e-02
1.436805536204775573e-02
3.822892423008528856e-03
1.040274039919207930e-02
3.976607873406294395e-03
9.684631704573697097e-04
1.619811357367980861e-02
1.564835244423431332e-02
1.321518518506778657e-02
9.164185498326541529e-03
1.234824869529706388e-02
7.701469993790109950e-03
7.362516243692649766e-03
1.348453178552600114e-02
8.647147729303590602e-03
7.648709514037958096e-03
7.192120245112031997e-03
1.597767789799877866e-02
7.260140842078050515e-03
5.742934851463509828e-03
6.567735135558197372e-03
6.750411546517046460e-03
1.304651100925505354e-02
4.412663084157012784e-03
6.988032730051138390e-03
1.528730555663119009e-02
5.157033424640826945e-03
1.475720262809394933e-03
8.215481240149254821e-03
2.247836017487093302e-02
1.973716647944439434e-02
6.290266430790970691e-03
2.066181059479827147e-03
3.902706721614599816e-03
