9.716548323631286621e-01
9.941642284393310547e-01
9.612338542938232422e-01
9.741559028625488281e-01
9.883284568786621094e-01
9.954147338867187500e-01
9.666527509689331055e-01
9.920800328254699707e-01
9.712380170822143555e-01
9.833263754844665527e-01
9.929137229919433594e-01
9.770737886428833008e-01
9.712380170822143555e-01
9.899958372116088867e-01
9.866611361503601074e-01
9.924968481063842773e-01
9.716548323631286621e-01
9.762400984764099121e-01
9.920800328254699707e-01
9.824926853179931641e-01
9.929137229919433594e-01
9.995831847190856934e-01
9.758232831954956055e-01
9.716548323631286621e-01
9.799916744232177734e-01
9.833263754844665527e-01
9.770737886428833008e-01
9.874947667121887207e-01
9.862442612648010254e-01
9.770737886428833008e-01
9.862442612648010254e-01
9.874947667121887207e-01
9.883284568786621094e-01
9.720717072486877441e-01
9.879116415977478027e-01
9.908295273780822754e-01
9.883284568786621094e-01
9.887453317642211914e-01
9.799916744232177734e-01
9.912463426589965820e-01
9.887453317642211914e-01
9.762400984764099121e-01
9.924968481063842773e-01
9.974989295005798340e-01
9.874947667121887207e-01
9.645685553550720215e-01
9.712380170822143555e-01
9.895789623260498047e-01
9.962484240531921387e-01
9.949979186058044434e-01
