4.912280663847923279e-02
1.020408198237419128e-01
2.343096286058425903e-01
3.653136491775512695e-01
4.531250000000000000e-01
5.037037134170532227e-01
5.770609378814697266e-01
5.876288414001464844e-01
6.325088143348693848e-01
6.461039185523986816e-01
6.809210777282714844e-01
6.655518412590026855e-01
7.099999785423278809e-01
7.080745100975036621e-01
7.748344540596008301e-01
7.549669146537780762e-01
7.831715345382690430e-01
7.669903039932250977e-01
7.694703936576843262e-01
7.619047760963439941e-01
8.019169569015502930e-01
7.993730306625366211e-01
8.146964907646179199e-01
8.069620132446289062e-01
7.980769276618957520e-01
8.196202516555786133e-01
8.365384340286254883e-01
8.276923298835754395e-01
8.365384340286254883e-01
8.092307448387145996e-01
8.312101960182189941e-01
8.517349958419799805e-01
8.459119200706481934e-01
8.557993769645690918e-01
8.566977977752685547e-01
8.500000238418579102e-01
8.660436272621154785e-01
8.485804200172424316e-01
8.459119200706481934e-01
8.540372848510742188e-01
8.909657597541809082e-01
8.679245114326477051e-01
8.902821540832519531e-01
8.668730854988098145e-01
8.619632124900817871e-01
8.660436272621154785e-01
8.750000000000000000e-01
8.848484754562377930e-01
8.936170339584350586e-01
9.003115296363830566e-01
8.708708882331848145e-01
8.722741603851318359e-01
9.133126735687255859e-01
8.993902206420898438e-01
9.164086580276489258e-01
8.984615206718444824e-01
9.207317233085632324e-01
9.134328365325927734e-01
9.076923131942749023e-01
9.303797483444213867e-01
9.437500238418579102e-01
9.101796150207519531e-01
9.113149642944335938e-01
9.176829457283020020e-01
9.082568883895874023e-01
9.085545539855957031e-01
9.575757384300231934e-01
9.367470145225524902e-01
9.515151381492614746e-01
9.361702203750610352e-01
9.136904478073120117e-01
9.373134374618530273e-01
9.253731369972229004e-01
9.131736755371093750e-01
9.376854896545410156e-01
9.522387981414794922e-01
9.515151381492614746e-01
9.176470637321472168e-01
9.522387981414794922e-01
9.613095521926879883e-01
9.610778689384460449e-01
9.556213021278381348e-01
9.226190447807312012e-01
9.325513243675231934e-01
9.618768095970153809e-01
9.385964870452880859e-01
9.791666865348815918e-01
9.203540086746215820e-01
9.331395626068115234e-01
9.413489699363708496e-01
9.734513163566589355e-01
9.560117125511169434e-01
9.473684430122375488e-01
9.673590660095214844e-01
9.358600378036499023e-01
9.622092843055725098e-01
9.709302186965942383e-01
9.590643048286437988e-01
9.649122953414916992e-01
9.563953280448913574e-01
9.735293984413146973e-01
9.623188376426696777e-01
9.705014824867248535e-01
9.593023061752319336e-01
9.682080745697021484e-01
9.682080745697021484e-01
9.709302186965942383e-01
9.677419066429138184e-01
9.768115878105163574e-01
9.736841917037963867e-01
9.620991349220275879e-01
9.418604373931884766e-01
9.792284965515136719e-01
9.650145769119262695e-01
9.882698059082031250e-01
9.883720874786376953e-01
9.825581312179565430e-01
9.680232405662536621e-01
9.470587968826293945e-01
9.735293984413146973e-01
9.825581312179565430e-01
9.942029118537902832e-01
9.884058237075805664e-01
9.913544654846191406e-01
9.941860437393188477e-01
9.970845580101013184e-01
9.476743936538696289e-01
9.533527493476867676e-01
9.622092843055725098e-01
9.826086759567260742e-01
9.769452214241027832e-01
9.678362607955932617e-01
9.883040785789489746e-01
9.826589822769165039e-01
9.912790656089782715e-01
9.708454608917236328e-01
9.652174115180969238e-01
9.855072498321533203e-01
9.709302186965942383e-01
9.588235020637512207e-01
9.884058237075805664e-01
9.912790656089782715e-01
9.798271059989929199e-01
9.797101616859436035e-01
9.883720874786376953e-01
9.912790656089782715e-01
9.798850417137145996e-01
9.855491518974304199e-01
9.971014261245727539e-01
9.971098303794860840e-01
