4.338389917452671884e-01
2.695450773615890028e-01
2.410072210610191557e-01
2.144415664664637566e-01
1.799514248175628217e-01
1.805583172851384366e-01
1.661923468221222500e-01
1.680032343620083413e-01
1.514834388773174390e-01
1.503967501062538625e-01
1.469045352449913355e-01
1.526865287183978570e-01
1.413411725093739191e-01
1.314527851335811903e-01
1.321916015255394372e-01
1.279480447598311255e-01
1.331700600305963933e-01
1.158940636513277611e-01
1.518814763528585909e-01
1.224366195807459756e-01
1.093619764621239498e-01
1.132135518069616181e-01
1.228831990026226922e-01
1.038719883349153994e-01
1.135366512505278647e-01
1.112643498471533321e-01
1.176067628839932155e-01
1.091141539037689401e-01
9.964262579247178120e-02
1.025414096670993619e-01
1.086878560055325738e-01
9.650270466673377401e-02
9.478772960808279358e-02
9.748905540923036295e-02
8.929409004990868093e-02
9.206123122503452605e-02
9.643878765618289772e-02
9.025810450902908844e-02
8.006771741507894002e-02
8.484230302619594211e-02
8.281712388882850329e-02
8.336324690291430084e-02
7.656814202732088737e-02
8.220630907739456816e-02
7.032790863733238973e-02
7.648901189261654576e-02
7.137737811438737978e-02
7.257236400490803263e-02
6.814040189615465370e-02
6.971697910606132476e-02
7.331345083357984627e-02
6.738226936112196030e-02
6.808740720464773188e-02
6.272994809846456354e-02
7.510693807006013634e-02
6.013817100160356866e-02
6.088953209504364278e-02
5.976237072964454833e-02
5.753750726331707116e-02
5.461568097915081577e-02
5.446057609281422518e-02
5.017372000015694194e-02
5.202865595300430746e-02
5.644145483383034012e-02
4.898180827532039316e-02
5.228266562772734827e-02
6.217209985386758925e-02
4.799629604462731652e-02
4.594056089160172135e-02
4.195303310623276632e-02
4.235910406093654212e-02
4.599042071215761474e-02
4.568849891710584366e-02
4.814786918622804973e-02
3.715825697175637737e-02
3.270721717331653844e-02
3.490947945014508808e-02
3.161968375727843006e-02
3.606660643017332857e-02
3.197231269717293323e-02
3.460628878498529098e-02
2.792690918958369226e-02
3.137498458099576004e-02
3.361295211344900169e-02
2.605175046188929269e-02
2.125437889844123199e-02
2.258054507859900625e-02
2.392185475312983561e-02
3.328170217979681961e-02
2.260082980644638820e-02
1.962052088974747255e-02
2.016758460016026752e-02
3.481629312381920999e-02
5.001816842448709305e-02
2.420222323084615657e-02
2.070038439173138914e-02
1.521551209722987741e-02
1.467272416645486535e-02
1.207007196804244648e-02
2.464601914891141610e-02
1.806849594398747191e-02
1.484462364451639461e-02
1.361376025932090061e-02
1.812875118528355090e-02
2.284045267905699186e-02
9.065740742644977715e-03
1.055676875002265272e-02
2.275264298130177595e-02
1.410975323014638377e-02
9.089040389586843308e-03
1.117214804069844268e-02
1.353384656031017715e-02
1.402255712654537981e-02
8.405298962261924939e-03
3.428756103764637325e-02
3.704058824064735550e-02
9.058887220442774987e-03
4.700145096524944478e-03
3.888491425957027459e-03
8.420643922231501460e-03
3.599177135414718780e-03
5.663640137645853216e-03
2.500946426769458733e-02
1.556868974415125291e-02
1.677739024603334614e-02
1.772664183833239787e-02
6.521637750140249663e-03
8.835796685580167217e-03
9.521813521981220899e-03
1.514685838707489907e-02
7.283382762383642031e-03
5.947745047072672958e-03
8.098316940335545042e-03
1.695457144521296880e-02
1.391453468862690473e-02
7.565860809371090755e-03
1.150168047263156780e-02
2.003786037063477743e-02
8.259212199885889241e-03
3.786615240878443180e-03
1.903291732852393885e-03
1.848669812440434206e-03
1.418242798192127958e-03
1.319727944827008654e-03
1.322276096110097145e-03
1.398730840102886067e-03
3.399913747184545639e-03
5.369330163207192835e-02
1.796286126663588709e-02
6.271528216735540277e-03
