1.181818172335624695e-01
2.000000029802322388e-01
2.227272689342498779e-01
2.840909063816070557e-01
3.159090876579284668e-01
2.909090816974639893e-01
3.045454621315002441e-01
3.113636374473571777e-01
3.386363685131072998e-01
3.522727191448211670e-01
3.750000000000000000e-01
3.431818187236785889e-01
3.750000000000000000e-01
3.840909004211425781e-01
4.000000059604644775e-01
4.000000059604644775e-01
3.977272808551788330e-01
4.136363565921783447e-01
3.340909183025360107e-01
4.090909063816070557e-01
4.431818127632141113e-01
4.409090876579284668e-01
4.159090816974639893e-01
4.477272629737854004e-01
4.499999880790710449e-01
4.431818127632141113e-01
4.272727370262145996e-01
4.477272629737854004e-01
5.090909004211425781e-01
4.795454442501068115e-01
4.340909123420715332e-01
5.136363506317138672e-01
5.136363506317138672e-01
4.749999940395355225e-01
5.386363863945007324e-01
5.090909004211425781e-01
4.727272689342498779e-01
5.181818008422851562e-01
5.613636374473571777e-01
5.613636374473571777e-01
5.749999880790710449e-01
5.318182110786437988e-01
5.727272629737854004e-01
5.636363625526428223e-01
5.727272629737854004e-01
5.863636136054992676e-01
5.840908885002136230e-01
6.181818246841430664e-01
6.181818246841430664e-01
5.909090638160705566e-01
5.909090638160705566e-01
6.409090757369995117e-01
6.318181753158569336e-01
6.522727012634277344e-01
5.818181633949279785e-01
6.545454263687133789e-01
6.545454263687133789e-01
6.772727370262145996e-01
6.795454621315002441e-01
6.954545378684997559e-01
6.795454621315002441e-01
7.068181633949279785e-01
7.022727131843566895e-01
6.818181872367858887e-01
7.272727489471435547e-01
6.772727370262145996e-01
6.590909361839294434e-01
7.295454740524291992e-01
7.386363744735717773e-01
7.613636255264282227e-01
7.454545497894287109e-01
7.181817889213562012e-01
7.500000000000000000e-01
7.318181991577148438e-01
7.727272510528564453e-01
8.113636374473571777e-01
7.818182110786437988e-01
8.181818127632141113e-01
7.704545259475708008e-01
8.022727370262145996e-01
8.090909123420715332e-01
8.409090638160705566e-01
8.295454382896423340e-01
8.136363625526428223e-01
8.431817889213562012e-01
8.750000000000000000e-01
8.704545497894287109e-01
8.636363744735717773e-01
8.318181633949279785e-01
8.454545736312866211e-01
8.931818008422851562e-01
8.886363506317138672e-01
8.249999880790710449e-01
7.431818246841430664e-01
8.681818246841430664e-01
8.704545497894287109e-01
9.090909361839294434e-01
9.250000119209289551e-01
9.227272868156433105e-01
8.840909004211425781e-01
9.068182110786437988e-01
9.181818366050720215e-01
9.340909123420715332e-01
9.136363863945007324e-01
8.840909004211425781e-01
9.477272629737854004e-01
9.522727131843566895e-01
8.931818008422851562e-01
9.363636374473571777e-01
9.454545378684997559e-01
9.499999880790710449e-01
9.181818366050720215e-01
9.340909123420715332e-01
9.545454382896423340e-01
8.613636493682861328e-01
8.249999880790710449e-01
9.545454382896423340e-01
9.863636493682861328e-01
9.931818246841430664e-01
9.613636136054992676e-01
9.840909242630004883e-01
9.727272987365722656e-01
8.750000000000000000e-01
9.159091114997863770e-01
9.272727370262145996e-01
9.090909361839294434e-01
9.681817889213562012e-01
9.545454382896423340e-01
9.681817889213562012e-01
9.272727370262145996e-01
9.659090638160705566e-01
9.704545736312866211e-01
9.704545736312866211e-01
9.090909361839294434e-01
9.363636374473571777e-01
9.704545736312866211e-01
9.499999880790710449e-01
9.136363863945007324e-01
9.545454382896423340e-01
9.886363744735717773e-01
1.000000000000000000e+00
9.954545497894287109e-01
1.000000000000000000e+00
1.000000000000000000e+00
1.000000000000000000e+00
1.000000000000000000e+00
9.863636493682861328e-01
7.931818366050720215e-01
9.068182110786437988e-01
9.681817889213562012e-01
