19
[0.157179949717829, 0.9705882, 0.49253732]

21
[0.1011772512686618, 0.9791667, 0.70149255]

23
[0.13800337921174316, 0.9245283, 0.73134327]

25
[0.07597146431418458, 0.89830506, 0.7910448]

27
[0.08763091324810655, 0.9622642, 0.76119405]

29
[0.10789974651393444, 0.92727274, 0.76119405]

31
[0.1265981226572946, 0.9310345, 0.80597013]

33
[0.06762823566476492, 0.9649123, 0.8208955]

vote:
precision= 0.7916666666666666
recall= 0.8507462686567164
f1= 0.8201438848920863

probability:
precision= 0.9791666666666666
recall= 0.7014925373134329
f1= 0.8173913043478261

