2.272727340459823608e-02
2.195121943950653076e-01
3.600000143051147461e-01
4.464285671710968018e-01
7.076923251152038574e-01
6.999999880790710449e-01
6.800000071525573730e-01
7.042253613471984863e-01
6.341463327407836914e-01
6.627907156944274902e-01
7.402597665786743164e-01
6.543210148811340332e-01
7.500000000000000000e-01
7.738095521926879883e-01
7.500000000000000000e-01
7.631579041481018066e-01
7.555555701255798340e-01
8.275862336158752441e-01
7.368420958518981934e-01
7.157894968986511230e-01
7.142857313156127930e-01
7.391304373741149902e-01
8.125000000000000000e-01
7.419354915618896484e-01
7.653061151504516602e-01
7.628865838050842285e-01
7.281553149223327637e-01
7.524752616882324219e-01
8.241758346557617188e-01
7.979797720909118652e-01
7.524752616882324219e-01
7.878788113594055176e-01
8.453608155250549316e-01
8.315789699554443359e-01
8.431372642517089844e-01
7.864077687263488770e-01
8.365384340286254883e-01
8.834951519966125488e-01
8.932038545608520508e-01
7.980769276618957520e-01
8.666666746139526367e-01
8.878504633903503418e-01
8.818181753158569336e-01
8.598130941390991211e-01
8.818181753158569336e-01
8.392857313156127930e-01
8.543689250946044922e-01
8.785046935081481934e-01
8.703703880310058594e-01
8.990825414657592773e-01
8.727272748947143555e-01
8.888888955116271973e-01
8.559321761131286621e-01
8.999999761581420898e-01
9.082568883895874023e-01
8.888888955116271973e-01
9.051724076271057129e-01
9.174311757087707520e-01
8.956521749496459961e-01
9.051724076271057129e-01
9.639639854431152344e-01
9.385964870452880859e-01
9.074074029922485352e-01
8.771929740905761719e-01
9.075630307197570801e-01
9.401709437370300293e-01
8.620689511299133301e-01
9.316239356994628906e-01
9.237288236618041992e-01
9.504132270812988281e-01
9.478260874748229980e-01
9.572649598121643066e-01
9.316239356994628906e-01
9.268292784690856934e-01
9.499999880790710449e-01
9.646017551422119141e-01
9.406779408454895020e-01
9.075630307197570801e-01
9.495798349380493164e-01
9.565217494964599609e-01
9.672130942344665527e-01
9.411764740943908691e-01
9.586777091026306152e-01
9.504132270812988281e-01
9.663865566253662109e-01
9.416666626930236816e-01
9.672130942344665527e-01
9.051724076271057129e-01
9.217391014099121094e-01
9.426229596138000488e-01
9.401709437370300293e-01
9.672130942344665527e-01
9.349593520164489746e-01
9.663865566253662109e-01
9.750000238418579102e-01
9.914529919624328613e-01
9.669421315193176270e-01
9.672130942344665527e-01
9.262295365333557129e-01
9.834710955619812012e-01
9.833333492279052734e-01
9.495798349380493164e-01
8.861788511276245117e-01
9.338843226432800293e-01
9.917355179786682129e-01
9.508196711540222168e-01
9.590163826942443848e-01
9.672130942344665527e-01
9.834710955619812012e-01
9.756097793579101562e-01
9.421487450599670410e-01
9.593495726585388184e-01
9.750000238418579102e-01
9.430894255638122559e-01
9.596773982048034668e-01
9.661017060279846191e-01
9.590163826942443848e-01
1.000000000000000000e+00
9.596773982048034668e-01
9.756097793579101562e-01
9.758064746856689453e-01
9.586777091026306152e-01
9.836065769195556641e-01
1.000000000000000000e+00
9.919354915618896484e-01
9.426229596138000488e-01
9.918699264526367188e-01
9.918032884597778320e-01
9.516128897666931152e-01
9.750000238418579102e-01
9.760000109672546387e-01
9.603174328804016113e-01
9.919354915618896484e-01
9.421487450599670410e-01
9.274193644523620605e-01
9.838709831237792969e-01
9.754098653793334961e-01
9.516128897666931152e-01
9.756097793579101562e-01
1.000000000000000000e+00
9.596773982048034668e-01
9.917355179786682129e-01
9.750000238418579102e-01
9.596773982048034668e-01
1.000000000000000000e+00
1.000000000000000000e+00
9.268292784690856934e-01
9.838709831237792969e-01
9.836065769195556641e-01
9.918699264526367188e-01
