6.519690114143397164e-01
2.730776916847167390e-01
2.136567018974103727e-01
2.175777662551913461e-01
1.691827581202129949e-01
1.635327968867085480e-01
1.652007903696275926e-01
1.630141532030122131e-01
1.516808850706518885e-01
1.458671109468624993e-01
1.389838202606307749e-01
1.345228626597088362e-01
1.371577602948282071e-01
1.304258806165640716e-01
1.335317749540354260e-01
1.207397028459729904e-01
1.193396965414970784e-01
1.193902810432775907e-01
1.125807156492280858e-01
1.108209309181958091e-01
1.126458651453859511e-01
1.025887697012441285e-01
1.069051177352529775e-01
1.021714488481542255e-01
9.919764740422826188e-02
1.081161486561395546e-01
9.950905419825971376e-02
9.990919886579993636e-02
9.886861862250291566e-02
9.572647270330969516e-02
9.089230152770619298e-02
8.780236194018532780e-02
9.088268116591557977e-02
8.576918775513593662e-02
8.946528699417650998e-02
9.033747969736322103e-02
8.103583785691470531e-02
7.955683378366268377e-02
8.150489846648119319e-02
9.791851722014605075e-02
8.002919831168646414e-02
7.557976746797878675e-02
7.687586693012675443e-02
7.479268994478864563e-02
7.717945843271183104e-02
7.667152724282373655e-02
7.030968363790306153e-02
6.583747852190566241e-02
6.820171242040265480e-02
6.867103396482020228e-02
6.741404826666722028e-02
6.449271436456008311e-02
6.715991761951442540e-02
6.045730355253462612e-02
5.968085151952499945e-02
5.627306493112815833e-02
5.337257288176350256e-02
5.674921916734000649e-02
5.451024916276900334e-02
4.997790443287619677e-02
5.604900951309127466e-02
5.380323852594251499e-02
5.410137855919532751e-02
4.842601712445590567e-02
5.293748826869505708e-02
4.554457802412462814e-02
4.190918187097611436e-02
4.681195593442372821e-02
4.377925884855211197e-02
4.125124497255960171e-02
4.165072199324518915e-02
3.854109684719644185e-02
3.526019688215686204e-02
4.627524420224671253e-02
4.140967571971072153e-02
3.695964211622018714e-02
3.498072169939611675e-02
3.459121091031523709e-02
3.880389462393285527e-02
3.269080323937648830e-02
3.371178638751470141e-02
3.608458364178555172e-02
2.532786080613541949e-02
3.232432668966786493e-02
3.425308768609406501e-02
2.695502010448629776e-02
3.433543668027014967e-02
3.141437925640434836e-02
3.327570025601377102e-02
3.121559991125107472e-02
2.649429879029766358e-02
2.776555880236941665e-02
2.602350678683336763e-02
1.979434619049342745e-02
2.902636226429154351e-02
2.435201705649725143e-02
2.637218782466803010e-02
2.979985193899535936e-02
2.357165900384393387e-02
2.090159815019471470e-02
1.626718193542886493e-02
1.465397378020776541e-02
2.506090670306290041e-02
2.323148061438658207e-02
1.458700562797694660e-02
1.163393396591493392e-02
1.301030131804665341e-02
3.060200242874731857e-02
2.071576548946382421e-02
1.654536802515035876e-02
1.713842184799458171e-02
2.199384383286295472e-02
1.192052913973374630e-02
1.018233084542077491e-02
2.439515753823792363e-02
1.424144193315213421e-02
1.621959096092844693e-02
2.652701878278063488e-02
1.747914016379257043e-02
1.369431553659914043e-02
1.268434971201275359e-02
2.318203042006180756e-02
1.577830244779900373e-02
1.024062478782300153e-02
8.442643551395534809e-03
1.215135080309641229e-02
1.358875318972200402e-02
2.858439828320093884e-02
8.871557537346006633e-03
1.119663299862502792e-02
1.294244335389751165e-02
1.983218500152750946e-02
1.460699411090058027e-02
8.256625419206057095e-03
8.176076259527591261e-03
7.427824813580627752e-03
6.436605365111201446e-03
4.462294395647800442e-03
1.179158471389970056e-02
2.587814965227599323e-02
2.188353029495961402e-02
9.457432034691787628e-03
7.996851902086253919e-03
1.258788478834899256e-02
1.485369540141961812e-02
2.452780148698620669e-02
7.040064590824652614e-03
6.189499169089836099e-03
4.480888865982516310e-03
3.927834628933407797e-03
