9.003215283155441284e-02
2.482269555330276489e-01
3.476702570915222168e-01
4.124087691307067871e-01
4.753521084785461426e-01
5.144927501678466797e-01
5.259259343147277832e-01
5.140845179557800293e-01
5.283018946647644043e-01
5.656934380531311035e-01
6.349809765815734863e-01
5.992646813392639160e-01
5.914396643638610840e-01
6.501901149749755859e-01
6.300366520881652832e-01
6.654135584831237793e-01
6.410256624221801758e-01
6.576923131942749023e-01
6.755725145339965820e-01
6.914498209953308105e-01
6.832060813903808594e-01
7.272727489471435547e-01
7.411764860153198242e-01
7.122302055358886719e-01
7.546468377113342285e-01
6.774193644523620605e-01
6.989247202873229980e-01
7.362637519836425781e-01
7.366412281990051270e-01
7.617328763008117676e-01
7.781817913055419922e-01
7.508650422096252441e-01
7.660377621650695801e-01
7.644927501678466797e-01
7.573529481887817383e-01
7.482269406318664551e-01
7.877697944641113281e-01
7.841726541519165039e-01
7.801418304443359375e-01
6.978417038917541504e-01
7.735191583633422852e-01
8.098591566085815430e-01
8.085106611251831055e-01
8.175182342529296875e-01
8.071428537368774414e-01
8.020477890968322754e-01
8.315412402153015137e-01
8.626760840415954590e-01
8.419243693351745605e-01
8.178694248199462891e-01
8.299319744110107422e-01
8.344594836235046387e-01
8.184931278228759766e-01
8.508474826812744141e-01
8.630136847496032715e-01
8.745874762535095215e-01
8.717105388641357422e-01
8.787878751754760742e-01
8.646864891052246094e-01
8.936877250671386719e-01
8.471760749816894531e-01
8.741722106933593750e-01
8.533333539962768555e-01
8.617363572120666504e-01
8.807947039604187012e-01
8.910890817642211914e-01
8.903225660324096680e-01
8.910256624221801758e-01
8.906250000000000000e-01
9.070512652397155762e-01
8.937500119209289551e-01
9.252336621284484863e-01
9.267516136169433594e-01
8.808777332305908203e-01
9.137380123138427734e-01
8.987730145454406738e-01
9.130434989929199219e-01
9.107692241668701172e-01
8.799999952316284180e-01
9.118540883064270020e-01
9.015384912490844727e-01
8.807339668273925781e-01
9.395770430564880371e-01
9.287925958633422852e-01
9.129129052162170410e-01
9.531250000000000000e-01
9.141104221343994141e-01
9.408099651336669922e-01
9.131736755371093750e-01
9.063444137573242188e-01
9.283581972122192383e-01
9.149560332298278809e-01
9.406528472900390625e-01
9.584569931030273438e-01
9.251496791839599609e-01
9.311377406120300293e-01
9.149560332298278809e-01
9.422492384910583496e-01
9.296187758445739746e-01
9.450867176055908203e-01
9.678362607955932617e-01
9.572649598121643066e-01
9.273256063461303711e-01
9.439527988433837891e-01
9.654178619384765625e-01
9.710982441902160645e-01
9.624277353286743164e-01
8.914285898208618164e-01
9.358600378036499023e-01
9.650145769119262695e-01
9.455587267875671387e-01
9.300291538238525391e-01
9.828571677207946777e-01
9.828571677207946777e-01
9.356725215911865234e-01
9.677419066429138184e-01
9.593023061752319336e-01
9.119318127632141113e-01
9.540230035781860352e-01
9.627507328987121582e-01
9.628571271896362305e-01
9.360465407371520996e-01
9.541547298431396484e-01
9.828079938888549805e-01
9.745762944221496582e-01
9.715099930763244629e-01
9.550561904907226562e-01
9.356725215911865234e-01
9.772727489471435547e-01
9.743589758872985840e-01
9.522472023963928223e-01
9.450867176055908203e-01
9.442896842956542969e-01
9.801699519157409668e-01
9.802259802818298340e-01
9.831460714340209961e-01
9.860334992408752441e-01
9.943977594375610352e-01
9.773371219635009766e-01
9.335260391235351562e-01
9.508670568466186523e-01
9.774011373519897461e-01
9.747899174690246582e-01
9.577465057373046875e-01
9.522472023963928223e-01
9.281609058380126953e-01
9.831460714340209961e-01
9.859550595283508301e-01
9.971830844879150391e-01
9.916201233863830566e-01
