7.777778059244155884e-02
1.944444477558135986e-01
2.694444358348846436e-01
3.138888776302337646e-01
3.750000000000000000e-01
3.944444358348846436e-01
3.944444358348846436e-01
4.055555462837219238e-01
3.888888955116271973e-01
4.305555522441864014e-01
4.638888835906982422e-01
4.527777731418609619e-01
4.222222268581390381e-01
4.749999940395355225e-01
4.777777791023254395e-01
4.916666746139526367e-01
4.861111044883728027e-01
4.749999940395355225e-01
4.916666746139526367e-01
5.166666507720947266e-01
4.972222149372100830e-01
5.555555820465087891e-01
5.249999761581420898e-01
5.500000119209289551e-01
5.638889074325561523e-01
5.249999761581420898e-01
5.416666865348815918e-01
5.583333373069763184e-01
5.361111164093017578e-01
5.861111283302307129e-01
5.944444537162780762e-01
6.027777791023254395e-01
5.638889074325561523e-01
5.861111283302307129e-01
5.722222328186035156e-01
5.861111283302307129e-01
6.083333492279052734e-01
6.055555343627929688e-01
6.111111044883728027e-01
5.388888716697692871e-01
6.166666746139526367e-01
6.388888955116271973e-01
6.333333253860473633e-01
6.222222447395324707e-01
6.277777552604675293e-01
6.527777910232543945e-01
6.444444656372070312e-01
6.805555820465087891e-01
6.805555820465087891e-01
6.611111164093017578e-01
6.777777671813964844e-01
6.861110925674438477e-01
6.638888716697692871e-01
6.972222328186035156e-01
6.999999880790710449e-01
7.361111044883728027e-01
7.361111044883728027e-01
7.250000238418579102e-01
7.277777791023254395e-01
7.472222447395324707e-01
7.083333134651184082e-01
7.333333492279052734e-01
7.111111283302307129e-01
7.444444298744201660e-01
7.388888597488403320e-01
7.500000000000000000e-01
7.666666507720947266e-01
7.722222208976745605e-01
7.916666865348815918e-01
7.861111164093017578e-01
7.944444417953491211e-01
8.249999880790710449e-01
8.083333373069763184e-01
7.805555462837219238e-01
7.944444417953491211e-01
8.138889074325561523e-01
8.166666626930236816e-01
8.222222328186035156e-01
7.944444417953491211e-01
8.333333134651184082e-01
8.138889074325561523e-01
8.000000119209289551e-01
8.638888597488403320e-01
8.333333134651184082e-01
8.444444537162780762e-01
8.472222089767456055e-01
8.277778029441833496e-01
8.388888835906982422e-01
8.472222089767456055e-01
8.333333134651184082e-01
8.638888597488403320e-01
8.666666746139526367e-01
8.805555701255798340e-01
8.972222208976745605e-01
8.583333492279052734e-01
8.638888597488403320e-01
8.666666746139526367e-01
8.611111044883728027e-01
8.805555701255798340e-01
9.083333611488342285e-01
9.194444417953491211e-01
9.333333373069763184e-01
8.861111402511596680e-01
8.888888955116271973e-01
9.305555820465087891e-01
9.333333373069763184e-01
9.250000119209289551e-01
8.666666746139526367e-01
8.916666507720947266e-01
9.194444417953491211e-01
9.166666865348815918e-01
8.861111402511596680e-01
9.555555582046508789e-01
9.555555582046508789e-01
8.888888955116271973e-01
9.166666865348815918e-01
9.166666865348815918e-01
8.916666507720947266e-01
9.222221970558166504e-01
9.333333373069763184e-01
9.361110925674438477e-01
8.944444656372070312e-01
9.250000119209289551e-01
9.527778029441833496e-01
9.583333134651184082e-01
9.472222328186035156e-01
9.444444179534912109e-01
8.888888955116271973e-01
9.555555582046508789e-01
9.499999880790710449e-01
9.416666626930236816e-01
9.083333611488342285e-01
9.416666626930236816e-01
9.611111283302307129e-01
9.638888835906982422e-01
9.722222089767456055e-01
9.805555343627929688e-01
9.861111044883728027e-01
9.583333134651184082e-01
8.972222208976745605e-01
9.138888716697692871e-01
9.611111283302307129e-01
9.666666388511657715e-01
9.444444179534912109e-01
9.416666626930236816e-01
8.972222208976745605e-01
9.722222089767456055e-01
9.750000238418579102e-01
9.833333492279052734e-01
9.861111044883728027e-01
