9.144469695944660095e-03
6.755180777329686248e-03
5.764688079981252107e-03
1.894907946573730698e-02
7.496689820161691990e-03
5.223901173350099444e-03
6.799193159729655968e-03
8.526593071771174787e-03
1.033203139408909316e-02
5.801538206122953956e-03
3.678587579761251683e-03
1.305497154228208931e-02
6.560598908915012649e-03
7.381545183551115052e-03
8.815264389808719764e-03
6.960918624058400409e-03
1.197211290212116253e-02
3.823974770656952266e-03
1.347512137247364660e-03
1.366404520342942748e-02
5.978290216577598556e-03
3.775759727066335582e-03
6.708862537595876134e-03
1.196905711434374103e-02
5.132600388505225569e-03
8.201299358025340713e-03
6.236098357505993374e-03
6.216595158312320825e-03
7.142874252784404097e-03
5.071021686491724786e-03
4.985081138369816187e-03
1.104086880536639913e-02
2.931603250528393677e-03
2.233037175084394248e-03
1.355034275118783844e-03
1.423509842382241104e-02
7.773156819843011871e-03
7.836765578814394728e-03
6.265566173689920276e-03
1.011303942770936694e-03
6.998579857637779152e-04
1.513383075778006572e-03
2.371571727065830554e-02
5.592292297532188566e-03
2.166824025050916990e-03
5.281088521231150010e-03
2.947325391029723997e-03
9.559183210589733762e-03
7.234956177494109540e-03
4.150725837288755764e-03
