9.874739050865173340e-01
9.899958372116088867e-01
9.933110475540161133e-01
9.748638272285461426e-01
9.895572066307067871e-01
9.920800328254699707e-01
9.908027052879333496e-01
9.903966784477233887e-01
9.878813028335571289e-01
9.912390708923339844e-01
9.962421655654907227e-01
9.857442378997802734e-01
9.899749159812927246e-01
9.899874925613403320e-01
9.887312054634094238e-01
9.900000095367431641e-01
9.824926853179931641e-01
9.962406158447265625e-01
9.991659522056579590e-01
9.836683273315429688e-01
9.908180236816406250e-01
9.949979186058044434e-01
9.891846776008605957e-01
9.837499856948852539e-01
9.941617846488952637e-01
9.883333444595336914e-01
9.916492700576782227e-01
9.920734167098999023e-01
9.920701384544372559e-01
9.941617846488952637e-01
9.929137229919433594e-01
9.845705032348632812e-01
9.962499737739562988e-01
9.974958300590515137e-01
9.995822906494140625e-01
9.832776188850402832e-01
9.887170791625976562e-01
9.920767545700073242e-01
9.887359142303466797e-01
9.995831847190856934e-01
1.000000000000000000e+00
9.987489581108093262e-01
9.690505862236022949e-01
9.945561289787292480e-01
9.970833063125610352e-01
9.949895739555358887e-01
9.962468743324279785e-01
9.845446944236755371e-01
9.924685955047607422e-01
9.941691160202026367e-01
