9.858274459838867188e-01
9.899958372116088867e-01
9.904126524925231934e-01
9.699875116348266602e-01
9.874947667121887207e-01
9.920800328254699707e-01
9.879116415977478027e-01
9.887453317642211914e-01
9.854105710983276367e-01
9.904126524925231934e-01
9.945811033248901367e-01
9.799916744232177734e-01
9.879116415977478027e-01
9.891621470451354980e-01
9.874947667121887207e-01
9.904126524925231934e-01
9.824926853179931641e-01
9.941642284393310547e-01
9.987494945526123047e-01
9.791579842567443848e-01
9.895789623260498047e-01
9.949979186058044434e-01
9.912463426589965820e-01
9.841600656509399414e-01
9.937474131584167480e-01
9.887453317642211914e-01
9.899958372116088867e-01
9.912463426589965820e-01
9.908295273780822754e-01
9.937474131584167480e-01
9.929137229919433594e-01
9.841600656509399414e-01
9.966652989387512207e-01
9.962484240531921387e-01
9.974989295005798340e-01
9.804084897041320801e-01
9.862442612648010254e-01
9.916632175445556641e-01
9.879116415977478027e-01
9.995831847190856934e-01
1.000000000000000000e+00
9.983326196670532227e-01
9.658191204071044922e-01
9.899958372116088867e-01
9.974989295005798340e-01
9.933305382728576660e-01
9.958316087722778320e-01
9.824926853179931641e-01
9.887453317642211914e-01
9.949979186058044434e-01
