6.502414562149120281e-01
2.684505667828678832e-01
2.180092225225708780e-01
2.171021751998165050e-01
1.741566159522474622e-01
1.675290271904604777e-01
1.532512589815248349e-01
1.632153395627770065e-01
1.468001075411319856e-01
1.377286321124884805e-01
1.392328764493131199e-01
1.333083156202258257e-01
1.344743901847359202e-01
1.385806998382492494e-01
1.207135324185540093e-01
1.255024328241668430e-01
1.233953490155109411e-01
1.183487618396336094e-01
1.111716965007598229e-01
1.184877825075299901e-01
1.147739073395564746e-01
1.108349294729258916e-01
1.143969374827142615e-01
1.100218581204682744e-01
1.036953441531105746e-01
1.009159723884351101e-01
9.898312597879439789e-02
1.008906547576910867e-01
9.359976597261600306e-02
1.111677319378004264e-01
8.953292246083115191e-02
1.005978753895580557e-01
9.481104268696867454e-02
9.417678378936213124e-02
8.887001036555956801e-02
8.397986859577578900e-02
8.686951048199886838e-02
8.029606061193625410e-02
7.651582941331096233e-02
7.851202834506765260e-02
8.006254300046679317e-02
7.524043783295959742e-02
6.808193710795271136e-02
7.069717098534160360e-02
6.868534873018085352e-02
7.546195943607970913e-02
6.950247489120650601e-02
8.722373373619170256e-02
6.454815209153963451e-02
6.253711922937572887e-02
7.490245161158330667e-02
5.761518042797814793e-02
5.734367917681446047e-02
5.741205253095930938e-02
6.141002018744860097e-02
5.439774084991504111e-02
5.441223826138185532e-02
5.331511714373284722e-02
5.580680417300644403e-02
4.690170295506648768e-02
4.532778668660347732e-02
4.320098986161333837e-02
5.124529807357065814e-02
4.787131163693705144e-02
5.426293938029997516e-02
4.603584518094214206e-02
3.909471207760382983e-02
4.307401664371499767e-02
3.945609010390969951e-02
4.047590780848910746e-02
3.526030744650829329e-02
3.551127556587756889e-02
3.331750036430948525e-02
5.401677920069312966e-02
3.545772951594666073e-02
3.287433007625312209e-02
3.770760520601175447e-02
2.969163015222206839e-02
3.736077414592669371e-02
3.055926500608825355e-02
3.224289058463020163e-02
4.043774633643238553e-02
3.307531147188414594e-02
2.517611787722210531e-02
2.444749650741670499e-02
2.867542091698875584e-02
2.694584545751341903e-02
3.460293817698689711e-02
2.153664993523280585e-02
2.043877720378481019e-02
2.054716118877109726e-02
2.582674761665870733e-02
2.128426075041350840e-02
1.988305791994765537e-02
1.716384198275473089e-02
1.949550774267972894e-02
2.637027745694171116e-02
2.416585891123384719e-02
1.842633701241072966e-02
1.942008407051418195e-02
2.155774405074158129e-02
1.705195947505627405e-02
1.193716652954239510e-02
1.916886718247265073e-02
2.093876089973772253e-02
1.342144014052186474e-02
8.431962039796150193e-03
1.595600527836991273e-02
1.739335758656286243e-02
1.679113252450284421e-02
1.815932574245173597e-02
4.832503774666882523e-02
1.473540451264763844e-02
1.249364601945186955e-02
1.130803293547124298e-02
5.534800373386956213e-03
5.846747105132520973e-03
9.383486394353825547e-03
2.428048723680066232e-02
1.335796748830449937e-02
5.123068310376693683e-03
8.006536622640532744e-03
1.313591325311729875e-02
2.475896075892861092e-02
1.795198503223007641e-02
1.094440433380218861e-02
9.662294826240227369e-03
1.316115510467222652e-02
2.531604783476380099e-02
9.895785645491006824e-03
3.897648521682754372e-03
3.752212456491220687e-03
3.469569128089771467e-03
1.296706508323852008e-02
1.675977738831849542e-02
1.086939356062787722e-02
5.268004986546279307e-03
3.567479279591645545e-03
1.710713891591184553e-03
1.828550825416351121e-03
1.005899597319964874e-02
3.813083702396932034e-02
1.362046533684882314e-02
1.572711323422924107e-02
5.737114835189897899e-03
6.340827373280211697e-03
4.789072237369788876e-03
7.392199390003040618e-03
8.959063888136737513e-03
1.392397369141000138e-02
