6.010742736896047544e-01
2.521565690516921476e-01
2.008534578651378910e-01
1.437436261741605881e-01
1.184549000622984183e-01
1.045960815550156936e-01
1.021672820339243198e-01
9.821885814972962370e-02
9.319740949423066523e-02
8.708553148752538886e-02
8.660423784250941004e-02
7.757761883748258425e-02
7.970166863271095636e-02
7.061354523182040988e-02
6.820742901359501398e-02
7.387190735050286339e-02
6.859668365776161458e-02
6.229709882123777437e-02
6.266958005206529903e-02
5.977105352736174909e-02
6.047157466443094098e-02
5.763935247361345188e-02
5.969365618067614537e-02
5.030890706981715199e-02
5.677210555409906156e-02
5.329450563572930150e-02
4.917676613569637450e-02
4.871619251184559213e-02
4.894866151754876521e-02
4.835789397673929263e-02
4.080154066074474090e-02
4.248682815384663414e-02
4.622360102533033810e-02
3.841080808165398680e-02
3.730724585933677812e-02
4.316693558320245511e-02
4.233928876340263547e-02
3.579230419803119262e-02
4.052202371120389862e-02
3.678442694628748788e-02
3.934855589513168439e-02
3.196646995180883050e-02
2.765372652017036859e-02
2.537866430715450886e-02
3.238914613428881678e-02
3.455716675300993940e-02
2.669716502797748678e-02
2.778308434856870471e-02
2.659957720644094692e-02
3.219275730868789709e-02
2.753835478927506991e-02
2.278594657467642587e-02
2.397089897897133892e-02
2.266551952659453736e-02
2.301738394459760736e-02
2.422937873554028079e-02
2.279559391914979041e-02
2.385909589665132641e-02
2.039898619725197607e-02
1.776258523668503009e-02
2.426227592128716790e-02
1.740846721738986344e-02
1.794673426506005268e-02
2.158843603371061667e-02
1.583485624827759425e-02
1.572788363708533740e-02
1.470458382848910048e-02
1.779463437053101227e-02
1.581879264696739451e-02
1.669775386252312505e-02
1.281478564780654493e-02
8.981373796503336338e-03
1.166531322165599051e-02
1.348851282267691555e-02
9.839019105862234840e-03
1.370887952084883475e-02
1.074029146666081319e-02
1.472094664017396110e-02
1.920144296142944212e-02
1.486020339168529422e-02
1.228081359457122192e-02
1.102484274013696385e-02
7.734083645400171778e-03
1.366807292461647352e-02
1.161186289081613844e-02
8.550535358535815353e-03
7.351906962759682806e-03
9.215677328265997961e-03
1.159648791894741897e-02
8.788133818246659720e-03
7.375823442566250242e-03
1.043119712697290931e-02
9.101320557034402528e-03
7.842535765124898639e-03
1.187725529263689885e-02
1.626323109321359262e-02
6.169019077006672284e-03
7.527381972238484688e-03
6.104759680152522378e-03
1.302022595034349126e-02
6.552721464978905272e-03
3.989944751778062154e-03
4.002847937221223722e-03
4.223067613818680399e-03
1.222807106579679517e-02
1.122660358121370557e-02
5.633577569250025445e-03
1.251242010675008426e-02
1.090708069992596223e-02
4.664505350769716438e-03
2.579833619103591869e-03
3.202995228695330616e-03
4.225771666404025406e-03
2.399953057867402085e-03
9.707920382175412935e-03
1.113467960886216183e-02
1.007918672197071104e-02
4.406878361045274764e-03
8.046115551766078525e-03
7.371797680551576276e-03
5.385204999044096788e-03
7.925344115205849166e-03
5.183780004337319378e-03
4.522233263305910564e-03
5.699714255483770246e-03
6.160622589746943267e-03
4.809706730770053375e-03
2.091355467782243533e-03
3.913865415438474299e-03
4.598162014846617247e-03
8.498921960938808987e-03
2.907593973418087438e-03
2.603661186242944847e-03
4.935165498903844490e-03
1.548464733666206827e-03
1.364853983748916819e-03
1.904339281464070485e-03
7.837694658884035090e-03
1.205151862860608103e-02
7.790351449127996125e-03
7.503866954661322745e-03
2.524446702707976078e-03
2.191814834411486348e-03
3.225411263355556189e-03
1.502860426040362454e-03
1.265876327314459371e-03
1.218526391696428922e-03
1.208468213614399258e-03
1.177385999244218379e-03
1.176762655456146858e-03
