4.678362607955932617e-02
8.771929889917373657e-02
2.163742631673812866e-01
3.040935695171356201e-01
4.210526347160339355e-01
5.116959214210510254e-01
5.087719559669494629e-01
5.614035129547119141e-01
5.672514438629150391e-01
5.935672521591186523e-01
6.023392081260681152e-01
6.169590353965759277e-01
6.198830604553222656e-01
6.549707651138305664e-01
7.046783566474914551e-01
6.783625483512878418e-01
7.017543911933898926e-01
7.134503126144409180e-01
6.754385828971862793e-01
7.251461744308471680e-01
7.192982435226440430e-01
7.602339386940002441e-01
7.339181303977966309e-01
7.660818696022033691e-01
7.339181303977966309e-01
7.543859481811523438e-01
7.690058350563049316e-01
7.807017564773559570e-01
7.807017564773559570e-01
7.543859481811523438e-01
8.099415302276611328e-01
8.011695742607116699e-01
7.748538255691528320e-01
8.070175647735595703e-01
8.216374516487121582e-01
8.040935397148132324e-01
7.719298005104064941e-01
8.421052694320678711e-01
8.128654956817626953e-01
8.216374516487121582e-01
8.128654956817626953e-01
8.508771657943725586e-01
8.625730872154235840e-01
8.888888955116271973e-01
8.421052694320678711e-01
8.421052694320678711e-01
8.567251563072204590e-01
8.654970526695251465e-01
8.567251563072204590e-01
8.508771657943725586e-01
8.625730872154235840e-01
8.771929740905761719e-01
8.771929740905761719e-01
8.976607918739318848e-01
8.684210777282714844e-01
8.830409646034240723e-01
8.888888955116271973e-01
8.888888955116271973e-01
9.035087823867797852e-01
9.064327478408813477e-01
8.976607918739318848e-01
9.181286692619323730e-01
9.005848169326782227e-01
9.005848169326782227e-01
9.210526347160339355e-01
9.269005656242370605e-01
9.210526347160339355e-01
8.976607918739318848e-01
9.239766001701354980e-01
9.210526347160339355e-01
9.444444179534912109e-01
9.532163739204406738e-01
9.473684430122375488e-01
9.181286692619323730e-01
9.473684430122375488e-01
9.327485561370849609e-01
9.444444179534912109e-01
9.415204524993896484e-01
9.152047038078308105e-01
9.239766001701354980e-01
9.385964870452880859e-01
9.590643048286437988e-01
9.649122953414916992e-01
9.415204524993896484e-01
9.561403393745422363e-01
9.561403393745422363e-01
9.678362607955932617e-01
9.619883298873901367e-01
9.473684430122375488e-01
9.619883298873901367e-01
9.766082167625427246e-01
9.678362607955932617e-01
9.590643048286437988e-01
9.590643048286437988e-01
9.502924084663391113e-01
9.356725215911865234e-01
9.736841917037963867e-01
9.678362607955932617e-01
9.736841917037963867e-01
9.502924084663391113e-01
9.678362607955932617e-01
9.853801131248474121e-01
9.912280440330505371e-01
9.853801131248474121e-01
9.415204524993896484e-01
9.444444179534912109e-01
9.707602262496948242e-01
9.415204524993896484e-01
9.502924084663391113e-01
9.824561476707458496e-01
9.941520690917968750e-01
9.912280440330505371e-01
9.824561476707458496e-01
9.970760345458984375e-01
9.649122953414916992e-01
9.561403393745422363e-01
9.619883298873901367e-01
9.795321822166442871e-01
9.590643048286437988e-01
9.678362607955932617e-01
9.707602262496948242e-01
9.707602262496948242e-01
9.795321822166442871e-01
9.824561476707458496e-01
9.766082167625427246e-01
9.736841917037963867e-01
9.795321822166442871e-01
9.941520690917968750e-01
9.853801131248474121e-01
9.766082167625427246e-01
9.561403393745422363e-01
9.912280440330505371e-01
9.941520690917968750e-01
9.824561476707458496e-01
1.000000000000000000e+00
1.000000000000000000e+00
9.970760345458984375e-01
9.678362607955932617e-01
9.444444179534912109e-01
9.649122953414916992e-01
9.649122953414916992e-01
9.912280440330505371e-01
9.970760345458984375e-01
9.853801131248474121e-01
1.000000000000000000e+00
1.000000000000000000e+00
1.000000000000000000e+00
1.000000000000000000e+00
1.000000000000000000e+00
1.000000000000000000e+00
