3.157121705905096415e-02
1.618345522319737315e-02
1.310593543909624459e-02
1.536273886157346440e-02
1.098809852110888691e-02
9.876289293969702648e-03
6.957630241369839284e-03
9.234908021655304292e-03
6.959039486636878560e-03
4.809420735675091173e-03
5.943354725452266486e-03
8.201063492778255457e-03
9.220472918373058546e-03
6.543457158987768182e-03
5.256800728871495118e-03
5.854454789159025709e-03
4.756038518154763646e-03
5.250279321898536529e-03
4.719886965641789146e-03
9.834848019528679222e-03
2.995608326606645673e-03
3.323575787798775921e-03
4.038092877588862761e-03
1.100245173315300175e-02
2.474981759198212772e-03
5.636069748840999254e-03
2.142480435410868377e-03
2.265236567663587042e-03
1.412822870865168383e-03
1.364729570693163502e-02
5.855391820246001050e-03
2.529867754627594233e-03
1.480671171068563422e-03
1.062481717593134539e-03
7.370404164780666213e-03
7.419109973111077082e-03
3.471371103287011328e-03
2.314260540162836610e-03
4.316912197344109810e-03
2.181619664627999430e-03
1.862290936585368458e-03
2.772115566536680325e-03
1.677070750859691820e-03
1.042755244457082078e-02
2.162388474598975902e-03
1.245321016676828076e-03
3.224870347322726042e-04
3.901828420655928582e-04
2.739397247071702584e-04
2.363882497966990055e-04
