8.080357313156127930e-01
8.805309534072875977e-01
8.839285969734191895e-01
8.660714030265808105e-01
8.999999761581420898e-01
9.144144058227539062e-01
9.427312612533569336e-01
9.192824959754943848e-01
9.396551847457885742e-01
9.652174115180969238e-01
9.422222375869750977e-01
9.251101613044738770e-01
9.159291982650756836e-01
9.333333373069763184e-01
9.480519294738769531e-01
9.521738886833190918e-01
9.529914259910583496e-01
9.322034120559692383e-01
9.406779408454895020e-01
9.151785969734191895e-01
9.743589758872985840e-01
9.661017060279846191e-01
9.653679728507995605e-01
8.874458670616149902e-01
9.741379022598266602e-01
9.361702203750610352e-01
9.744681119918823242e-01
9.662446975708007812e-01
9.957447052001953125e-01
8.553718924522399902e-01
9.330543875694274902e-01
9.789029359817504883e-01
9.873417615890502930e-01
9.915611743927001953e-01
9.350649118423461914e-01
9.247787594795227051e-01
9.451476931571960449e-01
9.747899174690246582e-01
9.698275923728942871e-01
9.707112908363342285e-01
9.872340559959411621e-01
9.662446975708007812e-01
9.790794849395751953e-01
8.908296823501586914e-01
9.787234067916870117e-01
9.915254116058349609e-01
1.000000000000000000e+00
9.957982897758483887e-01
1.000000000000000000e+00
1.000000000000000000e+00
