3.712375954092010655e-02
2.435903158628604723e-02
2.085638104462537654e-02
2.187241685683374848e-02
1.760197361769115509e-02
1.704995239636042034e-02
1.514982875779565322e-02
1.963634746541797343e-02
1.332748427590069173e-02
1.590982708352139258e-02
1.287425700846967468e-02
1.251958141677146120e-02
1.361365671397397892e-02
1.116565667280508545e-02
1.063843267134370781e-02
9.150317911133066390e-03
1.040578487094480538e-02
1.270380933666105314e-02
1.101979589775057070e-02
7.944236747793228734e-03
6.813510533508613208e-03
8.481928226478854457e-03
1.164872343108644404e-02
1.209859477710570168e-02
9.296868969766341681e-03
5.783052216195802044e-03
7.360570217999012378e-03
1.048547697506393636e-02
8.065685881845066976e-03
6.640960041447069306e-03
9.743453089498678443e-03
4.701481037156425916e-03
9.030653823759180257e-03
7.876181451528976862e-03
5.846349403424934768e-03
5.889240586803584469e-03
4.855958069994549715e-03
6.647590965786998214e-03
4.693511331442239143e-03
1.179707879027216445e-02
6.173307864212111869e-03
7.086271661276454491e-03
6.037060072013511816e-03
2.871343486892158695e-03
6.657805249446467968e-03
9.480080988379706308e-03
8.437848390908881183e-03
4.021062994511846733e-03
5.797991416606196324e-03
5.010710555326146863e-03
