6.344537734985351562e-01
6.470588445663452148e-01
6.680672168731689453e-01
6.680672168731689453e-01
7.478991746902465820e-01
7.268907427787780762e-01
7.521008253097534180e-01
6.722689270973205566e-01
7.773109078407287598e-01
7.436974644660949707e-01
7.857142686843872070e-01
7.815126180648803711e-01
7.563025355339050293e-01
8.025209903717041016e-01
8.277310729026794434e-01
8.529411554336547852e-01
8.277310729026794434e-01
8.067227005958557129e-01
7.941176295280456543e-01
8.613445162773132324e-01
8.739495873451232910e-01
8.823529481887817383e-01
7.899159789085388184e-01
8.067227005958557129e-01
8.655462265014648438e-01
8.907563090324401855e-01
8.613445162773132324e-01
8.613445162773132324e-01
8.655462265014648438e-01
8.949579596519470215e-01
8.529411554336547852e-01
9.033613204956054688e-01
8.823529481887817383e-01
8.571428656578063965e-01
9.243697524070739746e-01
8.907563090324401855e-01
9.117646813392639160e-01
8.739495873451232910e-01
9.159663915634155273e-01
8.361344337463378906e-01
9.117646813392639160e-01
8.949579596519470215e-01
8.991596698760986328e-01
9.663865566253662109e-01
9.033613204956054688e-01
8.697478771209716797e-01
8.487395048141479492e-01
9.411764740943908691e-01
9.243697524070739746e-01
9.159663915634155273e-01
