2.289654415152688957e-02
8.733002778808280145e-03
1.225125178321887637e-02
6.567221466330485334e-03
6.340727408905637644e-03
4.826686980121328886e-03
1.324255647526131202e-02
4.332809646446055506e-03
5.217347445792473032e-03
7.218912025072188321e-03
8.279275081805058389e-03
5.379143186051773239e-03
2.095703200991309509e-03
7.025355677570250396e-03
3.113187841178218125e-03
2.436877596131591626e-03
3.237516188869204309e-03
6.358023288393483546e-03
5.896359779085537725e-03
5.285179227798982894e-03
2.433420144270840441e-03
3.568277997366189110e-03
2.474089101618860958e-03
1.821564214852694789e-03
2.579119269543600924e-03
2.470253117716739513e-03
1.721881054532495032e-03
3.889608499777760103e-03
3.922857992624324830e-03
3.650261558244185817e-03
6.181076938383058515e-03
5.422153732415566432e-03
2.564891521844508710e-03
2.084451189495000172e-03
2.597043856156010504e-03
2.443752323328339787e-03
3.896981650762883676e-04
1.780815799037539955e-03
3.438189858701112302e-03
6.567386491402668267e-03
3.651648939044051679e-03
1.796435778132102245e-03
1.056547769959857719e-03
5.920253860704494976e-03
4.106323821195144918e-04
8.091601929456928004e-04
2.376550276171104491e-03
3.271966558126865213e-04
1.742807867715273412e-03
1.517566273751655079e-02
