8.728813529014587402e-01
9.105691313743591309e-01
8.925619721412658691e-01
9.411764740943908691e-01
9.090909361839294434e-01
9.495798349380493164e-01
8.595041036605834961e-01
9.579831957817077637e-01
9.344262480735778809e-01
9.159663915634155273e-01
9.186992049217224121e-01
9.268292784690856934e-01
9.834710955619812012e-01
9.250000119209289551e-01
9.750000238418579102e-01
9.669421315193176270e-01
9.268292784690856934e-01
9.491525292396545410e-01
9.499999880790710449e-01
9.583333134651184082e-01
9.669421315193176270e-01
9.745762944221496582e-01
9.590163826942443848e-01
9.752066135406494141e-01
9.752066135406494141e-01
9.593495726585388184e-01
9.916666746139526367e-01
9.512194991111755371e-01
9.666666388511657715e-01
9.663865566253662109e-01
9.512194991111755371e-01
9.416666626930236816e-01
9.752066135406494141e-01
9.593495726585388184e-01
9.590163826942443848e-01
9.752066135406494141e-01
9.918699264526367188e-01
9.917355179786682129e-01
9.586777091026306152e-01
9.583333134651184082e-01
9.672130942344665527e-01
9.833333492279052734e-01
9.836065769195556641e-01
9.666666388511657715e-01
9.918699264526367188e-01
1.000000000000000000e+00
9.917355179786682129e-01
1.000000000000000000e+00
9.834710955619812012e-01
8.606557250022888184e-01
