6.531555147854912757e-01
3.218685976366164603e-01
2.309693493081002025e-01
1.993428191058464194e-01
1.737759801472442134e-01
1.754283977069362177e-01
1.518755879796566677e-01
1.349692039789903708e-01
1.348464113760906580e-01
1.097705643763081107e-01
1.210004338190728973e-01
1.148862984114285418e-01
1.033116545209424586e-01
1.056647586411927492e-01
9.531160862986497173e-02
8.323709800603522335e-02
8.175888759176370979e-02
8.837211906483072310e-02
8.220583730448519089e-02
7.205316795915915618e-02
7.204240563297852062e-02
6.828189636884300640e-02
6.873856955276337610e-02
6.803733476834659955e-02
7.057890362315837052e-02
6.973220903919276348e-02
6.206127103408282802e-02
6.192055725718258880e-02
6.287369849458701587e-02
5.895774950000572806e-02
5.756254887114964358e-02
5.175123910549178641e-02
5.374505363834430199e-02
5.698313079226749456e-02
5.241342450990919138e-02
5.113830244961298926e-02
5.062434063122783073e-02
5.285809011915765243e-02
4.438143091095850951e-02
4.840943647258592886e-02
4.478873103418936491e-02
4.472623457236982875e-02
3.871671439482329835e-02
4.236263865531277040e-02
3.807256000454874861e-02
4.023583061456725146e-02
4.362918907096149934e-02
3.342726296477393361e-02
3.486342621427289401e-02
3.350036824409928504e-02
3.105248128521388359e-02
3.240989419553377132e-02
2.626658332212225902e-02
2.846604779213835271e-02
2.735133327844230244e-02
3.284796346954880347e-02
3.071115526359821657e-02
2.580058600766183333e-02
2.775448444922504893e-02
3.010456311704974922e-02
3.264832395334969078e-02
3.014759561162802873e-02
2.320141433715354126e-02
2.119880237873212475e-02
2.538497118961067361e-02
2.755665684566800319e-02
1.737379111936530190e-02
2.023066704061768362e-02
1.935681797644068017e-02
2.904747860682401622e-02
2.355857847407291650e-02
1.641541296128946198e-02
1.728549720119169561e-02
1.779310368097998529e-02
1.489758573002450577e-02
2.002642030430669060e-02
1.750790101710862981e-02
1.480071527777745803e-02
1.595522913108714941e-02
2.500786127830103428e-02
1.780747403069499191e-02
1.161602570984584214e-02
1.230337063106506403e-02
1.863587335190186947e-02
2.002616486836139229e-02
1.508001097970488799e-02
1.619784255107303839e-02
9.338496764349517656e-03
1.413823669180245927e-02
1.357844410865412070e-02
1.139903622667125770e-02
8.817285367825144701e-03
1.438969958356282886e-02
1.557382263813295552e-02
1.763096533301842725e-02
7.866374645301425772e-03
6.605584481155343281e-03
1.056732255902283202e-02
7.809337568471100451e-03
1.237105564403853490e-02
1.084141728983924538e-02
4.835072394388124743e-03
7.980176301980571041e-03
2.242311582248692967e-02
1.266212691428316058e-02
6.433587027587279843e-03
1.109675618079538316e-02
1.928896916932975811e-02
8.442309243822890968e-03
4.728423245374044695e-03
6.419030930867992112e-03
1.061036869156171958e-02
1.441038440557704421e-02
2.006177369347547645e-02
7.097795408056214311e-03
3.454035412730095157e-03
2.506664978190020765e-03
3.513435042725473849e-03
7.328716537322255142e-03
8.631589373151003428e-03
1.810401754248065764e-02
1.443958646809851386e-02
9.707969980215379671e-03
5.214851254652068911e-03
2.946912010698454591e-03
2.283011219062997931e-03
2.043414041607072296e-03
1.998734398918065522e-03
1.919232223534312687e-03
1.872958485430258795e-03
2.095683705752530730e-03
2.895457038056994253e-02
1.589232790697214445e-02
7.274918164741957065e-03
7.975410372355816804e-03
8.901022253185932043e-03
1.686369653632692478e-02
5.183478462595115036e-03
3.395526930754755226e-03
4.778516774565680705e-03
1.184525756080081343e-02
5.740611565001294513e-03
4.698710922350846780e-03
5.064848277986729388e-03
6.093415637601334173e-03
1.385444352324999989e-02
6.032249902721172931e-03
4.359467235980769330e-03
9.599608157438785025e-03
4.536637253504663923e-03
