2.616426053307279176e-01
1.087774852480507815e-01
8.517653081030387985e-02
8.151715288555942684e-02
7.699085991800862228e-02
5.979653969050856971e-02
6.377257835825561605e-02
6.628673341852771295e-02
5.672436908473859479e-02
5.231899556845327759e-02
5.027866912659760545e-02
5.968884116024294334e-02
4.710591264389682453e-02
4.740296862368671010e-02
4.531114440207185262e-02
3.984261279478367584e-02
3.311968614381873705e-02
3.946534441095551210e-02
3.569564476620190607e-02
3.340481221367601339e-02
3.040370782450219772e-02
3.314210856473810002e-02
3.023630379500164347e-02
2.813774975870967851e-02
2.504943036304738135e-02
2.486845002341474264e-02
2.785726125328450570e-02
2.615550608086800871e-02
2.365734964594074993e-02
2.218859112448510681e-02
1.615560093655519017e-02
1.937666414535058751e-02
2.180786925371778692e-02
2.154748903538821966e-02
1.501361274582776670e-02
1.975631891619982622e-02
1.313421619030516463e-02
1.806135895021832374e-02
1.317449045066460336e-02
1.599776150495000118e-02
1.286881359492035755e-02
1.274422083889881208e-02
9.729858952135659461e-03
7.677828017231755342e-03
1.247375008522362723e-02
9.603658473717186297e-03
9.862682045173308890e-03
1.131238723834808793e-02
1.429229058649318304e-02
1.671162264715467596e-02
9.484454013925126478e-03
1.113162001496596776e-02
6.550048664366362426e-03
1.146556755768305715e-02
6.175669352001633521e-03
7.075742808481970923e-03
7.998597044182606877e-03
1.327581280919833823e-02
6.766048703344731616e-03
6.526649383599923346e-03
7.676903135049026328e-03
7.202543669615561403e-03
7.110234969848737777e-03
1.234260042497368343e-02
1.071183278053072785e-02
6.793090393379708908e-03
3.061512001331466795e-03
2.762695966506292442e-03
2.590757797161509935e-03
2.507275319444142361e-03
2.445677540146168078e-03
2.382289194037816304e-03
1.116733946296297013e-02
2.252953899409464514e-02
6.419027346207233781e-03
4.773516693461101260e-03
7.497268741414000147e-03
4.501992867336104646e-03
7.053920679337626932e-03
5.429294907582807826e-03
6.366520419609967944e-03
3.829097470238464977e-03
5.069060210955821620e-03
3.903800458929893025e-03
6.633122751996902225e-03
2.854628973649407306e-03
1.908055729672529293e-03
1.860775560693443340e-03
1.848386302446510150e-03
1.798816328091083121e-03
1.768370882723427134e-03
1.736785399278131846e-03
1.716133028713410233e-03
1.668940889969353037e-03
1.633848512268468774e-03
1.598893305555303818e-03
1.562263841385247215e-03
1.528271344812664415e-03
1.485400820259209081e-03
1.445639369392417561e-03
1.404969622122425894e-03
1.363230548186262657e-03
1.320338515570279722e-03
2.037079862903621447e-02
1.572713315601310946e-02
8.220648979136199741e-03
6.369049516230761154e-03
1.356959614612274385e-02
9.326507791535296882e-03
1.380220685481652488e-03
1.418697956792596554e-03
2.042345121085339769e-03
1.623285730612923595e-03
4.248312773366580593e-03
1.772154790983658957e-03
2.181762389151250137e-03
2.085901960801112530e-03
3.769277318566763377e-03
6.425426440668313179e-03
2.173692500449952818e-03
9.438809404220212251e-03
2.970847558720313489e-03
1.508479806809998221e-03
1.160959571527345234e-03
1.139126103128189869e-03
1.123167212272241670e-03
1.118147122377749535e-03
1.099930373952135148e-03
1.089334917482866986e-03
1.073051463150148438e-03
1.059876452217240828e-03
1.045448397282468462e-03
1.029815877102378471e-03
1.018388717547990706e-03
9.996742758103217222e-04
9.796171822989685734e-04
9.615003674572971271e-04
9.409545397755195596e-04
9.213479174071194421e-04
9.003071637497752798e-04
8.758973310906720700e-04
8.520649986640618529e-04
8.272713931560319017e-04
8.013200368442781763e-04
7.745677560914489843e-04
7.468000157416324362e-04
7.196926997908408008e-04
6.914953525654585773e-04
6.604981268947904965e-04
6.296967014769018576e-04
