1.664153711037267280e-01
7.077738107092050590e-02
5.565959535625943783e-02
4.604159800223401461e-02
4.097227725702390355e-02
3.864046436686238706e-02
3.554490464685480106e-02
3.492073559296610813e-02
3.058068764328305406e-02
3.333631732532781750e-02
2.840822144569605731e-02
2.733919102761949230e-02
2.972193879454575888e-02
2.720555427590635664e-02
2.870503091293856099e-02
2.633334120334149958e-02
2.421037199469794690e-02
2.678664642197425144e-02
2.475696587493468256e-02
2.736534536364653922e-02
1.976980475635193440e-02
2.779394757549645198e-02
1.951786663984859602e-02
2.134207551050567447e-02
2.023857892935696651e-02
2.038850774762318921e-02
1.839255730493712104e-02
1.899921872519095070e-02
2.196934333919062579e-02
2.370630785746923735e-02
2.072575377070432281e-02
1.971886770821184437e-02
1.721895988415210119e-02
2.013228560049858812e-02
1.955933961401683241e-02
2.096089812058694879e-02
1.456000161493537122e-02
1.249302396794229296e-02
1.882915141367337564e-02
1.787825805963631429e-02
1.533338863702691894e-02
1.831827631110952842e-02
1.349485748408897796e-02
1.384542075363769283e-02
1.377820348669635264e-02
1.270725351460465224e-02
1.464829182348895489e-02
1.290007165838602012e-02
1.524776654884272935e-02
1.168356379521981805e-02
1.172449858008631565e-02
1.212966166732572411e-02
1.397628222395459752e-02
1.186666007150780598e-02
1.005991870909728886e-02
1.126427101377286757e-02
1.081773428877209550e-02
8.672552986686983892e-03
9.556819648474343051e-03
1.260906888186953678e-02
1.166926634682613657e-02
1.354303160581683992e-02
1.213302180314525941e-02
1.199242881597954377e-02
9.259602859537746991e-03
9.255787423706151457e-03
7.624502191119958416e-03
8.023996168634280404e-03
9.150490099909029673e-03
8.250848309982964507e-03
8.600740424386368876e-03
6.887375273699262307e-03
6.871081939354169339e-03
5.316845938617233147e-03
8.048464396362545181e-03
6.931494659612662083e-03
8.121349250712450729e-03
7.340136613793437660e-03
6.026228421736353098e-03
7.045008019618497104e-03
1.172012113887372677e-02
1.009841872954051964e-02
4.908574486300385127e-03
5.121802543239061326e-03
5.840550138600168577e-03
6.011698074774605126e-03
5.698283180412100357e-03
5.804730512810440078e-03
6.569855859392401305e-03
7.287700636126901409e-03
6.576887680015726899e-03
7.914105690919206668e-03
5.269010469389757284e-03
7.034832000491150067e-03
4.337537568617525277e-03
7.089424186138282291e-03
4.651038996020253821e-03
5.901533146668865894e-03
3.718071916009592272e-03
4.723335039911139011e-03
3.854278304813966646e-03
5.228448885346830693e-03
5.776326719444419000e-03
4.447741086687388018e-03
4.477836671605919111e-03
6.553668571533931633e-03
4.108046796463979584e-03
3.912337421395479381e-03
3.320385900980099905e-03
3.499986333571784847e-03
4.802629200617628512e-03
3.281013781782720750e-03
2.979238697697009913e-03
4.599482156695641928e-03
4.889709962473536529e-03
3.943802360400398485e-03
2.702264014110611779e-03
4.328337289587908150e-03
5.476687395349730432e-03
3.911493906462119169e-03
2.816528543450524166e-03
2.512714427687753362e-03
2.341778031359323213e-03
2.201374269518304241e-03
3.235512608755469061e-03
2.155342437211118199e-03
8.483142471921762892e-03
3.295008775115368035e-03
2.728688241237012951e-03
3.121341319382174920e-03
1.673064143946671137e-03
2.934248416988492758e-03
1.591671197722308593e-03
2.879584204142718925e-03
6.314977953961093977e-04
2.493421709978448433e-03
5.263157541800664307e-03
5.049789157793605279e-03
4.506620814689048238e-03
1.265559646585853520e-03
2.927410285200302692e-03
3.992462821003031626e-03
3.876580499232034748e-03
1.563156515327111720e-03
3.293997701068656150e-03
2.337037327347040675e-03
4.283628457651750092e-03
2.947389600755895463e-03
5.618244881308372303e-04
1.306048199940786775e-03
