2.020202018320560455e-02
1.315789520740509033e-01
4.130434691905975342e-01
5.744680762290954590e-01
7.115384340286254883e-01
7.187500000000000000e-01
6.857143044471740723e-01
6.712328791618347168e-01
7.792207598686218262e-01
6.986301541328430176e-01
6.818181872367858887e-01
7.948718070983886719e-01
6.989247202873229980e-01
7.191011309623718262e-01
7.083333134651184082e-01
7.395833134651184082e-01
7.727272510528564453e-01
7.065217494964599609e-01
7.555555701255798340e-01
7.311828136444091797e-01
8.988764286041259766e-01
7.578947544097900391e-01
7.956989407539367676e-01
7.755101919174194336e-01
7.920792102813720703e-01
8.020833134651184082e-01
8.217821717262268066e-01
7.352941036224365234e-01
8.020833134651184082e-01
7.395833134651184082e-01
7.641509175300598145e-01
7.523809671401977539e-01
8.100000023841857910e-01
7.641509175300598145e-01
7.575757503509521484e-01
7.474747300148010254e-01
8.529411554336547852e-01
8.811880946159362793e-01
8.130841255187988281e-01
8.365384340286254883e-01
8.240740895271301270e-01
8.383838534355163574e-01
8.240740895271301270e-01
8.396226167678833008e-01
8.431372642517089844e-01
8.333333134651184082e-01
7.946428656578063965e-01
8.333333134651184082e-01
8.190476298332214355e-01
8.715596199035644531e-01
9.038461446762084961e-01
8.796296119689941406e-01
8.653846383094787598e-01
8.611111044883728027e-01
8.849557638168334961e-01
8.181818127632141113e-01
8.608695864677429199e-01
9.230769276618957520e-01
8.909090757369995117e-01
8.378378152847290039e-01
8.785046935081481934e-01
8.086956739425659180e-01
8.288288116455078125e-01
8.508771657943725586e-01
8.727272748947143555e-01
8.434782624244689941e-01
9.272727370262145996e-01
9.122806787490844727e-01
8.761062026023864746e-01
9.043478369712829590e-01
8.938053250312805176e-01
9.217391014099121094e-01
9.210526347160339355e-01
9.385964870452880859e-01
8.888888955116271973e-01
9.115044474601745605e-01
9.017857313156127930e-01
9.043478369712829590e-01
9.454545378684997559e-01
9.217391014099121094e-01
8.482142686843872070e-01
9.026548862457275391e-01
9.482758641242980957e-01
9.487179517745971680e-01
9.059829115867614746e-01
9.032257795333862305e-01
9.083333611488342285e-01
9.537037014961242676e-01
9.473684430122375488e-01
9.292035102844238281e-01
9.137930870056152344e-01
9.122806787490844727e-01
9.396551847457885742e-01
8.739495873451232910e-01
9.487179517745971680e-01
8.907563090324401855e-01
9.396551847457885742e-01
9.380530714988708496e-01
9.411764740943908691e-01
9.557521939277648926e-01
9.411764740943908691e-01
9.642857313156127930e-01
9.152542352676391602e-01
9.396551847457885742e-01
9.565217494964599609e-01
9.217391014099121094e-01
9.658119678497314453e-01
9.565217494964599609e-01
9.482758641242980957e-01
9.338843226432800293e-01
9.237288236618041992e-01
9.824561476707458496e-01
9.663865566253662109e-01
9.557521939277648926e-01
9.166666865348815918e-01
9.491525292396545410e-01
9.576271176338195801e-01
9.411764740943908691e-01
9.075630307197570801e-01
9.572649598121643066e-01
9.747899174690246582e-01
9.658119678497314453e-01
9.829059839248657227e-01
9.915254116058349609e-01
9.504132270812988281e-01
9.586777091026306152e-01
9.224137663841247559e-01
9.491525292396545410e-01
9.827586412429809570e-01
9.666666388511657715e-01
9.752066135406494141e-01
9.590163826942443848e-01
9.750000238418579102e-01
9.661017060279846191e-01
9.918032884597778320e-01
9.672130942344665527e-01
9.385964870452880859e-01
9.391304254531860352e-01
9.344262480735778809e-01
9.915254116058349609e-01
9.663865566253662109e-01
9.491525292396545410e-01
9.663865566253662109e-01
9.750000238418579102e-01
9.572649598121643066e-01
9.586777091026306152e-01
9.491525292396545410e-01
9.508196711540222168e-01
1.000000000000000000e+00
9.834710955619812012e-01
