8.907563090324401855e-01
9.145299196243286133e-01
8.655462265014648438e-01
9.230769276618957520e-01
8.595041036605834961e-01
9.491525292396545410e-01
9.090909361839294434e-01
9.487179517745971680e-01
9.316239356994628906e-01
9.173553586006164551e-01
9.322034120559692383e-01
9.333333373069763184e-01
9.344262480735778809e-01
8.916666507720947266e-01
9.658119678497314453e-01
9.159663915634155273e-01
9.666666388511657715e-01
9.583333134651184082e-01
9.416666626930236816e-01
9.406779408454895020e-01
9.830508232116699219e-01
9.338843226432800293e-01
9.416666626930236816e-01
9.426229596138000488e-01
9.256198406219482422e-01
9.430894255638122559e-01
9.166666865348815918e-01
9.663865566253662109e-01
9.756097793579101562e-01
9.661017060279846191e-01
9.917355179786682129e-01
9.516128897666931152e-01
9.666666388511657715e-01
9.411764740943908691e-01
9.834710955619812012e-01
9.406779408454895020e-01
9.333333373069763184e-01
9.599999785423278809e-01
9.752066135406494141e-01
9.237288236618041992e-01
9.750000238418579102e-01
9.831932783126831055e-01
9.831932783126831055e-01
1.000000000000000000e+00
9.916666746139526367e-01
9.338843226432800293e-01
9.669421315193176270e-01
9.752066135406494141e-01
9.672130942344665527e-01
9.583333134651184082e-01
