8.181377266895599742e-01
3.360008798104342498e-01
2.356308434129075757e-01
2.223916903666132427e-01
1.942234130230122424e-01
1.875039656575989699e-01
1.557378930098328451e-01
1.581761773738868393e-01
1.506288539204020394e-01
1.534857862627241054e-01
1.376382628309021361e-01
1.379060525058172226e-01
1.206766364242933542e-01
1.191073768000938810e-01
1.149589721623160837e-01
1.202779342338605728e-01
1.115053420513587440e-01
1.056184526221160408e-01
1.058362244481281939e-01
1.079204284025393340e-01
9.466462709287674915e-02
9.559138151573047526e-02
8.940643903908529477e-02
8.565870993628485475e-02
9.362135185381623148e-02
8.278656531879352576e-02
8.384172659840531672e-02
8.198131079572441859e-02
7.764909045494843010e-02
7.272360990328739783e-02
7.168283339630555917e-02
6.836635735513599266e-02
7.677524182994635571e-02
7.603799186982537761e-02
7.012570682608357253e-02
7.233640910587893491e-02
6.291917905891071527e-02
6.220426991935770061e-02
6.437852780927566521e-02
6.779621170269928276e-02
5.783540916169617463e-02
5.854980218004122300e-02
5.955599178979577302e-02
5.770038567452533129e-02
5.274612996397246012e-02
5.867406585268870184e-02
5.105800603246446467e-02
5.146986271356170095e-02
5.115900379147477611e-02
4.973882578911531516e-02
4.864296138541449044e-02
5.281258159914906103e-02
4.808508046069686487e-02
5.054116890268295359e-02
4.212096831257550883e-02
4.056175820019743139e-02
3.936058159200057222e-02
4.283009117790046588e-02
4.146525535509242716e-02
4.206258060429575452e-02
3.943657308642791598e-02
3.770576834677245859e-02
3.724369560008537750e-02
3.472815673437448097e-02
3.675431484831135492e-02
3.734140525590607523e-02
3.659946645514901287e-02
4.043215846483477066e-02
3.193074655176737081e-02
2.908368618829583821e-02
2.904713757671738630e-02
2.946957039158500796e-02
2.742924355433834505e-02
2.967105492552102666e-02
2.717257838147206853e-02
2.553243186483507288e-02
2.213610710847885646e-02
3.099163813250405478e-02
2.780911780990691015e-02
2.937873851659202409e-02
2.305582530575018413e-02
2.296748123522405691e-02
2.002038075660607722e-02
2.171306754214934187e-02
3.052569339062374126e-02
2.146523610695415946e-02
2.381892447708096675e-02
1.837785809556751609e-02
2.022865721552193422e-02
2.187876526032540500e-02
1.640838305416730813e-02
1.575419698001818969e-02
1.132297373594083612e-02
2.434170370160777808e-02
1.748942330190360675e-02
1.322723504029849062e-02
2.331282795823568649e-02
1.828224422470510133e-02
1.225109917790615996e-02
1.524274115992342755e-02
1.498237345571276115e-02
1.912651066524403282e-02
1.844082443214548409e-02
1.268503975565132835e-02
1.590491892405547850e-02
1.636554828716482030e-02
1.723812067518947985e-02
1.474278916577084417e-02
1.314223707396265997e-02
1.817933483420679230e-02
1.025072558792823954e-02
1.859211518242814831e-02
9.920210091630961985e-03
1.267466728933242665e-02
8.561577070349967941e-03
1.587201556188391066e-02
1.236763835006667034e-02
7.790555049466229946e-03
1.207729926142564990e-02
2.001065969554222113e-02
1.072894258028309761e-02
1.122153052411442760e-02
7.461452531820332058e-03
8.033972405159794938e-03
9.989585516124098799e-03
9.724164697142578459e-03
1.357727544268124906e-02
1.603838659303745071e-02
1.089110270555384251e-02
8.266256252041137564e-03
6.638114760523465899e-03
1.933809550597707580e-02
7.739372902574025506e-03
6.295264315408086869e-03
5.074429370228045362e-03
6.805108940006607959e-03
8.827462886827669789e-03
2.503173718817989710e-02
1.087057058395072932e-02
1.122401094029363069e-02
1.087044154976968789e-02
9.276813600030494114e-03
8.805527804574560247e-03
8.996554097558080026e-03
4.266166017691632936e-03
2.416394633884112395e-03
2.498129044795992411e-03
2.330645473255845215e-03
1.892509114729500974e-03
8.775035000121507445e-03
