1.866165179572211799e-02
9.859253839957853385e-03
1.021583601714251728e-02
8.367598993304022764e-03
7.196715095417129289e-03
6.856260214524686515e-03
5.851661052375669962e-03
2.560514645615541342e-03
3.140877381628714125e-03
6.272353960228709523e-03
1.431967752296516884e-02
5.326373271829198605e-03
9.621310131604651761e-03
7.843812341165844193e-03
9.257832064153528537e-03
6.915594119436834289e-03
3.510478645204773325e-03
3.794689693450770292e-03
3.708038739919126709e-03
4.058025164281590762e-03
4.121596138731401307e-03
1.337181337289984791e-02
3.864797672412375890e-03
5.882207968500668960e-03
1.968441416418876839e-03
1.413021474667129802e-03
2.203341014880143712e-03
1.150629134168434931e-02
5.775345298117046111e-03
3.391231936579826040e-03
1.549821501138992121e-03
1.413563483554168988e-03
1.263201297221441506e-03
1.257341671134512692e-03
1.232654499392129557e-03
1.219967755067691935e-03
1.210911521888938594e-03
1.188274379780252183e-03
1.175445896784044382e-03
1.178655124113877186e-03
1.140565742535741079e-03
1.119867574657858926e-03
1.101941661722170493e-03
1.082162137574518195e-03
1.101622362680197741e-03
1.049372567056853535e-03
1.017837939620506353e-03
1.023807280891856492e-03
9.822216834557925304e-04
9.459197740159125964e-04
