6.906907260417938232e-02
1.531531512737274170e-01
2.942942976951599121e-01
4.534534513950347900e-01
4.534534513950347900e-01
4.804804921150207520e-01
5.285285115242004395e-01
5.855855941772460938e-01
5.945945978164672852e-01
5.915915966033935547e-01
6.366366147994995117e-01
6.066066026687622070e-01
6.366366147994995117e-01
6.486486196517944336e-01
7.087087035179138184e-01
7.027027010917663574e-01
6.906906962394714355e-01
7.147147059440612793e-01
7.357357144355773926e-01
7.297297120094299316e-01
7.387387156486511230e-01
7.477477192878723145e-01
7.837837934494018555e-01
7.777777910232543945e-01
7.507507801055908203e-01
7.807807922363281250e-01
7.327327132225036621e-01
7.717717885971069336e-01
8.018018007278442383e-01
8.138138055801391602e-01
7.747747898101806641e-01
7.807807922363281250e-01
7.807807922363281250e-01
8.258258104324340820e-01
8.348348140716552734e-01
8.138138055801391602e-01
8.228228092193603516e-01
8.198198080062866211e-01
7.957957983016967773e-01
8.288288116455078125e-01
8.258258104324340820e-01
8.378378152847290039e-01
8.318318128585815430e-01
8.198198080062866211e-01
8.528528809547424316e-01
8.588588833808898926e-01
8.078078031539916992e-01
8.708708882331848145e-01
8.588588833808898926e-01
8.588588833808898926e-01
8.588588833808898926e-01
8.768768906593322754e-01
8.408408164978027344e-01
8.468468189239501953e-01
8.618618845939636230e-01
8.798798918724060059e-01
8.828828930854797363e-01
8.768768906593322754e-01
8.978978991508483887e-01
8.828828930854797363e-01
9.069069027900695801e-01
9.099099040031433105e-01
9.189189076423645020e-01
8.918918967247009277e-01
9.099099040031433105e-01
8.948948979377746582e-01
9.249249100685119629e-01
9.189189076423645020e-01
9.279279112815856934e-01
9.309309124946594238e-01
9.009009003639221191e-01
9.249249100685119629e-01
9.339339137077331543e-01
9.369369149208068848e-01
9.069069027900695801e-01
9.069069027900695801e-01
9.399399161338806152e-01
9.609609842300415039e-01
9.489489197731018066e-01
9.009009003639221191e-01
9.429429173469543457e-01
9.489489197731018066e-01
9.399399161338806152e-01
9.639639854431152344e-01
8.978978991508483887e-01
9.579579830169677734e-01
9.669669866561889648e-01
9.609609842300415039e-01
9.459459185600280762e-01
9.549549818038940430e-01
9.369369149208068848e-01
9.579579830169677734e-01
9.669669866561889648e-01
9.639639854431152344e-01
9.669669866561889648e-01
9.519519805908203125e-01
9.729729890823364258e-01
9.609609842300415039e-01
9.279279112815856934e-01
9.729729890823364258e-01
9.819819927215576172e-01
9.759759902954101562e-01
9.549549818038940430e-01
9.639639854431152344e-01
9.609609842300415039e-01
9.879879951477050781e-01
9.819819927215576172e-01
9.849849939346313477e-01
9.579579830169677734e-01
9.489489197731018066e-01
9.909909963607788086e-01
9.789789915084838867e-01
9.699699878692626953e-01
9.609609842300415039e-01
9.759759902954101562e-01
9.759759902954101562e-01
9.819819927215576172e-01
9.969969987869262695e-01
9.879879951477050781e-01
9.759759902954101562e-01
9.699699878692626953e-01
9.489489197731018066e-01
9.639639854431152344e-01
9.639639854431152344e-01
9.819819927215576172e-01
9.879879951477050781e-01
9.729729890823364258e-01
9.759759902954101562e-01
9.939939975738525391e-01
9.939939975738525391e-01
9.519519805908203125e-01
9.849849939346313477e-01
9.849849939346313477e-01
9.489489197731018066e-01
9.699699878692626953e-01
9.909909963607788086e-01
9.879879951477050781e-01
9.819819927215576172e-01
9.729729890823364258e-01
9.639639854431152344e-01
9.819819927215576172e-01
9.819819927215576172e-01
9.729729890823364258e-01
9.849849939346313477e-01
9.759759902954101562e-01
9.939939975738525391e-01
1.000000000000000000e+00
1.000000000000000000e+00
1.000000000000000000e+00
1.000000000000000000e+00
