2.105263248085975647e-02
1.782178282737731934e-01
2.705882489681243896e-01
2.872340381145477295e-01
3.402061760425567627e-01
4.130434691905975342e-01
4.329896867275238037e-01
3.939394056797027588e-01
4.845360815525054932e-01
5.054945349693298340e-01
4.891304373741149902e-01
5.612244606018066406e-01
5.268816947937011719e-01
5.961538553237915039e-01
5.816326737403869629e-01
5.728155374526977539e-01
6.276595592498779297e-01
6.224489808082580566e-01
6.435643434524536133e-01
6.847826242446899414e-01
6.363636255264282227e-01
7.052631378173828125e-01
7.113401889801025391e-01
7.010309100151062012e-01
7.029703259468078613e-01
6.804123520851135254e-01
7.171717286109924316e-01
7.473683953285217285e-01
7.474747300148010254e-01
7.169811129570007324e-01
6.767676472663879395e-01
7.669903039932250977e-01
7.500000000000000000e-01
6.568627357482910156e-01
7.809523940086364746e-01
7.452830076217651367e-01
7.289719581604003906e-01
6.666666865348815918e-01
7.247706651687622070e-01
7.431192398071289062e-01
7.522935867309570312e-01
8.130841255187988281e-01
7.663551568984985352e-01
8.000000119209289551e-01
8.000000119209289551e-01
8.000000119209289551e-01
8.207547068595886230e-01
8.378378152847290039e-01
7.672413587570190430e-01
8.504672646522521973e-01
8.715596199035644531e-01
8.347826004028320312e-01
8.053097128868103027e-01
8.053097128868103027e-01
8.454545736312866211e-01
8.909090757369995117e-01
8.807339668273925781e-01
8.750000000000000000e-01
9.285714030265808105e-01
8.495575189590454102e-01
8.793103694915771484e-01
8.053097128868103027e-01
8.947368264198303223e-01
8.508771657943725586e-01
8.119658231735229492e-01
8.584070801734924316e-01
8.636363744735717773e-01
8.956521749496459961e-01
9.568965435028076172e-01
8.803418874740600586e-01
9.145299196243286133e-01
8.947368264198303223e-01
8.620689511299133301e-01
8.793103694915771484e-01
9.333333373069763184e-01
9.304347634315490723e-01
9.137930870056152344e-01
9.487179517745971680e-01
8.672566413879394531e-01
8.512396812438964844e-01
8.983050584793090820e-01
8.898305296897888184e-01
9.316239356994628906e-01
9.237288236618041992e-01
9.217391014099121094e-01
9.090909361839294434e-01
9.137930870056152344e-01
8.925619721412658691e-01
8.833333253860473633e-01
9.067796468734741211e-01
8.991596698760986328e-01
9.572649598121643066e-01
9.333333373069763184e-01
9.491525292396545410e-01
9.661017060279846191e-01
8.898305296897888184e-01
9.322034120559692383e-01
8.916666507720947266e-01
9.322034120559692383e-01
9.747899174690246582e-01
9.406779408454895020e-01
9.051724076271057129e-01
9.067796468734741211e-01
9.008264541625976562e-01
9.411764740943908691e-01
9.237288236618041992e-01
9.075630307197570801e-01
9.059829115867614746e-01
9.663865566253662109e-01
9.333333373069763184e-01
9.217391014099121094e-01
9.499999880790710449e-01
8.595041036605834961e-01
9.473684430122375488e-01
9.416666626930236816e-01
9.661017060279846191e-01
9.495798349380493164e-01
9.579831957817077637e-01
9.411764740943908691e-01
9.586777091026306152e-01
9.583333134651184082e-01
9.747899174690246582e-01
9.243697524070739746e-01
9.401709437370300293e-01
9.421487450599670410e-01
9.579831957817077637e-01
9.658119678497314453e-01
8.524590134620666504e-01
9.411764740943908691e-01
9.666666388511657715e-01
9.913793206214904785e-01
9.159663915634155273e-01
9.504132270812988281e-01
9.752066135406494141e-01
9.426229596138000488e-01
9.487179517745971680e-01
9.590163826942443848e-01
9.666666388511657715e-01
9.658119678497314453e-01
9.217391014099121094e-01
1.000000000000000000e+00
9.655172228813171387e-01
9.491525292396545410e-01
9.186992049217224121e-01
9.579831957817077637e-01
9.579831957817077637e-01
9.752066135406494141e-01
1.000000000000000000e+00
9.583333134651184082e-01
9.661017060279846191e-01
