3.743185025309981317e-01
1.139952879523739859e-01
8.924648587760809770e-02
8.789584102844130720e-02
7.440447585973046507e-02
6.886870744691235557e-02
6.460198973836092651e-02
5.889160866304853775e-02
5.110242903443569518e-02
5.866465202946134772e-02
6.308061954794494386e-02
4.542224606997105618e-02
5.380518632314471722e-02
3.925683991603331341e-02
5.009988781973122307e-02
3.843048057899443870e-02
3.641908501013538246e-02
3.682495566902242723e-02
3.727988707146231290e-02
2.839963016575993565e-02
3.084964249194019001e-02
2.845077894069049027e-02
2.921579484103378407e-02
2.927829384969553653e-02
2.871443060065409850e-02
2.861815607418423044e-02
3.019380058960337634e-02
2.428794579471503512e-02
2.040958020126405412e-02
1.904301138326892906e-02
2.157183178385727040e-02
2.552705498925352326e-02
1.767648499782370833e-02
1.501427334159579838e-02
1.977477082931280647e-02
1.813079533723784692e-02
1.311685441013215984e-02
1.285878450956720424e-02
1.248594680366028539e-02
1.428851070284635136e-02
1.467106107631975694e-02
1.518013357462614198e-02
1.573229302542914973e-02
1.771371934525928921e-02
1.170193964003031495e-02
1.135394243426201752e-02
1.410093049441011118e-02
7.366014383671618503e-03
6.836179348613769316e-03
8.818359610546859170e-03
8.990358636461392647e-03
6.460986049272430046e-03
1.578465784252862728e-02
1.468532565061815391e-02
6.918061316375041271e-03
5.559426348220725816e-03
4.696324024433026767e-03
4.063919135213512300e-03
4.216265394556177951e-03
4.981954717589388328e-03
1.483653191863769892e-02
9.542295814407205853e-03
9.303066841233829584e-03
3.641819965872542236e-03
1.121531099856171165e-02
6.596571988994395785e-03
6.194154719769702500e-03
3.642779963694543072e-03
3.601935551268551760e-03
7.975060114778822692e-03
5.908773758843590372e-03
1.318171914913850856e-02
1.086292798747693841e-02
4.277965511613582988e-03
3.192967998118041457e-03
3.614340447274397381e-03
7.617176693301399605e-03
8.315636454243931913e-03
1.268501195501030646e-02
3.683037515137099326e-03
2.801269994406067367e-03
2.849780397305389217e-03
2.438681902320738362e-03
2.341331943695588568e-03
2.211697250875223255e-03
2.169791605195449218e-03
2.131540394371355361e-03
2.067121303578309081e-03
9.177688094514992873e-03
9.413860929577052075e-03
1.793024305161054419e-02
4.932726953543774447e-03
6.979426134613374647e-03
3.365765004994230453e-03
3.092964953917951270e-03
6.891316611459530339e-03
1.958939261433407294e-03
1.809393258083032228e-03
1.826049154872672791e-03
1.747007847997541835e-03
1.717736331267133605e-03
2.783036179939554159e-03
8.187063598033257963e-03
1.745210991206100348e-02
7.132817476307243276e-03
1.956315023266943631e-03
2.458785520215717949e-03
1.578062992308695801e-03
1.591270658788355129e-03
1.540445417964522029e-03
1.518485505913451730e-03
1.492147090342669851e-03
1.464802287049720222e-03
1.437814289482352301e-03
1.411953348121474001e-03
1.383070850807525259e-03
1.354607934051382757e-03
1.323914980632638280e-03
1.298929090087917477e-03
1.261009305121966973e-03
1.230450630847004312e-03
1.193820182348794435e-03
1.168671184604416855e-03
1.125973023446129534e-03
1.087692213287894203e-03
1.051696877248048043e-03
1.012242895473273009e-03
9.739084662117732886e-04
9.346735627019148087e-04
8.946016255140019999e-04
8.549414465577917337e-04
8.167728112322737450e-04
7.787890393917529892e-04
7.354334150394749737e-04
6.951999781381320914e-04
6.549679388414757046e-04
6.152411053914874075e-04
5.759610251156025741e-04
5.373131621145355377e-04
4.994397557454622640e-04
4.620029998498956258e-04
4.262284105732686468e-04
3.914019044557344711e-04
3.573502879739650262e-04
3.245530377113702079e-04
3.124286502649981437e-02
7.534287160584609601e-03
6.223118298150306232e-03
4.334342229509203885e-03
1.543178100920884798e-03
