2.479338832199573517e-02
2.478632479906082153e-01
4.583333432674407959e-01
5.098039507865905762e-01
5.317460298538208008e-01
5.275590419769287109e-01
5.859375000000000000e-01
6.560000181198120117e-01
6.935483813285827637e-01
6.287878751754760742e-01
6.328125000000000000e-01
7.175572514533996582e-01
6.299212574958801270e-01
7.862595319747924805e-01
6.791045069694519043e-01
7.716535329818725586e-01
8.000000119209289551e-01
7.593985199928283691e-01
7.803030014038085938e-01
8.372092843055725098e-01
8.175182342529296875e-01
8.175182342529296875e-01
8.102189898490905762e-01
7.794117927551269531e-01
7.956204414367675781e-01
8.382353186607360840e-01
7.969924807548522949e-01
8.321167826652526855e-01
9.029850959777832031e-01
8.888888955116271973e-01
8.848921060562133789e-01
8.333333134651184082e-01
9.142857193946838379e-01
9.064748287200927734e-01
8.723404407501220703e-01
8.985507488250732422e-01
9.428571462631225586e-01
9.416058659553527832e-01
9.424460530281066895e-01
9.338235259056091309e-01
9.214285612106323242e-01
9.136690497398376465e-01
8.741258978843688965e-01
8.686131238937377930e-01
9.214285612106323242e-01
9.295774698257446289e-01
9.148936271667480469e-01
9.716312289237976074e-01
9.787234067916870117e-01
9.571428298950195312e-01
9.370629191398620605e-01
9.787234067916870117e-01
8.999999761581420898e-01
8.936170339584350586e-01
9.710144996643066406e-01
9.784172773361206055e-01
9.859154820442199707e-01
1.000000000000000000e+00
9.929078221321105957e-01
9.788732528686523438e-01
9.014084339141845703e-01
9.411764740943908691e-01
9.637681245803833008e-01
1.000000000000000000e+00
9.285714030265808105e-01
9.574468135833740234e-01
9.640287756919860840e-01
9.858155846595764160e-01
9.860140085220336914e-01
9.503546357154846191e-01
9.716312289237976074e-01
9.172413945198059082e-01
9.290780425071716309e-01
9.787234067916870117e-01
9.859154820442199707e-01
9.788732528686523438e-01
9.503546357154846191e-01
9.499999880790710449e-01
9.280575513839721680e-01
9.859154820442199707e-01
1.000000000000000000e+00
9.929577708244323730e-01
9.929577708244323730e-01
1.000000000000000000e+00
1.000000000000000000e+00
1.000000000000000000e+00
1.000000000000000000e+00
1.000000000000000000e+00
9.503546357154846191e-01
9.424460530281066895e-01
9.148936271667480469e-01
9.714285731315612793e-01
9.440559148788452148e-01
9.859154820442199707e-01
9.858155846595764160e-01
9.574468135833740234e-01
1.000000000000000000e+00
1.000000000000000000e+00
1.000000000000000000e+00
1.000000000000000000e+00
1.000000000000000000e+00
9.857142567634582520e-01
9.357143044471740723e-01
8.873239159584045410e-01
9.642857313156127930e-01
9.929078221321105957e-01
9.929078221321105957e-01
1.000000000000000000e+00
1.000000000000000000e+00
1.000000000000000000e+00
1.000000000000000000e+00
1.000000000000000000e+00
1.000000000000000000e+00
1.000000000000000000e+00
1.000000000000000000e+00
1.000000000000000000e+00
1.000000000000000000e+00
1.000000000000000000e+00
1.000000000000000000e+00
1.000000000000000000e+00
1.000000000000000000e+00
1.000000000000000000e+00
1.000000000000000000e+00
1.000000000000000000e+00
1.000000000000000000e+00
1.000000000000000000e+00
1.000000000000000000e+00
1.000000000000000000e+00
1.000000000000000000e+00
1.000000000000000000e+00
1.000000000000000000e+00
1.000000000000000000e+00
1.000000000000000000e+00
1.000000000000000000e+00
1.000000000000000000e+00
1.000000000000000000e+00
1.000000000000000000e+00
1.000000000000000000e+00
1.000000000000000000e+00
1.000000000000000000e+00
1.000000000000000000e+00
1.000000000000000000e+00
1.000000000000000000e+00
1.000000000000000000e+00
1.000000000000000000e+00
8.394160866737365723e-01
9.142857193946838379e-01
9.507042169570922852e-01
9.642857313156127930e-01
9.859154820442199707e-01
