2.127659507095813751e-02
2.056737542152404785e-01
3.900709152221679688e-01
3.687943220138549805e-01
4.751773178577423096e-01
4.751773178577423096e-01
5.319148898124694824e-01
5.815602540969848633e-01
6.099290847778320312e-01
5.886524915695190430e-01
5.744680762290954590e-01
6.666666865348815918e-01
5.673758983612060547e-01
7.304964661598205566e-01
6.453900933265686035e-01
6.950354576110839844e-01
7.092198729515075684e-01
7.163120508193969727e-01
7.304964661598205566e-01
7.659574747085571289e-01
7.943262457847595215e-01
7.943262457847595215e-01
7.872340679168701172e-01
7.517730593681335449e-01
7.730496525764465332e-01
8.085106611251831055e-01
7.517730593681335449e-01
8.085106611251831055e-01
8.581560254096984863e-01
8.510638475418090820e-01
8.723404407501220703e-01
7.801418304443359375e-01
9.078013896942138672e-01
8.936170339584350586e-01
8.723404407501220703e-01
8.794326186180114746e-01
9.361702203750610352e-01
9.148936271667480469e-01
9.290780425071716309e-01
9.007092118263244629e-01
9.148936271667480469e-01
9.007092118263244629e-01
8.865247964859008789e-01
8.439716100692749023e-01
9.148936271667480469e-01
9.361702203750610352e-01
9.148936271667480469e-01
9.716312289237976074e-01
9.787234067916870117e-01
9.503546357154846191e-01
9.503546357154846191e-01
9.787234067916870117e-01
8.936170339584350586e-01
8.936170339584350586e-01
9.503546357154846191e-01
9.645389914512634277e-01
9.929078221321105957e-01
1.000000000000000000e+00
9.929078221321105957e-01
9.858155846595764160e-01
9.078013896942138672e-01
9.078013896942138672e-01
9.432623982429504395e-01
9.929078221321105957e-01
9.219858050346374512e-01
9.574468135833740234e-01
9.503546357154846191e-01
9.858155846595764160e-01
1.000000000000000000e+00
9.503546357154846191e-01
9.716312289237976074e-01
9.432623982429504395e-01
9.290780425071716309e-01
9.787234067916870117e-01
9.929078221321105957e-01
9.858155846595764160e-01
9.503546357154846191e-01
9.432623982429504395e-01
9.148936271667480469e-01
9.929078221321105957e-01
9.929078221321105957e-01
1.000000000000000000e+00
1.000000000000000000e+00
1.000000000000000000e+00
1.000000000000000000e+00
1.000000000000000000e+00
1.000000000000000000e+00
1.000000000000000000e+00
9.503546357154846191e-01
9.290780425071716309e-01
9.148936271667480469e-01
9.645389914512634277e-01
9.574468135833740234e-01
9.929078221321105957e-01
9.858155846595764160e-01
9.574468135833740234e-01
1.000000000000000000e+00
1.000000000000000000e+00
1.000000000000000000e+00
1.000000000000000000e+00
1.000000000000000000e+00
9.787234067916870117e-01
9.290780425071716309e-01
8.936170339584350586e-01
9.574468135833740234e-01
9.929078221321105957e-01
9.929078221321105957e-01
1.000000000000000000e+00
1.000000000000000000e+00
1.000000000000000000e+00
1.000000000000000000e+00
1.000000000000000000e+00
1.000000000000000000e+00
1.000000000000000000e+00
1.000000000000000000e+00
1.000000000000000000e+00
1.000000000000000000e+00
1.000000000000000000e+00
1.000000000000000000e+00
1.000000000000000000e+00
1.000000000000000000e+00
1.000000000000000000e+00
1.000000000000000000e+00
1.000000000000000000e+00
1.000000000000000000e+00
1.000000000000000000e+00
1.000000000000000000e+00
1.000000000000000000e+00
1.000000000000000000e+00
1.000000000000000000e+00
1.000000000000000000e+00
1.000000000000000000e+00
1.000000000000000000e+00
1.000000000000000000e+00
1.000000000000000000e+00
1.000000000000000000e+00
1.000000000000000000e+00
1.000000000000000000e+00
1.000000000000000000e+00
1.000000000000000000e+00
1.000000000000000000e+00
1.000000000000000000e+00
1.000000000000000000e+00
1.000000000000000000e+00
1.000000000000000000e+00
8.156028389930725098e-01
9.078013896942138672e-01
9.574468135833740234e-01
9.574468135833740234e-01
9.929078221321105957e-01
