1.303093490495931678e-02
1.109349236035166338e-02
7.387078286664099623e-03
6.724221643891556237e-03
4.143751167985836384e-03
3.130753085774519440e-03
3.880135683356314945e-03
3.089182724129449758e-03
2.730393810183671249e-03
3.501995379237116904e-03
3.454625652770135051e-03
2.588264660178810333e-03
1.603646335636363775e-03
1.031616364569132218e-03
1.694644614142372949e-03
1.232666387950524236e-03
5.199773142927065781e-04
5.301899459772174868e-04
2.126268616760202106e-03
3.327754383641505324e-03
2.858823138650578351e-03
1.463817930040362718e-03
3.239026853359814988e-03
8.291527910903938141e-04
1.126785874102457239e-03
9.267554887389932048e-04
3.495012101826860777e-03
4.208720049655448152e-03
1.573019767521176542e-03
1.169974448222651110e-03
1.253727178758001293e-03
1.733429861533513239e-03
2.989246919714894936e-04
3.557974250975733891e-04
2.638600532115237349e-03
1.236419117989905276e-03
2.527978625119169489e-04
6.901980589402731750e-04
8.484941683022128624e-04
1.095336750600855048e-03
2.056900842070300602e-03
3.383175419343274933e-03
2.092750466457172359e-03
1.886638263642277658e-03
1.371232959510959842e-03
2.141913520385709414e-03
7.749752761369362464e-04
4.221960341988280005e-03
1.781778173114404243e-03
3.146213199686963497e-04
