2.858651593008965652e-01
1.166023833024333878e-01
7.012088377795576422e-02
6.592634648788558982e-02
6.750238382410880811e-02
6.217905985980081568e-02
4.837784437262674514e-02
4.321188226912976715e-02
4.242049875877222653e-02
4.389013561772043409e-02
4.491235886053591281e-02
3.782001762763400471e-02
3.675571034018883243e-02
3.369426607952335367e-02
3.892450463501472002e-02
3.058258922360363591e-02
3.362435790537784963e-02
3.141791995788242170e-02
3.170105286094278274e-02
2.959163391997497380e-02
2.554718285790371843e-02
2.498858288624608223e-02
3.017567733957489395e-02
2.359043527323630499e-02
2.192633708139032911e-02
2.005756281107894112e-02
2.249691918456916614e-02
2.402174003237075167e-02
2.000344997444613443e-02
2.125556031734501111e-02
2.552283628897060105e-02
2.964387618314612283e-02
1.817919688284657873e-02
2.340353513764571042e-02
1.559033597496697725e-02
1.999679892834072339e-02
2.121368560791233107e-02
1.197205786877853471e-02
1.863356889917546291e-02
1.383870438022489005e-02
1.448174586230916924e-02
1.814266109983514799e-02
1.362129906503887003e-02
2.140662642159871926e-02
1.252711610803702164e-02
1.370176284658520920e-02
1.452701823691791849e-02
1.495591471323962605e-02
1.792342704149000113e-02
1.679227054527334534e-02
2.039757797432223060e-02
1.178809462252680164e-02
8.637410350861554967e-03
1.068921962449579169e-02
9.343751654087129044e-03
1.107929196084240543e-02
1.183077383116979374e-02
6.235359820392675882e-03
1.224888836640228122e-02
1.171249581923079069e-02
3.662376960322957613e-03
6.800250307765915922e-03
8.779043046975222586e-03
1.117975295115066631e-02
7.374685516817530359e-03
1.343730304168408787e-02
6.079364534461938543e-03
1.063084555810854363e-02
1.280411382675994414e-02
9.108382298201517235e-03
1.178610862738524272e-02
1.179272173701397669e-02
1.159182086232786284e-02
8.576188831323701064e-03
6.112690368288127042e-03
8.968095201927903798e-03
5.477491229659503351e-03
7.720573430316441006e-03
5.554879423415081188e-03
7.464750479399732616e-03
4.753659376039909637e-03
3.307001675274793065e-03
5.618254158666965460e-03
5.581013785212605126e-03
1.373945883252084693e-02
5.209932702156839200e-03
2.596365479240397584e-03
6.808283186877477078e-03
5.322508154625094079e-03
3.717127397255313472e-03
6.345219097367071036e-03
1.006629835758548683e-02
1.163586140199774667e-02
3.532323835740550522e-03
7.280790089478382694e-03
3.954479792831692986e-03
7.475448441985198429e-03
1.241882469795622598e-02
1.160048932553978465e-02
6.411123254167801731e-03
7.138768104347745919e-03
6.001692526768282084e-03
1.245571390462593860e-02
2.480715800601120211e-03
1.565191845949761044e-03
2.665163143910575204e-03
4.413706226326963994e-03
3.218800378140578705e-03
8.544187895124287155e-03
4.659348813589961683e-03
9.896216435573640738e-03
3.837080020065722179e-03
5.236959265571577982e-03
7.423289871103804123e-03
4.104117146760689547e-03
1.993713286757403235e-03
2.892925386304642972e-03
1.041952307539345014e-02
7.342197350706648577e-03
3.935668982310785470e-03
3.968122770216211265e-03
5.503151476033077069e-03
2.468853965291093605e-03
6.717032877143350525e-03
2.512712918682859231e-03
4.803835271036103506e-03
2.087943687988403751e-03
4.183980011484194142e-03
6.536425412100529270e-03
7.742246069610511303e-03
3.119588283094853511e-03
7.929720563972838393e-04
1.108441113654080878e-03
1.042651924607878450e-02
1.279770284031069190e-02
2.237051088933327166e-03
1.274022184032130986e-03
1.820098730636084431e-03
2.962784025060005277e-03
9.072434248307954807e-03
2.831795010933824391e-03
4.851367447650167461e-03
1.000603209659274183e-03
2.434923389886886960e-03
1.271171266771526720e-03
2.885334315059168674e-03
2.409868307310041903e-03
1.615321583520086925e-03
4.420020394175187481e-03
7.509644389156150228e-03
