8.907563090324401855e-01
8.833333253860473633e-01
9.250000119209289551e-01
8.823529481887817383e-01
9.016393423080444336e-01
9.495798349380493164e-01
9.669421315193176270e-01
9.495798349380493164e-01
9.495798349380493164e-01
9.512194991111755371e-01
9.915966391563415527e-01
9.173553586006164551e-01
9.426229596138000488e-01
9.349593520164489746e-01
9.666666388511657715e-01
9.499999880790710449e-01
9.833333492279052734e-01
9.666666388511657715e-01
9.837398529052734375e-01
9.344262480735778809e-01
9.256198406219482422e-01
9.344262480735778809e-01
9.754098653793334961e-01
9.752066135406494141e-01
9.754098653793334961e-01
9.586777091026306152e-01
9.180327653884887695e-01
9.833333492279052734e-01
9.756097793579101562e-01
9.836065769195556641e-01
9.674796462059020996e-01
9.833333492279052734e-01
9.677419066429138184e-01
9.327731132507324219e-01
9.834710955619812012e-01
9.834710955619812012e-01
9.754098653793334961e-01
9.833333492279052734e-01
9.586777091026306152e-01
9.666666388511657715e-01
9.508196711540222168e-01
9.666666388511657715e-01
9.752066135406494141e-01
9.837398529052734375e-01
9.916666746139526367e-01
9.430894255638122559e-01
9.516128897666931152e-01
9.512194991111755371e-01
9.918032884597778320e-01
9.834710955619812012e-01
