2.626094222068786621e-01
4.693622291088104248e-01
5.448103547096252441e-01
5.644018054008483887e-01
5.927469730377197266e-01
5.981659293174743652e-01
6.240100264549255371e-01
6.319299936294555664e-01
6.294289231300354004e-01
6.427678465843200684e-01
6.335973143577575684e-01
6.623592972755432129e-01
6.548562049865722656e-01
6.723634600639343262e-01
6.640266776084899902e-01
6.694455742835998535e-01
6.802834272384643555e-01
6.802834272384643555e-01
6.952897310256958008e-01
7.073780894279479980e-01
6.915381550788879395e-01
7.127969861030578613e-01
7.065443992614746094e-01
7.157148718833923340e-01
7.240517139434814453e-01
7.157148718833923340e-01
7.286369204521179199e-01
7.348895668983459473e-01
7.307211160659790039e-01
7.457273602485656738e-01
7.340558767318725586e-01
7.565652132034301758e-01
7.340558767318725586e-01
7.557315826416015625e-01
7.628178596496582031e-01
7.565652132034301758e-01
7.724051475524902344e-01
7.649020552635192871e-01
7.607336640357971191e-01
7.669862508773803711e-01
7.719883322715759277e-01
7.782409191131591797e-01
7.732388377189636230e-01
7.799082994461059570e-01
7.794914841651916504e-01
7.899124622344970703e-01
7.799082994461059570e-01
7.878282666206359863e-01
7.824093103408813477e-01
7.919966578483581543e-01
7.974156141281127930e-01
7.869945764541625977e-01
7.994998097419738770e-01
8.003334999084472656e-01
7.944977283477783203e-01
7.974156141281127930e-01
8.103376626968383789e-01
8.003334999084472656e-01
7.940808534622192383e-01
8.190912604331970215e-01
8.165902495384216309e-01
8.165902495384216309e-01
8.253439068794250488e-01
8.170070648193359375e-01
8.253439068794250488e-01
8.232597112655639648e-01
8.282617926597595215e-01
8.257607221603393555e-01
8.382659554481506348e-01
8.420175313949584961e-01
8.365985751152038574e-01
8.349311947822570801e-01
8.457690477371215820e-01
8.570237755775451660e-01
8.457690477371215820e-01
8.532721996307373047e-01
8.528553843498229980e-01
8.570237755775451660e-01
8.666110634803771973e-01
8.586910963058471680e-01
8.620258569717407227e-01
8.703626394271850586e-01
8.770321011543273926e-01
8.816173672676086426e-01
8.795331120491027832e-01
8.757815957069396973e-01
8.736974000930786133e-01
8.874530792236328125e-01
8.837015628814697266e-01
8.924551606178283691e-01
8.891204595565795898e-01
8.966236114501953125e-01
8.916215300559997559e-01
8.995414972305297852e-01
9.062108993530273438e-01
9.053772687911987305e-01
9.153814315795898438e-01
9.062108993530273438e-01
9.182993173599243164e-01
9.074614644050598145e-01
9.162150621414184570e-01
9.237182140350341797e-01
9.253855943679809570e-01
9.312213659286499023e-01
9.274697899818420410e-01
9.412255287170410156e-01
9.358065724372863770e-01
9.312213659286499023e-01
9.395581483840942383e-01
9.491454958915710449e-01
9.458107352256774902e-01
9.408086538314819336e-01
9.462276101112365723e-01
9.478949308395385742e-01
9.520633816719055176e-01
9.578991532325744629e-01
9.491454958915710449e-01
9.608169794082641602e-01
9.353897571563720703e-01
9.687369465827941895e-01
9.566485881805419922e-01
9.604001641273498535e-01
9.654022455215454102e-01
9.574822783470153809e-01
9.528970122337341309e-01
9.712380170822143555e-01
9.683201313018798828e-01
9.708212018013000488e-01
9.562317728996276855e-01
9.662359356880187988e-01
9.674864411354064941e-01
9.633180499076843262e-01
9.708212018013000488e-01
9.708212018013000488e-01
9.899958372116088867e-01
9.766569137573242188e-01
9.508128166198730469e-01
9.583159685134887695e-01
9.924968481063842773e-01
9.949979186058044434e-01
9.537307024002075195e-01
9.695706367492675781e-01
9.887453317642211914e-01
9.620675444602966309e-01
9.683201313018798828e-01
9.724885225296020508e-01
9.795747995376586914e-01
9.887453317642211914e-01
9.820758700370788574e-01
9.470613002777099609e-01
