9.328858852386474609e-01
9.261745214462280273e-01
9.533333182334899902e-01
9.419354796409606934e-01
9.664429426193237305e-01
9.738562107086181641e-01
9.664429426193237305e-01
9.801324605941772461e-01
9.607843160629272461e-01
9.666666388511657715e-01
9.411764740943908691e-01
9.346405267715454102e-01
9.934210777282714844e-01
1.000000000000000000e+00
1.000000000000000000e+00
1.000000000000000000e+00
1.000000000000000000e+00
1.000000000000000000e+00
1.000000000000000000e+00
1.000000000000000000e+00
1.000000000000000000e+00
9.934640526771545410e-01
9.466666579246520996e-01
9.215686321258544922e-01
9.735099077224731445e-01
9.470198750495910645e-01
9.934210777282714844e-01
1.000000000000000000e+00
1.000000000000000000e+00
1.000000000000000000e+00
1.000000000000000000e+00
1.000000000000000000e+00
1.000000000000000000e+00
1.000000000000000000e+00
9.533333182334899902e-01
9.530201554298400879e-01
9.411764740943908691e-01
9.802631735801696777e-01
9.934210777282714844e-01
9.868420958518981934e-01
9.735099077224731445e-01
9.802631735801696777e-01
9.933775067329406738e-01
9.933775067329406738e-01
1.000000000000000000e+00
1.000000000000000000e+00
1.000000000000000000e+00
1.000000000000000000e+00
1.000000000000000000e+00
1.000000000000000000e+00
