8.268398046493530273e-01
8.549783825874328613e-01
8.874458670616149902e-01
8.701298832893371582e-01
9.307359457015991211e-01
9.177489280700683594e-01
9.329004287719726562e-01
9.329004287719726562e-01
9.458874464035034180e-01
9.675324559211730957e-01
9.696969985961914062e-01
9.718614816665649414e-01
9.523809552192687988e-01
9.134199023246765137e-01
9.329004287719726562e-01
9.545454382896423340e-01
9.523809552192687988e-01
9.264069199562072754e-01
9.610389471054077148e-01
9.761904478073120117e-01
9.826839566230773926e-01
9.913420081138610840e-01
9.653679728507995605e-01
9.632034897804260254e-01
9.783549904823303223e-01
9.696969985961914062e-01
9.783549904823303223e-01
9.826839566230773926e-01
9.610389471054077148e-01
9.718614816665649414e-01
9.696969985961914062e-01
9.718614816665649414e-01
9.480519294738769531e-01
9.632034897804260254e-01
9.718614816665649414e-01
9.783549904823303223e-01
9.740259647369384766e-01
9.805194735527038574e-01
9.891774654388427734e-01
9.913420081138610840e-01
9.588744640350341797e-01
9.696969985961914062e-01
9.935064911842346191e-01
9.956709742546081543e-01
1.000000000000000000e+00
1.000000000000000000e+00
1.000000000000000000e+00
1.000000000000000000e+00
1.000000000000000000e+00
1.000000000000000000e+00
