2.284285128116607666e-01
5.110462903976440430e-01
5.681533813476562500e-01
6.002501249313354492e-01
6.252605319023132324e-01
6.511046290397644043e-01
6.527720093727111816e-01
6.602751016616821289e-01
6.731971502304077148e-01
6.882033944129943848e-01
6.865360736846923828e-01
6.948728561401367188e-01
6.890370845794677734e-01
7.173822522163391113e-01
7.244685292243957520e-01
7.269695997238159180e-01
7.390579581260681152e-01
7.382242679595947266e-01
7.378073930740356445e-01
7.557315826416015625e-01
7.440600395202636719e-01
7.515631318092346191e-01
7.553147077560424805e-01
7.603167891502380371e-01
7.736557126045227051e-01
7.744893431663513184e-01
7.782409191131591797e-01
7.794914841651916504e-01
7.899124622344970703e-01
7.790746092796325684e-01
7.811588048934936523e-01
7.890787720680236816e-01
7.857440710067749023e-01
7.990829348564147949e-01
8.011671304702758789e-01
8.045018911361694336e-01
7.969987392425537109e-01
8.070029020309448242e-01
8.103376626968383789e-01
8.007503151893615723e-01
8.095039725303649902e-01
8.203418254852294922e-01
8.170070648193359375e-01
8.107544779777526855e-01
8.149228692054748535e-01
8.215923309326171875e-01
8.320133686065673828e-01
8.270112276077270508e-01
8.249270319938659668e-01
8.374322652816772461e-01
8.340975642204284668e-01
8.307628035545349121e-01
8.466027379035949707e-01
8.486869335174560547e-01
8.449354171752929688e-01
8.470196127891540527e-01
8.520216941833496094e-01
8.491038084030151367e-01
8.586910963058471680e-01
8.607753515243530273e-01
8.620258569717407227e-01
8.553563952445983887e-01
8.624426722526550293e-01
8.716131448745727539e-01
8.786994814872741699e-01
8.757815957069396973e-01
8.699458241462707520e-01
8.803668022155761719e-01
8.853688836097717285e-01
8.937057256698608398e-01
8.907878398895263672e-01
8.891204595565795898e-01
8.937057256698608398e-01
8.995414972305297852e-01
8.957899212837219238e-01
9.112129807472229004e-01
9.116298556327819824e-01
9.066277742385864258e-01
9.278866052627563477e-01
9.233013987541198730e-01
9.312213659286499023e-01
9.258024096488952637e-01
9.237182140350341797e-01
9.403918385505676270e-01
9.353897571563720703e-01
9.370570778846740723e-01
9.391413331031799316e-01
9.474781155586242676e-01
9.508128166198730469e-01
9.553980827331542969e-01
9.495623111724853516e-01
9.533138871192932129e-01
9.649854302406311035e-01
9.553980827331542969e-01
9.587327837944030762e-01
9.662359356880187988e-01
9.570654630661010742e-01
9.645685553550720215e-01
9.633180499076843262e-01
9.670696258544921875e-01
9.612338542938232422e-01
9.779074788093566895e-01
9.699875116348266602e-01
9.570654630661010742e-01
9.745727181434631348e-01
9.712380170822143555e-01
9.758232831954956055e-01
9.808253645896911621e-01
9.729053974151611328e-01
9.699875116348266602e-01
9.591496586799621582e-01
9.791579842567443848e-01
9.883284568786621094e-01
9.624843597412109375e-01
9.770737886428833008e-01
9.766569137573242188e-01
9.824926853179931641e-01
9.866611361503601074e-01
9.616506695747375488e-01
9.716548323631286621e-01
9.804084897041320801e-01
9.916632175445556641e-01
9.966652989387512207e-01
9.595664739608764648e-01
9.724885225296020508e-01
9.904126524925231934e-01
9.862442612648010254e-01
9.841600656509399414e-01
9.691538214683532715e-01
9.858274459838867188e-01
9.899958372116088867e-01
9.795747995376586914e-01
9.812421798706054688e-01
9.849937558174133301e-01
9.820758700370788574e-01
9.912463426589965820e-01
9.862442612648010254e-01
9.787411689758300781e-01
9.899958372116088867e-01
9.770737886428833008e-01
9.795747995376586914e-01
9.799916744232177734e-01
9.833263754844665527e-01
9.941642284393310547e-01
9.924968481063842773e-01
9.795747995376586914e-01
9.804084897041320801e-01
9.945811033248901367e-01
9.812421798706054688e-01
9.962484240531921387e-01
