0.000000000000000000e+00
2.000000029802322388e-01
4.042553305625915527e-01
5.873016119003295898e-01
5.384615659713745117e-01
5.454545617103576660e-01
6.842105388641357422e-01
6.410256624221801758e-01
6.847826242446899414e-01
7.011494040489196777e-01
7.191011309623718262e-01
7.446808218955993652e-01
7.333333492279052734e-01
7.070707082748413086e-01
7.368420958518981934e-01
7.373737096786499023e-01
7.731958627700805664e-01
7.400000095367431641e-01
7.400000095367431641e-01
7.777777910232543945e-01
7.878788113594055176e-01
7.864077687263488770e-01
7.788461446762084961e-01
7.959183454513549805e-01
7.549019455909729004e-01
7.373737096786499023e-01
7.876105904579162598e-01
7.647058963775634766e-01
8.627451062202453613e-01
8.155339956283569336e-01
8.703703880310058594e-01
8.557692170143127441e-01
8.256880640983581543e-01
8.288288116455078125e-01
7.678571343421936035e-01
8.811880946159362793e-01
8.318583965301513672e-01
8.348624110221862793e-01
8.532109856605529785e-01
8.727272748947143555e-01
8.660714030265808105e-01
8.878504633903503418e-01
8.947368264198303223e-01
8.738738894462585449e-01
8.141592741012573242e-01
8.070175647735595703e-01
8.318583965301513672e-01
8.584070801734924316e-01
8.290598392486572266e-01
8.620689511299133301e-01
8.839285969734191895e-01
8.305084705352783203e-01
8.362069129943847656e-01
8.918918967247009277e-01
8.771929740905761719e-01
8.461538553237915039e-01
8.717948794364929199e-01
9.009009003639221191e-01
8.534482717514038086e-01
8.974359035491943359e-01
8.849557638168334961e-01
8.620689511299133301e-01
9.137930870056152344e-01
8.803418874740600586e-01
9.137930870056152344e-01
8.487395048141479492e-01
8.925619721412658691e-01
9.217391014099121094e-01
9.256198406219482422e-01
9.482758641242980957e-01
9.243697524070739746e-01
8.898305296897888184e-01
8.119658231735229492e-01
8.983050584793090820e-01
9.411764740943908691e-01
9.152542352676391602e-01
9.152542352676391602e-01
9.579831957817077637e-01
9.322034120559692383e-01
9.349593520164489746e-01
9.508196711540222168e-01
9.166666865348815918e-01
9.333333373069763184e-01
9.237288236618041992e-01
9.344262480735778809e-01
9.504132270812988281e-01
9.067796468734741211e-01
9.583333134651184082e-01
9.327731132507324219e-01
9.237288236618041992e-01
9.508196711540222168e-01
9.491525292396545410e-01
9.495798349380493164e-01
9.262295365333557129e-01
9.579831957817077637e-01
9.173553586006164551e-01
9.666666388511657715e-01
9.421487450599670410e-01
9.421487450599670410e-01
9.016393423080444336e-01
9.586777091026306152e-01
9.098360538482666016e-01
9.032257795333862305e-01
9.745762944221496582e-01
9.508196711540222168e-01
9.674796462059020996e-01
9.663865566253662109e-01
9.669421315193176270e-01
9.516128897666931152e-01
9.344262480735778809e-01
8.770492076873779297e-01
9.193548560142517090e-01
9.579831957817077637e-01
9.669421315193176270e-01
9.677419066429138184e-01
9.756097793579101562e-01
9.495798349380493164e-01
9.349593520164489746e-01
9.349593520164489746e-01
9.579831957817077637e-01
9.274193644523620605e-01
9.837398529052734375e-01
9.758064746856689453e-01
9.672130942344665527e-01
9.674796462059020996e-01
9.672130942344665527e-01
9.354838728904724121e-01
9.666666388511657715e-01
9.834710955619812012e-01
9.590163826942443848e-01
9.674796462059020996e-01
1.000000000000000000e+00
9.747899174690246582e-01
9.750000238418579102e-01
9.200000166893005371e-01
9.754098653793334961e-01
9.677419066429138184e-01
9.756097793579101562e-01
9.754098653793334961e-01
9.090909361839294434e-01
9.752066135406494141e-01
9.440000057220458984e-01
9.435483813285827637e-01
9.754098653793334961e-01
9.754098653793334961e-01
1.000000000000000000e+00
9.918032884597778320e-01
9.752066135406494141e-01
9.516128897666931152e-01
9.516128897666931152e-01
