2.395593588548724714e-02
9.957958163628001166e-03
1.110914641562150626e-02
7.133459382283891155e-03
1.317046038252362751e-02
8.842112882430495924e-03
6.633976059252711874e-03
4.007644145619858496e-03
2.518580856424024010e-03
5.343201306725262056e-03
8.430557473049818049e-03
5.078456313071998303e-03
4.935208439023132040e-03
5.268144490156245231e-03
4.697255407179484581e-03
1.944552715010624058e-03
5.571576667631193344e-03
6.594047885804458012e-03
2.863895288178422080e-03
2.856126043371847410e-03
8.807866898028947344e-03
4.805479777754664145e-03
3.564946014408529318e-03
3.903978203748527821e-03
7.065731518500688139e-03
3.827265513828924555e-03
3.289027996768213898e-03
3.527718059911644222e-03
7.008461541903535617e-03
5.607101946711909139e-03
2.333263393064020051e-03
1.279458599143473577e-03
1.598942170170987876e-03
2.078557920362007934e-03
1.188363534391534242e-02
3.642892232885021168e-03
9.692973298905165286e-04
2.471960279851077250e-03
1.172327301229083045e-03
6.161635871962208542e-03
2.532922947665493339e-03
1.535353915935507496e-03
6.198288171194862254e-04
3.948457144863099649e-03
1.002012619516691287e-02
1.824490921932891366e-03
2.132326773298855432e-03
1.852538318750329661e-03
7.030710764607445195e-04
2.176949162331855495e-03
