8.866666555404663086e-01
9.127516746520996094e-01
9.315068721771240234e-01
9.530201554298400879e-01
9.666666388511657715e-01
9.530201554298400879e-01
9.480519294738769531e-01
9.664429426193237305e-01
9.470198750495910645e-01
9.463087320327758789e-01
9.931972622871398926e-01
9.736841917037963867e-01
9.736841917037963867e-01
9.271523356437683105e-01
9.328858852386474609e-01
9.733333587646484375e-01
9.607843160629272461e-01
9.803921580314636230e-01
1.000000000000000000e+00
9.736841917037963867e-01
9.666666388511657715e-01
9.867549538612365723e-01
9.933333396911621094e-01
9.934640526771545410e-01
1.000000000000000000e+00
9.933775067329406738e-01
9.934210777282714844e-01
1.000000000000000000e+00
9.932885766029357910e-01
8.967741727828979492e-01
9.473684430122375488e-01
9.801324605941772461e-01
1.000000000000000000e+00
1.000000000000000000e+00
1.000000000000000000e+00
1.000000000000000000e+00
1.000000000000000000e+00
1.000000000000000000e+00
9.934210777282714844e-01
9.539473652839660645e-01
9.671052694320678711e-01
9.868420958518981934e-01
8.961039185523986816e-01
9.533333182334899902e-01
9.933333396911621094e-01
9.934210777282714844e-01
9.869281053543090820e-01
9.802631735801696777e-01
9.802631735801696777e-01
9.934210777282714844e-01
