2.380854026025689407e-01
9.177901222342819965e-02
9.077373488438660043e-02
7.148323911226774074e-02
7.062985701195323429e-02
7.484242987845390882e-02
5.731330251334212228e-02
6.817557649846549273e-02
6.200649127988921983e-02
5.351005686407976636e-02
5.053381003102382779e-02
5.220419055918925494e-02
4.946760380309747629e-02
4.156953243880576188e-02
4.587341472643532980e-02
3.769224227220094314e-02
4.787305697802839155e-02
3.701977223930616456e-02
3.568629409984965667e-02
3.058384687294851342e-02
3.196644524619964012e-02
3.727797288022888927e-02
3.781678334136095304e-02
2.453442769924554789e-02
3.678503547599535489e-02
2.588249773332392326e-02
2.900815603459262759e-02
2.604912726414767080e-02
2.424325559969200961e-02
2.868869446311180307e-02
2.499886750167906388e-02
2.535865958005946094e-02
2.092856445300771834e-02
2.023626470122432894e-02
2.191737735213772700e-02
1.789397472510907000e-02
2.206534495164132192e-02
1.810270211439813856e-02
1.434017970740833481e-02
1.450559138822184006e-02
1.439687193334705448e-02
1.333683564314983895e-02
1.854977577838412203e-02
1.092598646137289339e-02
1.265381222711372579e-02
1.046555890465712159e-02
1.406176107531086593e-02
9.051583867291287597e-03
1.476584334092906001e-02
1.060117682583873976e-02
1.000793755935445485e-02
1.030028881364696870e-02
1.104919101824383167e-02
6.731690840559979502e-03
9.120247190295499573e-03
6.039171436313113539e-03
5.860844568793674957e-03
7.323039501580728278e-03
6.309682745592680095e-03
8.960785762293510190e-03
6.567304914628140956e-03
4.837160140177308200e-03
8.182795839565736029e-03
5.060728925200465300e-03
4.197181204183875886e-03
4.899993548618438062e-03
6.476984477751628055e-03
8.330321514947492539e-03
1.287351941546673907e-02
4.004304558185996753e-03
3.537164324121813350e-03
5.731506105998764380e-03
7.292509725322154739e-03
2.665912791738596875e-03
2.485251130636215774e-03
4.011194001689399533e-03
4.197875140546525156e-03
3.625505011668822813e-03
4.365139632604320141e-03
5.774066075276748818e-03
2.167468483158349352e-03
5.925226509269654676e-03
1.133517673206229683e-02
1.407802853287677507e-02
2.990270069015595056e-03
6.315698768137247184e-03
2.228160142150487424e-03
4.926420632846045464e-03
3.849167115410907086e-03
2.476745580135337153e-03
3.681553609404779846e-03
3.049476798557008029e-03
2.412992200319925666e-03
1.496446156225558766e-03
1.504811807193064772e-03
1.447800449308031274e-03
1.408712769906150016e-03
1.375474788864396994e-03
1.350600877828120501e-03
1.313840291257666786e-03
1.280071753188186763e-03
1.253116747611704180e-03
1.515907511457940601e-02
1.320197780227131724e-02
6.588446537559182470e-03
4.420525203808338931e-03
6.199009164276561221e-03
1.929550966862404087e-03
4.109420767721883375e-03
1.917731686422972058e-03
1.694436829349450129e-03
1.953755012876414072e-03
1.232684666048372221e-03
1.082641585243974665e-03
1.063522320720612082e-03
8.408078553210553141e-03
1.951168382382099161e-03
3.141222726235131431e-03
7.383615066495674041e-03
4.612931478001333629e-03
2.448157564690319529e-03
1.044596748857451593e-03
9.719404099000814555e-04
1.049440831501542541e-03
1.465516555376156346e-03
2.425890444507654634e-03
8.449692987953697984e-03
6.224121257764502445e-03
4.847749592330472153e-03
2.828654627623629174e-03
5.754324611447307614e-03
1.107102969703142870e-03
3.126478032821240760e-03
3.194084101822055807e-03
1.086385726218658818e-03
8.758893597666577921e-04
8.718474136488036080e-04
8.437449816249944015e-04
8.369748756863552288e-04
8.238941559406376099e-04
8.130543285113549581e-04
8.012349751143249587e-04
7.968886609020690110e-04
7.800488074595446309e-04
7.653603434381830344e-04
7.504645962632559494e-04
7.367732549913750487e-04
7.212757181200503583e-04
7.076238680594271798e-04
6.923151487265701096e-04
