3.252734042207956755e-02
2.123550859953734701e-02
2.096879620197272809e-02
1.629192109191173604e-02
1.189169587796060253e-02
1.332850040192149095e-02
1.038928387493832060e-02
1.213198161565750763e-02
1.141083245259080607e-02
1.044859269001017013e-02
1.012841902628766090e-02
9.184526184800518786e-03
7.782240916104771200e-03
9.326286293298976723e-03
5.267595161901202430e-03
9.323672282101727257e-03
7.840292699753345987e-03
5.110374924173349820e-03
6.726037586517203543e-03
4.824859557581090592e-03
7.355258612567744728e-03
7.182581872840445268e-03
8.743537341821669071e-03
6.415970577649596565e-03
4.465683290211078932e-03
4.763908611701764620e-03
4.621234226249150596e-03
2.441482434070815343e-03
7.158627907777223055e-03
6.776392431037149555e-03
5.310944005301509833e-03
9.234095075342249256e-03
4.358057747777512904e-03
2.837705101957823089e-03
2.559600213248004307e-03
1.866740269504833143e-03
6.240120599239622375e-04
5.073177854594707395e-03
1.011223189005413213e-02
7.395359049220330723e-03
7.744736497423603504e-03
4.366813741658854761e-03
2.286628670809920817e-03
2.145188939362236563e-03
4.462175282149914192e-03
1.181500050994668295e-02
2.464826910562060037e-03
2.197330808404893317e-03
2.349601609017721877e-03
2.436077289445784649e-03
