7.016806602478027344e-01
7.478991746902465820e-01
7.352941036224365234e-01
7.731092572212219238e-01
8.193277120590209961e-01
7.857142686843872070e-01
8.361344337463378906e-01
8.487395048141479492e-01
8.151260614395141602e-01
8.403361439704895020e-01
8.445377945899963379e-01
8.781512379646301270e-01
8.529411554336547852e-01
8.487395048141479492e-01
9.075630307197570801e-01
8.445377945899963379e-01
8.697478771209716797e-01
9.117646813392639160e-01
8.907563090324401855e-01
9.243697524070739746e-01
8.907563090324401855e-01
8.949579596519470215e-01
8.865545988082885742e-01
9.201680421829223633e-01
9.243697524070739746e-01
9.243697524070739746e-01
9.285714030265808105e-01
9.663865566253662109e-01
9.075630307197570801e-01
8.907563090324401855e-01
9.285714030265808105e-01
9.033613204956054688e-01
9.411764740943908691e-01
9.663865566253662109e-01
9.621848464012145996e-01
9.705882072448730469e-01
9.957982897758483887e-01
9.453781247138977051e-01
8.739495873451232910e-01
9.117646813392639160e-01
9.033613204956054688e-01
9.411764740943908691e-01
9.663865566253662109e-01
9.705882072448730469e-01
9.495798349380493164e-01
8.613445162773132324e-01
9.579831957817077637e-01
9.705882072448730469e-01
9.537814855575561523e-01
9.663865566253662109e-01
