1.092896144837141037e-02
2.721088379621505737e-02
1.960784383118152618e-02
7.792207598686218262e-02
3.225806355476379395e-02
1.923076994717121124e-02
1.475409865379333496e-01
1.052631586790084839e-01
1.298701316118240356e-01
1.475409865379333496e-01
2.419354766607284546e-01
2.077922075986862183e-01
2.473118305206298828e-01
3.013698756694793701e-01
2.727272808551788330e-01
3.292683064937591553e-01
3.499999940395355225e-01
3.020833432674407959e-01
3.780487775802612305e-01
4.302325546741485596e-01
4.625000059604644775e-01
4.320987761020660400e-01
4.712643623352050781e-01
4.000000059604644775e-01
4.270833432674407959e-01
4.579439163208007812e-01
4.787234067916870117e-01
4.684684574604034424e-01
4.915254116058349609e-01
5.757575631141662598e-01
5.000000000000000000e-01
5.523809790611267090e-01
5.363636612892150879e-01
4.854368865489959717e-01
5.309734344482421875e-01
5.546218752861022949e-01
5.213675498962402344e-01
5.245901346206665039e-01
5.495495200157165527e-01
5.877193212509155273e-01
6.101694703102111816e-01
6.050420403480529785e-01
6.229507923126220703e-01
6.016260385513305664e-01
6.499999761581420898e-01
6.495726704597473145e-01
6.639344096183776855e-01
6.959999799728393555e-01
6.269841194152832031e-01
6.929134130477905273e-01
6.176470518112182617e-01
6.746031641960144043e-01
6.616541147232055664e-01
7.014925479888916016e-01
6.338028311729431152e-01
6.865671873092651367e-01
6.985294222831726074e-01
6.470588445663452148e-01
7.404580116271972656e-01
7.360000014305114746e-01
6.715328693389892578e-01
6.785714030265808105e-01
6.808510422706604004e-01
7.299270033836364746e-01
6.948052048683166504e-01
7.426470518112182617e-01
7.518247961997985840e-01
7.625899314880371094e-01
7.708333134651184082e-01
7.391304373741149902e-01
7.755101919174194336e-01
7.599999904632568359e-01
7.837837934494018555e-01
7.434210777282714844e-01
7.297297120094299316e-01
7.531645298004150391e-01
7.828947305679321289e-01
7.421383857727050781e-01
8.000000119209289551e-01
7.801418304443359375e-01
7.320261597633361816e-01
7.712418437004089355e-01
8.048780560493469238e-01
7.639751434326171875e-01
8.000000119209289551e-01
8.121212124824523926e-01
7.950310707092285156e-01
7.572254538536071777e-01
8.333333134651184082e-01
7.529411911964416504e-01
8.294117450714111328e-01
8.273809552192687988e-01
7.950310707092285156e-01
8.068181872367858887e-01
8.092485666275024414e-01
7.836257219314575195e-01
7.777777910232543945e-01
8.197674155235290527e-01
8.011049628257751465e-01
8.448275923728942871e-01
8.426966071128845215e-01
8.457142710685729980e-01
8.333333134651184082e-01
7.894737124443054199e-01
8.352272510528564453e-01
8.216215968132019043e-01
8.421052694320678711e-01
8.870967626571655273e-01
8.802083134651184082e-01
8.387096524238586426e-01
8.494623899459838867e-01
8.489583134651184082e-01
8.563829660415649414e-01
8.306878209114074707e-01
8.923076987266540527e-01
8.241205811500549316e-01
8.844221234321594238e-01
8.737373948097229004e-01
8.802083134651184082e-01
8.636363744735717773e-01
8.899999856948852539e-01
8.926829099655151367e-01
8.860103487968444824e-01
8.695651888847351074e-01
8.676470518112182617e-01
8.755980730056762695e-01
8.834951519966125488e-01
8.899082541465759277e-01
9.033816456794738770e-01
8.840579986572265625e-01
8.527919054031372070e-01
9.289099574089050293e-01
8.842592835426330566e-01
8.634146451950073242e-01
8.883720636367797852e-01
9.282296895980834961e-01
8.818181753158569336e-01
9.201877713203430176e-01
9.565217494964599609e-01
9.128440618515014648e-01
9.074074029922485352e-01
9.047619104385375977e-01
8.755980730056762695e-01
9.488372206687927246e-01
9.147982001304626465e-01
8.697674274444580078e-01
9.585253596305847168e-01
9.398148059844970703e-01
8.923766613006591797e-01
8.971962332725524902e-01
