3.938656544337324483e-01
1.125695052508434713e-01
9.056563749736533386e-02
7.718152210853954087e-02
6.254737584492262026e-02
6.646766930772460280e-02
6.532176083842636261e-02
6.048744217811724555e-02
5.413554412905596108e-02
5.995758592488916600e-02
4.773907787083703919e-02
4.877655228134605142e-02
4.278985956613167579e-02
4.868661123201861729e-02
5.005931849062027900e-02
3.810203727262709977e-02
3.358402112909439352e-02
3.328175501925301899e-02
3.418274322915058894e-02
3.639437438889888549e-02
3.226111805367543744e-02
2.743613023861193878e-02
3.638445566374483298e-02
3.397003545700259114e-02
2.791937142725794962e-02
2.954679540857638176e-02
2.568658346516258101e-02
2.719666084457600733e-02
2.013954602913716266e-02
2.905882063357062908e-02
2.483155191728336764e-02
2.611636408739373763e-02
2.374123005745305826e-02
1.916566292905844474e-02
2.175667307686063659e-02
2.078548886244922095e-02
2.086646890891492509e-02
2.144986132342780252e-02
1.578965383435600167e-02
1.752162374893155919e-02
1.799326142467621778e-02
1.451733742378888414e-02
1.435860022196613905e-02
1.414636691113140173e-02
1.695908521923646453e-02
1.298609610549004978e-02
1.815188467705712919e-02
1.534182742549205884e-02
1.609022852842971821e-02
9.098116483478840139e-03
1.364709137328839160e-02
7.712858803253347037e-03
1.152721996658985157e-02
6.612232173537318201e-03
8.412428842735032372e-03
1.387908112089173383e-02
6.808203879861940769e-03
9.792821196232736822e-03
1.785149193049767949e-02
6.619538302257460712e-03
1.141503111157517354e-02
1.150387068648591436e-02
1.389023416466025548e-02
8.860819669813493546e-03
7.039497081371858499e-03
4.585996656610190000e-03
5.826933059498540929e-03
6.684548204601940651e-03
1.526650389885473615e-02
9.559176560082203664e-03
1.101912288801933267e-02
5.559331629776784363e-03
6.984325371429104916e-03
3.653165576396090897e-03
1.347738597776138719e-02
7.974030490142090116e-03
7.843772666089449813e-03
9.432967834330212992e-03
6.052313750640006887e-03
5.397332913428832916e-03
3.186098901354704038e-03
3.089623706889239960e-03
3.053174573281305752e-03
2.936072569781279090e-03
2.877507711366706494e-03
2.804348795377265263e-03
2.753178410416458853e-03
2.671393293207432063e-03
2.604428559544583188e-03
2.528152103000662777e-03
2.453396897057139123e-03
2.444489586238345405e-03
2.398526930658626335e-02
1.530064431333169606e-02
1.128743130700015848e-02
3.764252058804404104e-03
3.210530640292345254e-03
2.609573558191873380e-03
5.678796146910605920e-03
3.722283083078294953e-03
2.178039916770133869e-03
8.039991384658787266e-03
5.882758092047316902e-03
5.972221297084455774e-03
3.549842539006427700e-03
2.133097357533681945e-03
1.989087659638009205e-03
1.955732997983682629e-03
3.090034920109287556e-03
8.480070588846632187e-03
1.230070106758990311e-02
5.026116277172597117e-03
5.470301432204443572e-03
3.808730839926689152e-03
4.494809850975467827e-03
4.780452724579327232e-03
3.858603966189728431e-03
6.520125093169032264e-03
1.783060256754784908e-03
1.736423868361114311e-03
1.703185343009989408e-03
1.682990275277293024e-03
1.661498929598647376e-03
1.638846361522734935e-03
1.612988284325165287e-03
1.587714388666203440e-03
1.560748930932623997e-03
1.533696620706368006e-03
1.506463750586063558e-03
1.477660745874260573e-03
1.466163788106053436e-03
1.422244182637297022e-03
1.376879944686460258e-03
1.342132220286746313e-03
1.307431091547260182e-03
1.268624278467526045e-03
4.859503036547144043e-03
3.488895674423391630e-02
1.188034356788898564e-02
1.157080975853840184e-02
4.198271948851397574e-03
1.593593833301784049e-03
1.220478220862226178e-03
1.538001569722651646e-03
1.934838166845024698e-03
1.185275212435191574e-03
1.169227794380332678e-03
1.158244672864502728e-03
1.145723011587405698e-03
1.137999576975268125e-03
