7.647058963775634766e-01
7.647058963775634766e-01
8.025209903717041016e-01
8.571428656578063965e-01
8.277310729026794434e-01
8.613445162773132324e-01
8.991596698760986328e-01
9.117646813392639160e-01
9.285714030265808105e-01
9.243697524070739746e-01
8.781512379646301270e-01
8.403361439704895020e-01
9.075630307197570801e-01
9.579831957817077637e-01
9.495798349380493164e-01
9.453781247138977051e-01
8.781512379646301270e-01
9.159663915634155273e-01
8.949579596519470215e-01
9.327731132507324219e-01
9.579831957817077637e-01
9.411764740943908691e-01
9.453781247138977051e-01
9.033613204956054688e-01
9.243697524070739746e-01
9.579831957817077637e-01
9.621848464012145996e-01
9.369747638702392578e-01
9.495798349380493164e-01
9.285714030265808105e-01
9.537814855575561523e-01
9.831932783126831055e-01
9.831932783126831055e-01
9.663865566253662109e-01
9.159663915634155273e-01
9.327731132507324219e-01
9.873949289321899414e-01
9.453781247138977051e-01
9.411764740943908691e-01
9.411764740943908691e-01
9.789915680885314941e-01
9.621848464012145996e-01
9.663865566253662109e-01
9.579831957817077637e-01
9.327731132507324219e-01
9.663865566253662109e-01
9.747899174690246582e-01
9.621848464012145996e-01
9.663865566253662109e-01
1.000000000000000000e+00
