1.381137438352633175e-02
9.441037986976473853e-03
6.142045346446157843e-03
8.430135134243281481e-03
6.955532299149796462e-03
6.275660954834202769e-03
8.412242506366662473e-03
6.186768506974292883e-03
3.372324688451690949e-03
2.824919208418716701e-03
1.844643845278332766e-03
3.272062622853534435e-03
3.692890412168671910e-03
2.618480792910287194e-03
2.146403892115425222e-03
2.257208960151701332e-03
2.490189555464738299e-03
1.940497306580441818e-03
3.076329050635106394e-03
2.553854033809208838e-03
2.343494983966538242e-03
2.791438141600886651e-03
4.811530276310478464e-03
3.113142630360282801e-03
4.745603834989150019e-03
3.682799956106774537e-03
1.897383654200753347e-03
1.792307354554765250e-03
2.516229596140968222e-03
1.356096826893572922e-03
2.407313687853066073e-03
5.299107439906718857e-04
1.171568566390774127e-03
2.323093995706488214e-03
1.257947523634150942e-03
1.274024168221377052e-03
1.622973310257322648e-03
4.412945625445146127e-04
5.440770784044858706e-03
2.500733113891716146e-03
2.127382591324489952e-03
9.514543944020051021e-04
1.629218000040966348e-03
4.566549194469183420e-03
2.577495260612524142e-03
8.354958865205437245e-04
1.083107862995827180e-03
1.080998667873488833e-03
1.144016224860442852e-03
1.314418122330544489e-03
