2.898550778627395630e-02
1.400000005960464478e-01
2.424242496490478516e-01
2.352941185235977173e-01
3.191489279270172119e-01
3.673469424247741699e-01
4.835164844989776611e-01
4.949494898319244385e-01
5.319148898124694824e-01
4.711538553237915039e-01
5.242718458175659180e-01
5.161290168762207031e-01
6.315789222717285156e-01
6.470588445663452148e-01
5.899999737739562988e-01
6.597937941551208496e-01
6.000000238418579102e-01
6.354166865348815918e-01
5.979381203651428223e-01
6.236559152603149414e-01
6.732673048973083496e-01
6.039603948593139648e-01
7.300000190734863281e-01
7.029703259468078613e-01
6.857143044471740723e-01
6.930692791938781738e-01
7.244898080825805664e-01
7.604166865348815918e-01
6.938775777816772461e-01
7.938144207000732422e-01
7.200000286102294922e-01
7.657657861709594727e-01
7.422680258750915527e-01
7.821782231330871582e-01
7.799999713897705078e-01
7.663551568984985352e-01
7.821782231330871582e-01
7.980769276618957520e-01
7.669903039932250977e-01
7.477477192878723145e-01
8.000000119209289551e-01
7.870370149612426758e-01
7.570093274116516113e-01
8.598130941390991211e-01
7.766990065574645996e-01
8.148148059844970703e-01
8.198198080062866211e-01
7.844827771186828613e-01
7.889908552169799805e-01
7.454545497894287109e-01
8.148148059844970703e-01
8.189654946327209473e-01
8.157894611358642578e-01
8.508771657943725586e-01
8.214285969734191895e-01
7.433628439903259277e-01
7.592592835426330566e-01
7.570093274116516113e-01
8.785046935081481934e-01
7.946428656578063965e-01
8.623853325843811035e-01
8.660714030265808105e-01
8.421052694320678711e-01
8.793103694915771484e-01
8.500000238418579102e-01
8.508771657943725586e-01
8.474576473236083984e-01
8.666666746139526367e-01
8.918918967247009277e-01
8.275862336158752441e-01
8.771929740905761719e-01
8.508771657943725586e-01
8.632478713989257812e-01
8.928571343421936035e-01
8.833333253860473633e-01
8.461538553237915039e-01
9.059829115867614746e-01
8.991596698760986328e-01
8.595041036605834961e-01
8.771929740905761719e-01
8.991596698760986328e-01
9.482758641242980957e-01
9.426229596138000488e-01
9.152542352676391602e-01
9.217391014099121094e-01
9.576271176338195801e-01
8.632478713989257812e-01
9.663865566253662109e-01
9.499999880790710449e-01
8.828828930854797363e-01
8.965517282485961914e-01
9.411764740943908691e-01
9.145299196243286133e-01
8.999999761581420898e-01
9.130434989929199219e-01
9.344262480735778809e-01
9.739130139350891113e-01
8.695651888847351074e-01
9.658119678497314453e-01
9.243697524070739746e-01
9.024389982223510742e-01
9.075630307197570801e-01
9.401709437370300293e-01
9.145299196243286133e-01
8.699187040328979492e-01
9.649122953414916992e-01
9.327731132507324219e-01
9.237288236618041992e-01
9.237288236618041992e-01
8.709677457809448242e-01
9.237288236618041992e-01
9.083333611488342285e-01
9.333333373069763184e-01
9.750000238418579102e-01
9.752066135406494141e-01
9.743589758872985840e-01
9.504132270812988281e-01
9.338843226432800293e-01
9.579831957817077637e-01
9.237288236618041992e-01
9.416666626930236816e-01
8.951612710952758789e-01
9.916666746139526367e-01
9.658119678497314453e-01
9.421487450599670410e-01
8.898305296897888184e-01
8.823529481887817383e-01
9.230769276618957520e-01
9.430894255638122559e-01
9.669421315193176270e-01
9.831932783126831055e-01
9.658119678497314453e-01
9.837398529052734375e-01
9.663865566253662109e-01
8.852459192276000977e-01
9.401709437370300293e-01
9.421487450599670410e-01
9.666666388511657715e-01
9.435483813285827637e-01
9.666666388511657715e-01
9.672130942344665527e-01
9.590163826942443848e-01
9.250000119209289551e-01
9.237288236618041992e-01
9.669421315193176270e-01
9.663865566253662109e-01
9.504132270812988281e-01
9.327731132507324219e-01
9.672130942344665527e-01
9.583333134651184082e-01
