2.952471879135667651e-02
2.283240916299974360e-02
1.887460676244367627e-02
1.385641540048238377e-02
1.332762433534948748e-02
1.561613730564477207e-02
1.598128230572849404e-02
1.094216028712768560e-02
1.462032564850740575e-02
1.297899929085947167e-02
7.973769282534261954e-03
8.683705089523222065e-03
1.231152053908632013e-02
7.376583805032090393e-03
7.118625930543933528e-03
3.379493355534450745e-03
2.344977694177649650e-03
4.051179701253676893e-03
7.208454290751454586e-03
7.644586779687151737e-03
7.122822044319797839e-03
7.924521673484518497e-03
1.271670651136273290e-02
3.787210350245804203e-03
6.207509253914398999e-03
2.557913538533209546e-03
4.088593491236925011e-03
5.578486890311551601e-03
6.919554730593748329e-03
4.679527149011969596e-03
6.568191106151592858e-03
6.740300807152849183e-03
3.283616067210594347e-03
3.599638849492903594e-03
5.494763624458622563e-03
7.820912050605055912e-03
6.299560805088613887e-03
5.873565960155670111e-03
4.622570829097788145e-03
1.409417086824317966e-03
1.173491364538898013e-03
1.199346133522555431e-03
1.635746789848073653e-03
1.191651902688237868e-02
7.003155404526590667e-03
6.276838222034196446e-03
2.754023091692327750e-03
2.549032459456875444e-03
7.015072877526708217e-03
5.070894561913731093e-03
