9.369627237319946289e-01
9.356725215911865234e-01
9.479768872261047363e-01
9.536231756210327148e-01
9.652174115180969238e-01
9.430199265480041504e-01
9.482758641242980957e-01
9.768115878105163574e-01
9.320113062858581543e-01
9.458689689636230469e-01
9.657142758369445801e-01
9.630681872367858887e-01
9.436619877815246582e-01
9.741379022598266602e-01
9.714285731315612793e-01
9.942857027053833008e-01
9.943181872367858887e-01
9.857142567634582520e-01
9.633802771568298340e-01
9.689265489578247070e-01
9.712643623352050781e-01
9.660056829452514648e-01
9.570200443267822266e-01
9.914772510528564453e-01
9.800570011138916016e-01
9.943342804908752441e-01
9.802259802818298340e-01
9.774011373519897461e-01
9.742857217788696289e-01
9.745762944221496582e-01
9.772727489471435547e-01
9.743589758872985840e-01
9.830985665321350098e-01
9.914039969444274902e-01
9.802259802818298340e-01
9.690141081809997559e-01
9.827586412429809570e-01
9.801699519157409668e-01
9.830508232116699219e-01
9.971751570701599121e-01
1.000000000000000000e+00
1.000000000000000000e+00
9.971671104431152344e-01
9.741379022598266602e-01
9.719101190567016602e-01
9.661971926689147949e-01
9.915013909339904785e-01
9.914772510528564453e-01
9.772727489471435547e-01
9.773371219635009766e-01
