9.237288236618041992e-01
9.039548039436340332e-01
9.265536665916442871e-01
9.293785095214843750e-01
9.406779408454895020e-01
9.350282549858093262e-01
9.322034120559692383e-01
9.519773721694946289e-01
9.293785095214843750e-01
9.378530979156494141e-01
9.548022747039794922e-01
9.576271176338195801e-01
9.463276863098144531e-01
9.576271176338195801e-01
9.604519605636596680e-01
9.830508232116699219e-01
9.887005686759948730e-01
9.745762944221496582e-01
9.661017060279846191e-01
9.689265489578247070e-01
9.548022747039794922e-01
9.632768630981445312e-01
9.435028433799743652e-01
9.858757257461547852e-01
9.717513918876647949e-01
9.915254116058349609e-01
9.802259802818298340e-01
9.774011373519897461e-01
9.632768630981445312e-01
9.745762944221496582e-01
9.717513918876647949e-01
9.661017060279846191e-01
9.858757257461547852e-01
9.774011373519897461e-01
9.802259802818298340e-01
9.717513918876647949e-01
9.661017060279846191e-01
9.774011373519897461e-01
9.830508232116699219e-01
9.971751570701599121e-01
9.971751570701599121e-01
9.971751570701599121e-01
9.943502545356750488e-01
9.576271176338195801e-01
9.774011373519897461e-01
9.689265489578247070e-01
9.887005686759948730e-01
9.858757257461547852e-01
9.717513918876647949e-01
9.745762944221496582e-01
