2.158273383975028992e-02
1.981132030487060547e-01
3.693693578243255615e-01
4.285714328289031982e-01
4.666666686534881592e-01
4.956521689891815186e-01
5.583333373069763184e-01
5.785123705863952637e-01
6.250000000000000000e-01
6.178861856460571289e-01
5.905511975288391113e-01
6.776859760284423828e-01
7.295082211494445801e-01
6.183205842971801758e-01
6.715328693389892578e-01
6.013985872268676758e-01
6.666666865348815918e-01
6.814814805984497070e-01
6.746031641960144043e-01
7.272727489471435547e-01
7.637795209884643555e-01
7.328244447708129883e-01
6.917293071746826172e-01
7.500000000000000000e-01
7.343750000000000000e-01
7.384615540504455566e-01
8.000000119209289551e-01
7.720588445663452148e-01
8.120300769805908203e-01
7.985611557960510254e-01
8.030303120613098145e-01
7.318840622901916504e-01
8.496240377426147461e-01
8.444444537162780762e-01
8.947368264198303223e-01
8.666666746139526367e-01
8.201438784599304199e-01
8.723404407501220703e-01
9.057971239089965820e-01
8.613138794898986816e-01
8.695651888847351074e-01
8.561151027679443359e-01
8.380281925201416016e-01
8.417266011238098145e-01
8.417266011238098145e-01
8.872180581092834473e-01
9.142857193946838379e-01
8.951048851013183594e-01
8.823529481887817383e-01
9.499999880790710449e-01
9.078013896942138672e-01
8.472222089767456055e-01
8.695651888847351074e-01
9.366196990013122559e-01
8.904109597206115723e-01
8.913043737411499023e-01
9.214285612106323242e-01
9.142857193946838379e-01
8.811188936233520508e-01
8.819444179534912109e-01
9.510489702224731445e-01
9.718309640884399414e-01
9.440559148788452148e-01
8.943662047386169434e-01
8.999999761581420898e-01
9.788732528686523438e-01
9.790209531784057617e-01
9.720279574394226074e-01
9.366196990013122559e-01
9.166666865348815918e-01
9.580419659614562988e-01
9.574468135833740234e-01
9.370629191398620605e-01
9.510489702224731445e-01
9.507042169570922852e-01
9.241379499435424805e-01
9.428571462631225586e-01
9.720279574394226074e-01
9.370629191398620605e-01
9.078013896942138672e-01
9.791666865348815918e-01
9.580419659614562988e-01
9.300699234008789062e-01
9.246575236320495605e-01
1.000000000000000000e+00
9.574468135833740234e-01
9.793103337287902832e-01
9.652777910232543945e-01
9.424460530281066895e-01
9.440559148788452148e-01
9.930070042610168457e-01
9.722222089767456055e-01
9.791666865348815918e-01
9.858155846595764160e-01
9.310345053672790527e-01
9.290780425071716309e-01
9.236111044883728027e-01
9.361702203750610352e-01
9.788732528686523438e-01
9.295774698257446289e-01
9.791666865348815918e-01
1.000000000000000000e+00
1.000000000000000000e+00
1.000000000000000000e+00
1.000000000000000000e+00
1.000000000000000000e+00
9.577465057373046875e-01
9.078013896942138672e-01
9.791666865348815918e-01
9.652777910232543945e-01
9.652777910232543945e-01
1.000000000000000000e+00
9.790209531784057617e-01
9.929078221321105957e-01
9.720279574394226074e-01
9.860140085220336914e-01
9.930555820465087891e-01
9.930555820465087891e-01
9.230769276618957520e-01
9.718309640884399414e-01
9.517241120338439941e-01
9.930070042610168457e-01
9.513888955116271973e-01
9.387755393981933594e-01
9.375000000000000000e-01
9.860140085220336914e-01
1.000000000000000000e+00
1.000000000000000000e+00
1.000000000000000000e+00
1.000000000000000000e+00
1.000000000000000000e+00
1.000000000000000000e+00
1.000000000000000000e+00
1.000000000000000000e+00
1.000000000000000000e+00
1.000000000000000000e+00
1.000000000000000000e+00
1.000000000000000000e+00
1.000000000000000000e+00
1.000000000000000000e+00
8.819444179534912109e-01
9.290780425071716309e-01
9.366196990013122559e-01
1.000000000000000000e+00
9.861111044883728027e-01
9.517241120338439941e-01
9.580419659614562988e-01
9.657534360885620117e-01
9.510489702224731445e-01
9.791666865348815918e-01
