6.552706658840179443e-02
1.737891733646392822e-01
2.934472858905792236e-01
4.074074029922485352e-01
4.387464523315429688e-01
5.071225166320800781e-01
6.011396050453186035e-01
5.726495981216430664e-01
6.210826039314270020e-01
6.210826039314270020e-01
6.068376302719116211e-01
6.438746452331542969e-01
6.695156693458557129e-01
6.581196784973144531e-01
6.353276371955871582e-01
6.980056762695312500e-01
6.837607026100158691e-01
6.638176441192626953e-01
6.866096854209899902e-01
6.809116601943969727e-01
6.809116601943969727e-01
6.866096854209899902e-01
7.065526843070983887e-01
7.094017267227172852e-01
6.951566934585571289e-01
6.809116601943969727e-01
6.923077106475830078e-01
7.122507095336914062e-01
7.179487347602844238e-01
7.264957427978515625e-01
7.094017267227172852e-01
7.008547186851501465e-01
7.179487347602844238e-01
7.350427508354187012e-01
7.492877244949340820e-01
7.378917336463928223e-01
7.350427508354187012e-01
7.435897588729858398e-01
7.663817405700683594e-01
7.578347325325012207e-01
7.663817405700683594e-01
7.834757566452026367e-01
7.891737818717956543e-01
7.806267738342285156e-01
7.378917336463928223e-01
7.578347325325012207e-01
7.749287486076354980e-01
7.663817405700683594e-01
8.091167807579040527e-01
7.834757566452026367e-01
7.977207899093627930e-01
7.663817405700683594e-01
7.920227646827697754e-01
8.176637887954711914e-01
7.891737818717956543e-01
8.119658231735229492e-01
7.806267738342285156e-01
8.148148059844970703e-01
7.977207899093627930e-01
8.062677979469299316e-01
8.376068472862243652e-01
8.119658231735229492e-01
8.062677979469299316e-01
8.062677979469299316e-01
8.233618140220642090e-01
8.062677979469299316e-01
8.205128312110900879e-01
8.205128312110900879e-01
8.660968542098999023e-01
8.404558300971984863e-01
8.376068472862243652e-01
8.433048725128173828e-01
8.490028381347656250e-01
8.575498461723327637e-01
8.575498461723327637e-01
8.347578644752502441e-01
8.746438622474670410e-01
8.518518805503845215e-01
8.347578644752502441e-01
8.632478713989257812e-01
8.689458966255187988e-01
8.603988885879516602e-01
8.575498461723327637e-01
8.319088220596313477e-01
8.831908702850341797e-01
8.717948794364929199e-01
8.803418874740600586e-01
8.746438622474670410e-01
8.803418874740600586e-01
8.860399127006530762e-01
8.860399127006530762e-01
9.031339287757873535e-01
8.860399127006530762e-01
9.116809368133544922e-01
8.945869207382202148e-01
9.173789024353027344e-01
8.974359035491943359e-01
9.173789024353027344e-01
9.002848863601684570e-01
9.259259104728698730e-01
9.287749528884887695e-01
9.173789024353027344e-01
9.202279448509216309e-01
9.059829115867614746e-01
9.344729185104370117e-01
8.917378783226013184e-01
9.116809368133544922e-01
9.401709437370300293e-01
9.458689689636230469e-01
9.287749528884887695e-01
9.202279448509216309e-01
9.658119678497314453e-01
9.031339287757873535e-01
9.316239356994628906e-01
9.230769276618957520e-01
9.743589758872985840e-01
9.572649598121643066e-01
9.544159770011901855e-01
9.401709437370300293e-01
9.316239356994628906e-01
9.287749528884887695e-01
9.316239356994628906e-01
9.401709437370300293e-01
9.458689689636230469e-01
9.658119678497314453e-01
9.686609506607055664e-01
9.601139426231384277e-01
9.401709437370300293e-01
9.686609506607055664e-01
9.544159770011901855e-01
9.515669345855712891e-01
9.629629850387573242e-01
9.572649598121643066e-01
9.601139426231384277e-01
9.743589758872985840e-01
9.458689689636230469e-01
9.487179517745971680e-01
9.686609506607055664e-01
9.601139426231384277e-01
9.544159770011901855e-01
9.629629850387573242e-01
9.658119678497314453e-01
9.686609506607055664e-01
9.829059839248657227e-01
9.800570011138916016e-01
9.430199265480041504e-01
9.515669345855712891e-01
9.601139426231384277e-01
9.629629850387573242e-01
9.743589758872985840e-01
