2.223942279815673828e-01
4.783074557781219482e-01
5.913485884666442871e-01
6.492650508880615234e-01
6.852040886878967285e-01
6.750991940498352051e-01
6.759803891181945801e-01
7.232546210289001465e-01
7.101879119873046875e-01
7.377463579177856445e-01
7.290738224983215332e-01
7.417251467704772949e-01
7.566897869110107422e-01
7.561820149421691895e-01
7.462908029556274414e-01
7.677581906318664551e-01
7.660933732986450195e-01
7.826520204544067383e-01
7.826515436172485352e-01
8.045976758003234863e-01
7.981336116790771484e-01
7.925373315811157227e-01
7.970443367958068848e-01
8.051434159278869629e-01
8.057730197906494141e-01
8.186758756637573242e-01
8.202582001686096191e-01
8.206761479377746582e-01
8.284725546836853027e-01
8.329238295555114746e-01
8.300145864486694336e-01
8.429549932479858398e-01
8.351377844810485840e-01
8.486460447311401367e-01
8.430514931678771973e-01
8.432511091232299805e-01
8.455598354339599609e-01
8.489382266998291016e-01
8.563190698623657227e-01
8.513189554214477539e-01
8.416988253593444824e-01
8.575512170791625977e-01
8.527315855026245117e-01
8.562589287757873535e-01
8.607777357101440430e-01
8.788894414901733398e-01
8.694616556167602539e-01
8.593899011611938477e-01
8.679867982864379883e-01
8.735687136650085449e-01
8.735140562057495117e-01
8.667926192283630371e-01
8.793590664863586426e-01
8.694638609886169434e-01
8.836003541946411133e-01
8.776371479034423828e-01
8.743529319763183594e-01
8.899812698364257812e-01
8.798143863677978516e-01
8.890442848205566406e-01
8.794063329696655273e-01
8.878026008605957031e-01
8.887863159179687500e-01
8.958815336227416992e-01
8.937644362449645996e-01
9.037753343582153320e-01
9.001831412315368652e-01
9.007809162139892578e-01
9.022140502929687500e-01
9.029170274734497070e-01
9.016393423080444336e-01
9.002720117568969727e-01
9.072817564010620117e-01
9.089673757553100586e-01
9.225922822952270508e-01
9.152233600616455078e-01
9.264108538627624512e-01
9.203382134437561035e-01
9.275555610656738281e-01
9.276785850524902344e-01
9.311270117759704590e-01
9.312638640403747559e-01
9.360670447349548340e-01
9.326584339141845703e-01
9.313983917236328125e-01
9.254252314567565918e-01
9.457432627677917480e-01
9.321884512901306152e-01
9.479667544364929199e-01
9.445657134056091309e-01
9.498473405838012695e-01
9.514520764350891113e-01
9.646856188774108887e-01
9.573643207550048828e-01
9.559775590896606445e-01
9.552238583564758301e-01
9.641638398170471191e-01
9.514480233192443848e-01
9.627568721771240234e-01
9.611111283302307129e-01
9.583333134651184082e-01
9.677282571792602539e-01
9.745114445686340332e-01
9.706007838249206543e-01
9.668367505073547363e-01
9.726315736770629883e-01
9.660152792930603027e-01
9.806478619575500488e-01
9.848675727844238281e-01
9.567062854766845703e-01
9.797468185424804688e-01
9.692631363868713379e-01
9.725622534751892090e-01
9.632601141929626465e-01
9.679459929466247559e-01
9.860700964927673340e-01
9.857442378997802734e-01
9.739605188369750977e-01
9.730526208877563477e-01
9.928840398788452148e-01
9.621530771255493164e-01
9.697732925415039062e-01
9.895222187042236328e-01
9.891440272331237793e-01
9.726660847663879395e-01
9.844733476638793945e-01
9.702804684638977051e-01
9.802438020706176758e-01
9.794204235076904297e-01
9.780683517456054688e-01
9.866332411766052246e-01
9.933388829231262207e-01
9.570526480674743652e-01
9.878711700439453125e-01
9.937343597412109375e-01
9.903684854507446289e-01
9.814893007278442383e-01
9.773679971694946289e-01
9.668763279914855957e-01
9.895353913307189941e-01
9.903846383094787598e-01
9.832845926284790039e-01
9.736291170120239258e-01
9.882991909980773926e-01
9.820159077644348145e-01
9.841136932373046875e-01
9.920634627342224121e-01
9.806804060935974121e-01
9.882599711418151855e-01
9.920833110809326172e-01
