1.796581894159317017e-01
3.722384274005889893e-01
4.843684732913970947e-01
5.339725017547607422e-01
5.598165988922119141e-01
5.673196911811828613e-01
5.748228430747985840e-01
6.002501249313354492e-01
5.985827445983886719e-01
6.085869073867797852e-01
6.135889887809753418e-01
6.165068745613098145e-01
6.365152001380920410e-01
6.373488903045654297e-01
6.290121078491210938e-01
6.352646946907043457e-01
6.498541235923767090e-01
6.544393301010131836e-01
6.619424819946289062e-01
6.711129546165466309e-01
6.773655414581298828e-01
6.640266776084899902e-01
6.744477152824401855e-01
6.786161065101623535e-01
6.865360736846923828e-01
6.907044649124145508e-01
6.886202692985534668e-01
6.982075572013854980e-01
6.986244320869445801e-01
7.065443992614746094e-01
7.123801708221435547e-01
7.182159423828125000e-01
7.073780894279479980e-01
7.315548062324523926e-01
7.232180237770080566e-01
7.265527248382568359e-01
7.303043007850646973e-01
7.332221865653991699e-01
7.428094744682312012e-01
7.398916482925415039e-01
7.269695997238159180e-01
7.503126263618469238e-01
7.482284307479858398e-01
7.498958110809326172e-01
7.473947405815124512e-01
7.653188705444335938e-01
7.607336640357971191e-01
7.515631318092346191e-01
7.674030661582946777e-01
7.632346749305725098e-01
7.657357454299926758e-01
7.649020552635192871e-01
7.778241038322448730e-01
7.774072289466857910e-01
7.815756797790527344e-01
7.803251147270202637e-01
7.744893431663513184e-01
7.924135327339172363e-01
7.903292775154113770e-01
7.949145436286926270e-01
7.903292775154113770e-01
7.949145436286926270e-01
8.028345108032226562e-01
8.070029020309448242e-01
8.065860867500305176e-01
8.182576298713684082e-01
8.195081353187561035e-01
8.174239397048950195e-01
8.153397440910339355e-01
8.257607221603393555e-01
8.253439068794250488e-01
8.278449177742004395e-01
8.361817598342895508e-01
8.365985751152038574e-01
8.545227050781250000e-01
8.370154500007629395e-01
8.553563952445983887e-01
8.620258569717407227e-01
8.699458241462707520e-01
8.661942481994628906e-01
8.678616285324096680e-01
8.753647208213806152e-01
8.849520683288574219e-01
8.832846879959106445e-01
8.828678727149963379e-01
8.845351934432983398e-01
8.937057256698608398e-01
8.824509978294372559e-01
9.037098884582519531e-01
9.020425081253051758e-01
9.078782796859741211e-01
9.149645566940307617e-01
9.337223768234252930e-01
9.266360998153686523e-01
9.233013987541198730e-01
9.337223768234252930e-01
9.420592188835144043e-01
9.312213659286499023e-01
9.374739527702331543e-01
9.374739527702331543e-01
9.395581483840942383e-01
9.499791860580444336e-01
9.562317728996276855e-01
9.495623111724853516e-01
9.478949308395385742e-01
9.629012346267700195e-01
9.478949308395385742e-01
9.716548323631286621e-01
9.766569137573242188e-01
9.395581483840942383e-01
9.679033160209655762e-01
9.595664739608764648e-01
9.604001641273498535e-01
9.508128166198730469e-01
9.566485881805419922e-01
9.737390875816345215e-01
9.799916744232177734e-01
9.666527509689331055e-01
9.633180499076843262e-01
9.887453317642211914e-01
9.537307024002075195e-01
9.629012346267700195e-01
9.841600656509399414e-01
9.874947667121887207e-01
9.641517400741577148e-01
9.779074788093566895e-01
9.662359356880187988e-01
9.720717072486877441e-01
9.720717072486877441e-01
9.666527509689331055e-01
9.845768809318542480e-01
9.945811033248901367e-01
9.474781155586242676e-01
9.845768809318542480e-01
9.916632175445556641e-01
9.858274459838867188e-01
9.724885225296020508e-01
9.720717072486877441e-01
9.612338542938232422e-01
9.854105710983276367e-01
9.874947667121887207e-01
9.808253645896911621e-01
9.695706367492675781e-01
9.858274459838867188e-01
9.787411689758300781e-01
9.812421798706054688e-01
9.899958372116088867e-01
9.733222126960754395e-01
9.824926853179931641e-01
9.924968481063842773e-01
