5.817789938012590811e-01
2.400043318790814895e-01
1.848699117059687536e-01
1.673636786932672926e-01
1.236896970861809941e-01
1.219469033222621845e-01
1.198055081422308848e-01
9.236427363331171925e-02
7.880764741852218369e-02
7.378690681296221077e-02
7.434983538412517912e-02
8.146585712473185248e-02
7.407470987570209664e-02
6.320935134545567491e-02
7.191824909472881167e-02
7.307766991251997413e-02
7.438160714652018723e-02
6.950187883845847236e-02
7.835280071164286986e-02
5.488286976267368888e-02
6.653590858738719915e-02
6.573791002685373808e-02
5.083104808434812244e-02
5.692901850093242538e-02
6.329031467185715354e-02
5.209829658773938721e-02
5.347581177524608070e-02
5.395600474756565706e-02
5.371687779939451901e-02
5.069486864493966821e-02
4.273888686392259689e-02
4.259089834909358246e-02
4.406877741564151768e-02
4.526622041051785866e-02
4.317937433089565069e-02
5.172787397509208407e-02
4.151556038043715396e-02
3.880148520366333981e-02
4.237999443492476009e-02
3.668739138679071032e-02
3.521740982163280159e-02
3.690836356649564859e-02
3.517468511806230019e-02
3.157812872133660548e-02
3.347620908131559297e-02
3.557878032232187487e-02
3.114171553970202302e-02
3.138005826992414093e-02
3.621168399989668080e-02
3.201156075602794998e-02
3.118354833903417417e-02
3.413255840476925318e-02
2.888128424232656172e-02
2.688860329466598309e-02
3.003944225703812990e-02
2.963624800108451834e-02
2.459881911264933177e-02
2.392254464596068816e-02
2.490384393464183110e-02
2.738016049860017911e-02
2.372161657862506892e-02
2.585862062036613229e-02
2.500536223042591072e-02
2.646966463543600628e-02
2.189999504971768679e-02
1.970339784355357518e-02
2.038801599843289777e-02
2.476302263474615753e-02
2.294339895474844723e-02
2.043574346264875538e-02
2.257118232794358068e-02
2.022675413240621403e-02
1.787419098653844282e-02
1.582542349289055295e-02
1.622048767236303549e-02
1.940058705690326721e-02
1.517684481486709577e-02
1.804479541442106927e-02
1.715094331460936122e-02
1.619135834418441999e-02
1.894089445150821602e-02
1.584479078611095160e-02
1.880830098922122232e-02
1.873422461366930705e-02
1.488409379071873109e-02
1.930604156744656491e-02
1.175743567140036597e-02
1.664912369672256337e-02
1.407428736772868734e-02
1.203742469540830702e-02
8.527498714779415886e-03
1.126223471444927175e-02
1.098076281546325576e-02
1.286337129929226997e-02
1.563701301616228501e-02
9.677142104927458771e-03
1.302061247669876985e-02
9.711051960859692217e-03
1.902519021276778341e-02
1.017486130095128331e-02
8.786510187742667746e-03
1.035023985842112824e-02
7.469307021779376596e-03
1.320576416626848340e-02
9.433588327684422695e-03
1.145573498995238262e-02
1.085596867541666413e-02
7.909645297915043199e-03
7.430511273238926163e-03
8.856637196125064643e-03
1.159387924763557141e-02
1.476442176876215616e-02
7.856361099270745343e-03
8.083345603579792510e-03
9.631695411941844365e-03
5.987558246513407373e-03
8.432743185816084230e-03
8.043256922965636574e-03
1.061152795650631940e-02
4.923142079937312988e-03
4.356797671203459926e-03
3.755117147229611839e-03
5.817933184996515461e-03
1.042033689937319971e-02
1.060023784475995663e-02
1.107108936242436233e-02
7.721904670705439892e-03
1.030896146850656531e-02
6.791648636444079686e-03
6.175315109284370413e-03
4.152793027755920935e-03
5.409573328348534112e-03
9.024232106458545191e-03
7.408642960558734121e-03
7.715035816713631915e-03
7.043495799777104230e-03
8.754155647175004135e-03
5.881081472306529632e-03
5.564750179935868540e-03
2.973891181249100572e-03
3.853400962557210468e-03
2.681175192304144448e-03
3.740217929497266589e-03
7.889382169940301753e-03
3.591652973210458701e-03
1.459813120155683923e-02
1.841968056269336490e-02
4.995425441843825802e-03
2.931258565358360775e-03
2.862665765853815176e-03
