0.000000000000000000e+00
1.875000000000000000e-01
2.765957415103912354e-01
3.684210479259490967e-01
4.489795863628387451e-01
5.740740895271301270e-01
5.151515007019042969e-01
5.757575631141662598e-01
6.164383292198181152e-01
6.309523582458496094e-01
6.835442781448364258e-01
6.265060305595397949e-01
6.941176652908325195e-01
6.707317233085632324e-01
7.159090638160705566e-01
7.362637519836425781e-01
7.575757503509521484e-01
6.504854559898376465e-01
7.555555701255798340e-01
6.601941585540771484e-01
7.500000000000000000e-01
7.184466123580932617e-01
7.526881694793701172e-01
7.448979616165161133e-01
7.978723645210266113e-01
7.821782231330871582e-01
7.572815418243408203e-01
8.000000119209289551e-01
7.407407164573669434e-01
7.962962985038757324e-01
7.475728392601013184e-01
7.938144207000732422e-01
7.979797720909118652e-01
8.543689250946044922e-01
8.130841255187988281e-01
8.207547068595886230e-01
8.301886916160583496e-01
7.946428656578063965e-01
8.148148059844970703e-01
8.623853325843811035e-01
8.823529481887817383e-01
8.584070801734924316e-01
8.532109856605529785e-01
8.672566413879394531e-01
8.245614171028137207e-01
7.627118825912475586e-01
8.318583965301513672e-01
8.454545736312866211e-01
8.596491217613220215e-01
8.333333134651184082e-01
8.521739244461059570e-01
8.275862336158752441e-01
8.648648858070373535e-01
8.099173307418823242e-01
9.067796468734741211e-01
8.114753961563110352e-01
8.828828930854797363e-01
8.596491217613220215e-01
8.750000000000000000e-01
8.888888955116271973e-01
8.584070801734924316e-01
8.448275923728942871e-01
8.688524365425109863e-01
9.380530714988708496e-01
8.813559412956237793e-01
9.189189076423645020e-01
8.319327831268310547e-01
8.999999761581420898e-01
9.016393423080444336e-01
9.166666865348815918e-01
8.644067645072937012e-01
9.217391014099121094e-01
9.130434989929199219e-01
8.974359035491943359e-01
9.083333611488342285e-01
9.243697524070739746e-01
8.916666507720947266e-01
9.008264541625976562e-01
9.090909361839294434e-01
9.416666626930236816e-01
8.823529481887817383e-01
9.250000119209289551e-01
8.951612710952758789e-01
9.133858084678649902e-01
9.069767594337463379e-01
9.262295365333557129e-01
8.960000276565551758e-01
9.279999732971191406e-01
9.186992049217224121e-01
9.531250000000000000e-01
9.833333492279052734e-01
9.512194991111755371e-01
9.268292784690856934e-01
9.672130942344665527e-01
9.426229596138000488e-01
9.236640930175781250e-01
8.960000276565551758e-01
8.306451439857482910e-01
9.268292784690856934e-01
9.024389982223510742e-01
9.274193644523620605e-01
9.069767594337463379e-01
9.606299400329589844e-01
9.147287011146545410e-01
9.685039520263671875e-01
9.212598204612731934e-01
8.846153616905212402e-01
9.527559280395507812e-01
9.453125000000000000e-01
9.763779640197753906e-01
9.685039520263671875e-01
9.444444179534912109e-01
9.274193644523620605e-01
9.527559280395507812e-01
9.453125000000000000e-01
9.296875000000000000e-01
9.679999947547912598e-01
9.465649127960205078e-01
9.603174328804016113e-01
9.538461565971374512e-01
9.677419066429138184e-01
9.689922332763671875e-01
9.379844665527343750e-01
9.692307710647583008e-01
9.393939375877380371e-01
9.457364082336425781e-01
9.612402915954589844e-01
9.770992398262023926e-01
1.000000000000000000e+00
9.384615421295166016e-01
9.612402915954589844e-01
9.765625000000000000e-01
9.534883499145507812e-01
9.606299400329589844e-01
9.015151262283325195e-01
9.248120188713073730e-01
9.846153855323791504e-01
9.770992398262023926e-01
9.612402915954589844e-01
9.389312863349914551e-01
9.153845906257629395e-01
9.689922332763671875e-01
9.923076629638671875e-01
9.545454382896423340e-01
9.527559280395507812e-01
9.461538195610046387e-01
9.609375000000000000e-01
9.453125000000000000e-01
9.318181872367858887e-01
9.541984796524047852e-01
