8.831169009208679199e-01
8.679653406143188477e-01
9.112554192543029785e-01
9.177489280700683594e-01
9.458874464035034180e-01
9.502164721488952637e-01
9.458874464035034180e-01
9.480519294738769531e-01
9.242424368858337402e-01
9.718614816665649414e-01
9.653679728507995605e-01
9.502164721488952637e-01
9.783549904823303223e-01
9.523809552192687988e-01
9.480519294738769531e-01
9.502164721488952637e-01
9.675324559211730957e-01
9.653679728507995605e-01
9.523809552192687988e-01
9.761904478073120117e-01
9.826839566230773926e-01
9.935064911842346191e-01
9.956709742546081543e-01
9.826839566230773926e-01
9.978355169296264648e-01
9.372294545173645020e-01
9.458874464035034180e-01
9.610389471054077148e-01
9.653679728507995605e-01
9.740259647369384766e-01
9.783549904823303223e-01
9.978355169296264648e-01
9.956709742546081543e-01
9.285714030265808105e-01
9.329004287719726562e-01
9.913420081138610840e-01
1.000000000000000000e+00
1.000000000000000000e+00
1.000000000000000000e+00
1.000000000000000000e+00
1.000000000000000000e+00
1.000000000000000000e+00
1.000000000000000000e+00
1.000000000000000000e+00
9.913420081138610840e-01
9.025974273681640625e-01
9.393939375877380371e-01
9.891774654388427734e-01
9.978355169296264648e-01
1.000000000000000000e+00
