7.612704364263445100e-01
3.367818960234034154e-01
2.387007086581658943e-01
1.934879601945348748e-01
1.878346789789747950e-01
1.443748859158561493e-01
1.287918072487334586e-01
1.284760232875808150e-01
1.154373553803045294e-01
1.117045344775728644e-01
1.145507376600313904e-01
1.003828475422401806e-01
9.160886302652154756e-02
9.312732375433679932e-02
8.577034578802919529e-02
9.562421733821692416e-02
8.559790043910853186e-02
7.667472255042351303e-02
8.346807890474414182e-02
6.913823989896426825e-02
7.176612632147633120e-02
6.463592309902130295e-02
7.258312040079867300e-02
6.087829058507546881e-02
5.758881439064140323e-02
5.907307866844217076e-02
5.949646636599353888e-02
5.504028337968663170e-02
5.448684918392650289e-02
5.494003246014932812e-02
4.865993347722451234e-02
4.761643017190404781e-02
5.161814120943214457e-02
4.621266542080490480e-02
5.297426676586174804e-02
4.619066837516497964e-02
4.575578350681899775e-02
4.072486905839548671e-02
4.086201571179445130e-02
3.411247808903265094e-02
3.665040132764809527e-02
3.731877404218416489e-02
3.162703721830042308e-02
3.515911577153590234e-02
2.801958016806892562e-02
3.694506876031621034e-02
3.905471121471781187e-02
3.143710915169152520e-02
3.223307770791000726e-02
3.529361898133575454e-02
2.984801686951266478e-02
2.719221616759222304e-02
2.761299120482721414e-02
2.869265757324198501e-02
2.573296508045858078e-02
2.191619571316615056e-02
2.752051490306000464e-02
2.525845624182107910e-02
3.024743281064721373e-02
1.704683210483102368e-02
1.739386761965791214e-02
1.703244144240196808e-02
2.734077047395860188e-02
1.650103503622990866e-02
1.847350905481564415e-02
1.972404171709537038e-02
1.776762549346611389e-02
2.095915480073480899e-02
2.051413261268078547e-02
1.826855022824606933e-02
1.654465604286333227e-02
1.897443071256268640e-02
1.912013289792118334e-02
1.508761046198398535e-02
1.236158205853417694e-02
1.311754978746681316e-02
1.375573269715353597e-02
1.644318389105675626e-02
1.050458579440732843e-02
1.209439618226535243e-02
1.678695808339595794e-02
1.556553683476083819e-02
1.263685830511767846e-02
9.418131375742905265e-03
1.527137749897203127e-02
1.245220079484454963e-02
8.385338392101657559e-03
1.295167989897216300e-02
1.112113595658283452e-02
8.838709767699336542e-03
9.300864408146541570e-03
1.470161977691292893e-02
1.106661069810691012e-02
1.407702223080446562e-02
9.328862845994562863e-03
6.173081395837285226e-03
7.239197852996399375e-03
5.058310525681397607e-03
1.205192883251479836e-02
2.162115174463974387e-02
7.953671502462657250e-03
9.043172885664861257e-03
4.977133944827207696e-03
1.064808606607168910e-02
1.145038148103920059e-02
1.694820297617272847e-02
6.694333765903594247e-03
2.911927465332234469e-03
5.245770613664302827e-03
6.784774834942037744e-03
1.809874130950912818e-02
9.607656311415434247e-03
1.250591505655181297e-02
3.738829413519472074e-03
7.833840795594298675e-03
1.082333501090835919e-02
9.229327300294905972e-03
1.486059705654135983e-02
6.142375066657359585e-03
5.451591149315833558e-03
9.798637015544597526e-03
6.704726135495122329e-03
2.126016482913391237e-03
1.812346241348435430e-03
1.820880369308885104e-03
7.306947701116002329e-03
1.832180697719443252e-02
8.499471557878106320e-03
5.944332925274917537e-03
9.504420288248339663e-03
4.016941324188109085e-03
9.973036722078935934e-03
3.712160067276132520e-03
2.354878000449915632e-03
2.032159421077967595e-03
1.528353866170761724e-03
1.508863998639835800e-03
1.432315184521677429e-03
1.411627749143651994e-03
1.384886966184865724e-03
1.354646123998369880e-03
1.332773302484807805e-03
1.297452292984995360e-03
1.269652416813406726e-03
1.231622537715613931e-03
1.192609646359000033e-03
1.159419187337940808e-03
1.118042911673185810e-03
1.090540182560856492e-03
1.037653002972566130e-03
