1.662198454141616821e-01
3.812154829502105713e-01
5.607094168663024902e-01
6.329923272132873535e-01
6.546583771705627441e-01
7.454545497894287109e-01
7.877300381660461426e-01
7.741935253143310547e-01
7.922534942626953125e-01
8.025551438331604004e-01
8.188319206237792969e-01
8.317646980285644531e-01
8.387096524238586426e-01
8.484136462211608887e-01
8.569780588150024414e-01
8.308571577072143555e-01
8.568129539489746094e-01
8.811995387077331543e-01
8.592677116394042969e-01
8.761363625526428223e-01
8.896473050117492676e-01
8.991981744766235352e-01
8.854875564575195312e-01
9.014722704887390137e-01
9.151375889778137207e-01
9.103291630744934082e-01
9.045454263687133789e-01
9.184597730636596680e-01
9.130925536155700684e-01
9.182747006416320801e-01
9.306487441062927246e-01
9.344632625579833984e-01
9.166666865348815918e-01
9.235954880714416504e-01
9.049723744392395020e-01
9.302586913108825684e-01
9.283276200294494629e-01
9.354838728904724121e-01
9.354838728904724121e-01
9.466073513031005859e-01
9.411110877990722656e-01
9.390243887901306152e-01
9.499999880790710449e-01
9.433962106704711914e-01
9.511111378669738770e-01
9.429529905319213867e-01
9.407159090042114258e-01
9.488320350646972656e-01
9.506726264953613281e-01
9.367369413375854492e-01
9.439560174942016602e-01
9.490022063255310059e-01
9.547461271286010742e-01
9.470782876014709473e-01
9.558985829353332520e-01
9.648737907409667969e-01
9.524862170219421387e-01
9.574235677719116211e-01
9.488320350646972656e-01
9.702970385551452637e-01
9.693318605422973633e-01
9.691630005836486816e-01
9.507119655609130859e-01
9.705561399459838867e-01
9.724669456481933594e-01
9.659340381622314453e-01
9.682365655899047852e-01
9.626783728599548340e-01
9.692982435226440430e-01
9.703622460365295410e-01
9.779735803604125977e-01
9.679911732673645020e-01
9.615806937217712402e-01
9.758507013320922852e-01
9.813392162322998047e-01
9.770992398262023926e-01
9.759825468063354492e-01
9.683751463890075684e-01
9.792122244834899902e-01
9.781659245491027832e-01
9.695320725440979004e-01
9.759562611579895020e-01
9.771241545677185059e-01
9.836244583129882812e-01
9.769989252090454102e-01
9.814004302024841309e-01
9.880043864250183105e-01
9.793028235435485840e-01
9.793028235435485840e-01
9.825708270072937012e-01
9.847826361656188965e-01
9.738277196884155273e-01
9.825518131256103516e-01
9.771241545677185059e-01
9.847660660743713379e-01
9.891067743301391602e-01
9.880434870719909668e-01
9.934782385826110840e-01
9.814410209655761719e-01
9.596949815750122070e-01
9.879518151283264160e-01
9.836956262588500977e-01
9.945651888847351074e-01
9.825897812843322754e-01
9.814612865447998047e-01
9.749181866645812988e-01
9.858695864677429199e-01
9.989130496978759766e-01
9.913043379783630371e-01
9.880434870719909668e-01
9.662309288978576660e-01
9.815618395805358887e-01
9.858078360557556152e-01
9.934853315353393555e-01
9.836601018905639648e-01
9.836244583129882812e-01
9.847328066825866699e-01
9.728555679321289062e-01
9.912663698196411133e-01
9.902386069297790527e-01
9.804134964942932129e-01
9.901960492134094238e-01
1.000000000000000000e+00
1.000000000000000000e+00
9.989153742790222168e-01
9.847826361656188965e-01
9.673913121223449707e-01
9.869565367698669434e-01
9.901853799819946289e-01
9.836779236793518066e-01
9.924160242080688477e-01
9.858233332633972168e-01
9.934853315353393555e-01
9.978260993957519531e-01
9.989142417907714844e-01
1.000000000000000000e+00
1.000000000000000000e+00
1.000000000000000000e+00
1.000000000000000000e+00
1.000000000000000000e+00
1.000000000000000000e+00
1.000000000000000000e+00
1.000000000000000000e+00
1.000000000000000000e+00
1.000000000000000000e+00
1.000000000000000000e+00
1.000000000000000000e+00
1.000000000000000000e+00
1.000000000000000000e+00
1.000000000000000000e+00
