1.346362680196762085e-01
2.996742725372314453e-01
4.462540745735168457e-01
5.374592542648315430e-01
5.722041130065917969e-01
6.677524447441101074e-01
6.970683932304382324e-01
7.035830616950988770e-01
7.328990101814270020e-01
7.502714395523071289e-01
7.459283471107482910e-01
7.676438689231872559e-01
7.904451489448547363e-01
7.839305400848388672e-01
8.067318201065063477e-01
7.893593907356262207e-01
8.056460618972778320e-01
8.295331001281738281e-01
8.154180049896240234e-01
8.371335268020629883e-01
8.490771055221557617e-01
8.523344397544860840e-01
8.479912877082824707e-01
8.642779588699340820e-01
8.664495348930358887e-01
8.707926273345947266e-01
8.642779588699340820e-01
8.805646300315856934e-01
8.783930540084838867e-01
8.783930540084838867e-01
9.033659100532531738e-01
8.979369997978210449e-01
8.838219046592712402e-01
8.925081491470336914e-01
8.892508149147033691e-01
8.979369997978210449e-01
8.859934806823730469e-01
9.131379127502441406e-01
9.131379127502441406e-01
9.239956736564636230e-01
9.196525812149047852e-01
9.196525812149047852e-01
9.283387660980224609e-01
9.229098558425903320e-01
9.294245243072509766e-01
9.153094291687011719e-01
9.131379127502441406e-01
9.261671900749206543e-01
9.207383394241333008e-01
9.163952469825744629e-01
9.326818585395812988e-01
9.294245243072509766e-01
9.391965270042419434e-01
9.326818585395812988e-01
9.413681030273437500e-01
9.543973803520202637e-01
9.359391927719116211e-01
9.522258639335632324e-01
9.261671900749206543e-01
9.576547145843505859e-01
9.609120488166809082e-01
9.554831981658935547e-01
9.424538612365722656e-01
9.663409590721130371e-01
9.587404727935791016e-01
9.543973803520202637e-01
9.598262906074523926e-01
9.522258639335632324e-01
9.598262906074523926e-01
9.598262906074523926e-01
9.641693830490112305e-01
9.522258639335632324e-01
9.511400461196899414e-01
9.652551412582397461e-01
9.706840515136718750e-01
9.728555679321289062e-01
9.706840515136718750e-01
9.641693830490112305e-01
9.717698097229003906e-01
9.728555679321289062e-01
9.674267172813415527e-01
9.695982336997985840e-01
9.739413857460021973e-01
9.782844781875610352e-01
9.685124754905700684e-01
9.739413857460021973e-01
9.837133288383483887e-01
9.761129021644592285e-01
9.761129021644592285e-01
9.793702363967895508e-01
9.837133288383483887e-01
9.695982336997985840e-01
9.782844781875610352e-01
9.739413857460021973e-01
9.826275706291198730e-01
9.858849048614501953e-01
9.869706630706787109e-01
9.923995733261108398e-01
9.761129021644592285e-01
9.565689563751220703e-01
9.793702363967895508e-01
9.826275706291198730e-01
9.934853315353393555e-01
9.804560542106628418e-01
9.771987199783325195e-01
9.706840515136718750e-01
9.847991466522216797e-01
9.978284239768981934e-01
9.902279973030090332e-01
9.869706630706787109e-01
9.630836248397827148e-01
9.826275706291198730e-01
9.804560542106628418e-01
9.934853315353393555e-01
9.804560542106628418e-01
9.782844781875610352e-01
9.804560542106628418e-01
9.728555679321289062e-01
9.858849048614501953e-01
9.913138151168823242e-01
9.782844781875610352e-01
9.869706630706787109e-01
9.978284239768981934e-01
1.000000000000000000e+00
1.000000000000000000e+00
9.837133288383483887e-01
9.663409590721130371e-01
9.858849048614501953e-01
9.858849048614501953e-01
9.815418124198913574e-01
9.945710897445678711e-01
9.815418124198913574e-01
9.934853315353393555e-01
9.967426657676696777e-01
9.989142417907714844e-01
1.000000000000000000e+00
1.000000000000000000e+00
1.000000000000000000e+00
1.000000000000000000e+00
1.000000000000000000e+00
1.000000000000000000e+00
1.000000000000000000e+00
1.000000000000000000e+00
1.000000000000000000e+00
1.000000000000000000e+00
1.000000000000000000e+00
1.000000000000000000e+00
1.000000000000000000e+00
1.000000000000000000e+00
1.000000000000000000e+00
