3.757990441720421848e-01
9.654333317291324823e-02
7.938931747564019481e-02
8.574495597736675467e-02
6.588473512766092333e-02
6.810806203207446508e-02
6.538675452262963927e-02
6.822145690113229355e-02
5.715369899579436641e-02
5.502328869097863895e-02
4.996722020995270769e-02
4.723762482700649690e-02
4.416918398078727159e-02
4.415223884912438529e-02
3.474696994556710633e-02
3.747947737280006575e-02
3.664333253424804926e-02
3.600237202330869996e-02
3.432319387204400135e-02
3.719782254358246221e-02
3.346824889599114838e-02
3.038227157314479440e-02
2.748477514031705954e-02
2.663661115098937826e-02
2.935101050142309778e-02
2.247235197306731574e-02
2.293498865895606323e-02
2.439783568247062134e-02
3.063700428323662059e-02
2.312359274113252872e-02
1.725089203212827951e-02
2.239441086715220769e-02
1.928827017696410628e-02
1.820982796793893174e-02
1.600538873678513871e-02
1.493442527923778164e-02
1.430555581656031520e-02
1.599352737890748916e-02
1.715546378690465876e-02
1.559373923810627137e-02
1.470794662615368571e-02
1.430528690393174235e-02
1.523412652015713499e-02
1.224475544896189150e-02
9.537372771005237643e-03
1.044603023262240249e-02
1.161776655690991908e-02
1.096420317995127312e-02
1.178117379280366889e-02
2.160258832414685415e-02
1.065224530322613460e-02
6.193486434339369809e-03
7.039110861998153744e-03
8.891209817322607775e-03
7.851415044556496123e-03
1.350516641910525992e-02
8.426018715872072087e-03
5.700634268727996015e-03
5.685728115247820971e-03
5.996753365409729017e-03
4.772973616798272846e-03
4.317882341141263125e-03
6.719333424365456914e-03
1.070499152620571319e-02
1.531071668342112030e-02
1.230580468919661129e-02
6.452435975840897960e-03
5.593141244944293405e-03
5.134883682500761444e-03
3.944257756458124931e-03
3.554782659858711762e-03
1.345514853831905437e-02
5.647762753747597939e-03
3.687756736589847210e-03
4.810026423637757051e-03
1.245783549213166051e-02
7.927459462639320498e-03
3.445545088468272149e-03
3.195641366247691829e-03
3.114892951044644261e-03
3.048222260936716416e-03
2.993440459153206331e-03
2.938748629586979914e-03
2.884730639990450672e-03
2.815174907785006168e-03
2.761764002298719260e-03
2.693630942822039867e-03
1.658653785464665048e-02
1.481827280376929977e-02
8.046249299607800484e-03
6.626809384254584746e-03
4.139072944058372859e-03
3.789680248774443018e-03
5.403802509814550036e-03
3.568043070442840272e-03
3.400123241943563829e-03
2.406918351942999995e-03
2.341856230694270343e-03
5.767342213023373201e-03
2.483313161134445644e-03
2.250598637118617767e-03
2.174425227776493209e-03
2.147400049792767829e-03
2.092669341961862599e-03
2.049842185391172970e-03
2.008770341269395122e-03
1.959800536450753434e-03
1.917816465634903387e-03
1.866823740883409403e-03
1.257245473854987777e-02
1.637486833800726529e-02
6.004680223694826638e-03
7.601928796928133711e-03
4.750426249313481619e-03
2.534294430900854364e-03
3.785350269464342159e-03
2.414036605415681609e-03
3.090362301053162144e-03
6.198074337082691218e-03
3.251681472815343057e-03
1.710040174325658854e-03
1.646357701374433560e-03
1.623118785689487212e-03
1.614182088196992708e-03
1.588553897800138413e-03
1.563012143788820169e-03
3.115705934597392396e-03
9.393602336814086198e-03
7.504659728326914733e-03
4.423444785805211166e-03
3.071823647307761647e-03
3.065415011414365266e-03
1.738780227881274280e-03
1.534542628052209699e-03
1.506228713959567762e-03
1.447030677033349279e-03
1.419083662975049228e-03
1.405391685079622997e-03
1.398704235303945562e-03
1.365124774598744199e-03
1.365616495021265784e-03
1.324538695607121921e-03
1.277534927519119803e-02
9.972986621645515970e-03
3.002276202426067565e-03
1.685881937419671586e-03
1.561510818059932623e-03
1.309112281882440212e-03
1.578955985384788681e-03
2.735235055991794024e-03
