7.096774131059646606e-02
4.296875000000000000e-01
5.474452376365661621e-01
5.244755148887634277e-01
6.549295783042907715e-01
5.971223115921020508e-01
6.363636255264282227e-01
6.056337952613830566e-01
6.597222089767456055e-01
7.034482955932617188e-01
7.342657446861267090e-01
7.172414064407348633e-01
7.793103456497192383e-01
7.516778707504272461e-01
8.266666531562805176e-01
8.251748085021972656e-01
7.972972989082336426e-01
8.111888170242309570e-01
7.894737124443054199e-01
8.310810923576354980e-01
8.133333325386047363e-01
8.266666531562805176e-01
8.376623392105102539e-01
8.639456033706665039e-01
8.692810535430908203e-01
8.758170008659362793e-01
9.019607901573181152e-01
8.750000000000000000e-01
8.310810923576354980e-01
8.709677457809448242e-01
9.399999976158142090e-01
8.926174640655517578e-01
8.947368264198303223e-01
9.266666769981384277e-01
9.333333373069763184e-01
9.303797483444213867e-01
9.342105388641357422e-01
9.210526347160339355e-01
9.144737124443054199e-01
9.423077106475830078e-01
9.350649118423461914e-01
9.285714030265808105e-01
9.090909361839294434e-01
9.542483687400817871e-01
9.554139971733093262e-01
9.673202633857727051e-01
9.303797483444213867e-01
9.548386931419372559e-01
9.415584206581115723e-01
8.427672982215881348e-01
9.554139971733093262e-01
9.935897588729858398e-01
9.748427867889404297e-01
9.551281929016113281e-01
9.681528806686401367e-01
9.354838728904724121e-01
9.743589758872985840e-01
9.872611761093139648e-01
9.811320900917053223e-01
9.870129823684692383e-01
9.936305880546569824e-01
1.000000000000000000e+00
9.870967864990234375e-01
9.612902998924255371e-01
9.215686321258544922e-01
9.407894611358642578e-01
9.741935729980468750e-01
9.746835231781005859e-01
9.872611761093139648e-01
9.936305880546569824e-01
1.000000000000000000e+00
9.113923907279968262e-01
9.870967864990234375e-01
9.936305880546569824e-01
9.808917045593261719e-01
9.303797483444213867e-01
9.490445852279663086e-01
9.936708807945251465e-01
1.000000000000000000e+00
1.000000000000000000e+00
1.000000000000000000e+00
1.000000000000000000e+00
1.000000000000000000e+00
1.000000000000000000e+00
1.000000000000000000e+00
1.000000000000000000e+00
1.000000000000000000e+00
9.177215099334716797e-01
9.230769276618957520e-01
9.740259647369384766e-01
9.617834687232971191e-01
9.807692170143127441e-01
9.935897588729858398e-01
9.743589758872985840e-01
9.872611761093139648e-01
9.935897588729858398e-01
1.000000000000000000e+00
1.000000000000000000e+00
9.679487347602844238e-01
9.936708807945251465e-01
1.000000000000000000e+00
1.000000000000000000e+00
1.000000000000000000e+00
1.000000000000000000e+00
1.000000000000000000e+00
1.000000000000000000e+00
1.000000000000000000e+00
1.000000000000000000e+00
1.000000000000000000e+00
9.177215099334716797e-01
9.294871687889099121e-01
9.612902998924255371e-01
9.803921580314636230e-01
9.810126423835754395e-01
9.871794581413269043e-01
9.872611761093139648e-01
9.936305880546569824e-01
9.872611761093139648e-01
9.681528806686401367e-01
9.806451797485351562e-01
1.000000000000000000e+00
1.000000000000000000e+00
1.000000000000000000e+00
1.000000000000000000e+00
1.000000000000000000e+00
1.000000000000000000e+00
9.681528806686401367e-01
9.303797483444213867e-01
9.423077106475830078e-01
9.687500000000000000e-01
9.807692170143127441e-01
9.935897588729858398e-01
9.936708807945251465e-01
9.936708807945251465e-01
1.000000000000000000e+00
1.000000000000000000e+00
1.000000000000000000e+00
1.000000000000000000e+00
1.000000000000000000e+00
1.000000000000000000e+00
1.000000000000000000e+00
1.000000000000000000e+00
9.294871687889099121e-01
9.363057613372802734e-01
9.748427867889404297e-01
9.936305880546569824e-01
9.936708807945251465e-01
1.000000000000000000e+00
1.000000000000000000e+00
9.872611761093139648e-01
