7.006369531154632568e-02
3.503184616565704346e-01
4.777069985866546631e-01
4.777069985866546631e-01
5.923566818237304688e-01
5.286624431610107422e-01
5.796178579330444336e-01
5.477706789970397949e-01
6.050955653190612793e-01
6.496815085411071777e-01
6.687898039817810059e-01
6.624203920364379883e-01
7.197452187538146973e-01
7.133758068084716797e-01
7.898089289665222168e-01
7.515923380851745605e-01
7.515923380851745605e-01
7.388535141944885254e-01
7.643312215805053711e-01
7.834395170211791992e-01
7.770700454711914062e-01
7.898089289665222168e-01
8.216560482978820801e-01
8.089172244071960449e-01
8.471337556838989258e-01
8.535031676292419434e-01
8.789808750152587891e-01
8.471337556838989258e-01
7.834395170211791992e-01
8.598726391792297363e-01
8.980891704559326172e-01
8.471337556838989258e-01
8.662420511245727539e-01
8.853503465652465820e-01
8.917197585105895996e-01
9.363057613372802734e-01
9.044585824012756348e-01
8.917197585105895996e-01
8.853503465652465820e-01
9.363057613372802734e-01
9.171974658966064453e-01
9.108280539512634277e-01
8.917197585105895996e-01
9.299362897872924805e-01
9.554139971733093262e-01
9.426751732826232910e-01
9.363057613372802734e-01
9.426751732826232910e-01
9.235668778419494629e-01
8.535031676292419434e-01
9.554139971733093262e-01
9.872611761093139648e-01
9.872611761093139648e-01
9.490445852279663086e-01
9.681528806686401367e-01
9.235668778419494629e-01
9.681528806686401367e-01
9.872611761093139648e-01
9.936305880546569824e-01
9.681528806686401367e-01
9.936305880546569824e-01
1.000000000000000000e+00
9.745222926139831543e-01
9.490445852279663086e-01
8.980891704559326172e-01
9.108280539512634277e-01
9.617834687232971191e-01
9.808917045593261719e-01
9.872611761093139648e-01
9.936305880546569824e-01
1.000000000000000000e+00
9.171974658966064453e-01
9.745222926139831543e-01
9.936305880546569824e-01
9.808917045593261719e-01
9.363057613372802734e-01
9.490445852279663086e-01
1.000000000000000000e+00
1.000000000000000000e+00
1.000000000000000000e+00
1.000000000000000000e+00
1.000000000000000000e+00
1.000000000000000000e+00
1.000000000000000000e+00
1.000000000000000000e+00
1.000000000000000000e+00
1.000000000000000000e+00
9.235668778419494629e-01
9.171974658966064453e-01
9.554139971733093262e-01
9.617834687232971191e-01
9.745222926139831543e-01
9.872611761093139648e-01
9.681528806686401367e-01
9.872611761093139648e-01
9.872611761093139648e-01
1.000000000000000000e+00
1.000000000000000000e+00
9.617834687232971191e-01
1.000000000000000000e+00
1.000000000000000000e+00
1.000000000000000000e+00
1.000000000000000000e+00
1.000000000000000000e+00
1.000000000000000000e+00
1.000000000000000000e+00
1.000000000000000000e+00
1.000000000000000000e+00
1.000000000000000000e+00
9.235668778419494629e-01
9.235668778419494629e-01
9.490445852279663086e-01
9.554139971733093262e-01
9.872611761093139648e-01
9.808917045593261719e-01
9.872611761093139648e-01
9.936305880546569824e-01
9.872611761093139648e-01
9.681528806686401367e-01
9.681528806686401367e-01
1.000000000000000000e+00
1.000000000000000000e+00
1.000000000000000000e+00
1.000000000000000000e+00
1.000000000000000000e+00
1.000000000000000000e+00
9.681528806686401367e-01
9.363057613372802734e-01
9.363057613372802734e-01
9.872611761093139648e-01
9.745222926139831543e-01
9.872611761093139648e-01
1.000000000000000000e+00
1.000000000000000000e+00
1.000000000000000000e+00
1.000000000000000000e+00
1.000000000000000000e+00
1.000000000000000000e+00
1.000000000000000000e+00
1.000000000000000000e+00
1.000000000000000000e+00
1.000000000000000000e+00
9.235668778419494629e-01
9.363057613372802734e-01
9.872611761093139648e-01
9.936305880546569824e-01
1.000000000000000000e+00
1.000000000000000000e+00
9.936305880546569824e-01
9.872611761093139648e-01
