1.332599073648452759e-01
3.138766586780548096e-01
4.174008667469024658e-01
5.286343693733215332e-01
5.759912133216857910e-01
6.145374178886413574e-01
6.376652121543884277e-01
6.332598924636840820e-01
6.839206814765930176e-01
6.828193664550781250e-01
7.367841601371765137e-01
7.455947399139404297e-01
7.334801554679870605e-01
7.698237895965576172e-01
7.962555289268493652e-01
8.072687387466430664e-01
8.259912133216857910e-01
8.248898386955261230e-01
8.292951583862304688e-01
8.303964734077453613e-01
8.392070531845092773e-01
8.370044231414794922e-01
8.259912133216857910e-01
8.491189479827880859e-01
8.689427375793457031e-01
8.678414225578308105e-01
8.733479976654052734e-01
8.689427375793457031e-01
8.601321578025817871e-01
8.656387925148010254e-01
8.645374178886413574e-01
8.766520023345947266e-01
8.832598924636840820e-01
8.964757919311523438e-01
8.799559473991394043e-01
8.953744769096374512e-01
8.843612074851989746e-01
9.008810520172119141e-01
8.887665271759033203e-01
8.953744769096374512e-01
8.931717872619628906e-01
8.975771069526672363e-01
8.986784219741821289e-01
9.063876867294311523e-01
9.107929468154907227e-01
8.975771069526672363e-01
8.997797369956970215e-01
9.162995815277099609e-01
9.151982665061950684e-01
9.185022115707397461e-01
9.273127913475036621e-01
9.229074716567993164e-01
9.240087866783142090e-01
9.140968918800354004e-01
9.328193664550781250e-01
9.129955768585205078e-01
9.405286312103271484e-01
9.085903167724609375e-01
9.394273161888122559e-01
9.328193664550781250e-01
9.504405260086059570e-01
9.460352659225463867e-01
9.251101613044738770e-01
9.405286312103271484e-01
9.284141063690185547e-01
9.603524208068847656e-01
9.548457860946655273e-01
9.218061566352844238e-01
9.559471607208251953e-01
9.328193664550781250e-01
9.482378959655761719e-01
9.537444710731506348e-01
9.713656306266784668e-01
9.559471607208251953e-01
9.625550508499145508e-01
9.658590555191040039e-01
9.713656306266784668e-01
9.592511057853698730e-01
9.702643156051635742e-01
9.669603705406188965e-01
9.669603705406188965e-01
9.801762104034423828e-01
9.614537358283996582e-01
9.526431560516357422e-01
9.658590555191040039e-01
9.636563658714294434e-01
9.713656306266784668e-01
9.636563658714294434e-01
9.812775254249572754e-01
9.647576808929443359e-01
9.669603705406188965e-01
9.845814704895019531e-01
9.724669456481933594e-01
9.867841601371765137e-01
9.702643156051635742e-01
9.669603705406188965e-01
9.746695756912231445e-01
9.691630005836486816e-01
9.658590555191040039e-01
9.845814704895019531e-01
9.790748953819274902e-01
9.878854751586914062e-01
9.713656306266784668e-01
9.724669456481933594e-01
9.911894202232360840e-01
9.922907352447509766e-01
9.669603705406188965e-01
9.735682606697082520e-01
9.724669456481933594e-01
9.801762104034423828e-01
9.889867901802062988e-01
9.944933652877807617e-01
9.900881052017211914e-01
9.856828451156616211e-01
9.779735803604125977e-01
9.570484757423400879e-01
9.867841601371765137e-01
9.922907352447509766e-01
9.955947399139404297e-01
9.856828451156616211e-01
9.636563658714294434e-01
9.823788404464721680e-01
9.966960549354553223e-01
9.966960549354553223e-01
9.977973699569702148e-01
9.823788404464721680e-01
9.878854751586914062e-01
9.812775254249572754e-01
9.702643156051635742e-01
9.878854751586914062e-01
9.702643156051635742e-01
9.856828451156616211e-01
9.900881052017211914e-01
9.933920502662658691e-01
9.911894202232360840e-01
9.911894202232360840e-01
9.812775254249572754e-01
9.900881052017211914e-01
9.801762104034423828e-01
9.944933652877807617e-01
9.933920502662658691e-01
9.856828451156616211e-01
9.834801554679870605e-01
9.845814704895019531e-01
9.834801554679870605e-01
9.977973699569702148e-01
9.889867901802062988e-01
9.856828451156616211e-01
9.889867901802062988e-01
9.944933652877807617e-01
