1.264524822271266002e-01
5.798491914392854552e-02
5.013783553317016639e-02
4.392487931152415370e-02
3.685271770531118457e-02
4.305474508588586630e-02
3.284853234466119515e-02
3.290474004616740500e-02
2.694494949188443525e-02
2.998948730832673090e-02
2.546760247575878197e-02
3.235281526941369279e-02
2.628598996396309603e-02
2.471054876481044299e-02
2.324080472437150754e-02
2.139898563669641665e-02
2.226790944242177175e-02
2.416532424679033314e-02
2.235997371098792999e-02
2.016229787060385206e-02
2.198059222698233242e-02
1.945867718948567776e-02
2.134575075031890437e-02
2.209866665327026372e-02
1.883444897349699151e-02
1.939210636522880130e-02
1.781036919731730089e-02
1.971358914833887949e-02
1.675326515780365538e-02
1.460457444533337298e-02
1.803010219369733172e-02
1.403398963566747024e-02
1.608079004327206754e-02
1.477824866375701367e-02
1.374201945685262112e-02
1.432936833204437842e-02
1.562456223986618230e-02
1.912384918465005051e-02
1.364290029932247773e-02
1.265215227577211506e-02
1.372724051612560919e-02
1.149334537412046407e-02
1.356930431977790633e-02
1.350007593027023958e-02
1.566078709428933222e-02
1.308553231826970614e-02
1.134319858422412099e-02
1.170022147729812313e-02
1.014818568019207508e-02
9.326031961862202985e-03
1.166758438259177938e-02
1.091290535876499219e-02
8.566013949522156140e-03
9.192288018608789704e-03
1.065354010700944945e-02
8.211582277410036171e-03
8.816317444840770720e-03
1.194436453136081544e-02
1.115580427377078736e-02
7.308964099854453091e-03
7.586074203345033462e-03
9.908690637240724977e-03
1.061151603345359892e-02
1.533190068357321439e-02
7.582188234146798426e-03
8.010036458381575644e-03
6.081593147074256141e-03
7.804718813658987828e-03
7.701058653284936772e-03
6.568163419762312709e-03
6.697961283264352618e-03
5.623923023901188610e-03
6.571867985824935039e-03
6.031612033811961475e-03
7.585274053939793093e-03
5.927212299099488511e-03
6.265491430162815727e-03
5.371048474214239719e-03
4.871884454557170487e-03
3.314098453365124652e-03
3.870427810856430246e-03
4.978047794495141752e-03
4.766667453264352740e-03
4.735507608695238221e-03
8.443923621554903780e-03
6.287117259536029873e-03
6.773573678377146738e-03
6.292750404837799301e-03
7.804006689846843328e-03
3.646299272609631031e-03
4.736713511093820078e-03
4.384398173230882184e-03
5.862862715745214767e-03
5.215262244881607202e-03
3.160462965627025989e-03
2.922748119358799940e-03
2.740342554948632398e-03
3.113605070956357301e-03
4.315546526963453741e-03
4.406161726345052265e-03
4.129851958512866655e-03
6.953522034090667096e-03
3.745212722174372753e-03
3.099550921184895686e-03
5.377031180160633805e-03
4.749220429850428866e-03
4.861620563053844525e-03
3.201130205037452676e-03
3.842480436346866306e-03
1.797723734637087910e-03
4.094223405527684483e-03
3.720462866040576827e-03
2.983045856567044865e-03
2.537946908540406662e-03
3.031036804601976598e-03
5.475621422928200234e-03
3.544160758711536931e-03
2.750227955881403164e-03
3.272508523688669180e-03
2.404100259772358299e-03
2.284703844269919508e-03
3.040459310684638736e-03
1.893971077365427368e-03
2.926704771619060338e-03
4.418268035447263549e-03
2.259955440749118315e-03
1.571908867639626927e-03
3.988033992313904860e-03
2.207360226023645771e-03
1.707974497434788580e-03
1.531658223742966623e-03
5.434708101474650631e-03
3.757717732419774831e-03
2.905078219729119188e-03
9.133260595218931684e-04
1.838617371294317196e-03
2.399446430749469471e-03
2.644773861569913072e-03
1.699200142854316370e-03
9.242844172744168856e-04
2.078026251454787726e-03
3.061175849291274641e-03
2.024007624941281860e-03
1.472296833359461625e-03
3.435488719867706674e-03
8.287208620519508941e-04
3.057956622462095451e-03
4.209491611167432736e-03
7.430160725522364515e-04
2.564279826395915712e-03
