1.099999994039535522e-01
2.941176593303680420e-01
4.339622557163238525e-01
4.326923191547393799e-01
5.047619342803955078e-01
4.649122953414916992e-01
5.054945349693298340e-01
5.909090638160705566e-01
5.660377144813537598e-01
5.392156839370727539e-01
6.363636255264282227e-01
5.428571701049804688e-01
5.849056839942932129e-01
6.052631735801696777e-01
6.138613820075988770e-01
6.761904954910278320e-01
6.666666865348815918e-01
6.923077106475830078e-01
6.336633563041687012e-01
7.184466123580932617e-01
5.803571343421936035e-01
6.851851940155029297e-01
7.009345889091491699e-01
6.792452931404113770e-01
6.576576828956604004e-01
7.247706651687622070e-01
6.880733966827392578e-01
6.018518805503845215e-01
7.264150977134704590e-01
7.029703259468078613e-01
7.454545497894287109e-01
7.522124052047729492e-01
7.884615659713745117e-01
7.636363506317138672e-01
7.454545497894287109e-01
8.090909123420715332e-01
7.289719581604003906e-01
8.468468189239501953e-01
8.532109856605529785e-01
7.142857313156127930e-01
8.839285969734191895e-01
8.333333134651184082e-01
9.196428656578063965e-01
8.125000000000000000e-01
8.070175647735595703e-01
8.434782624244689941e-01
8.828828930854797363e-01
8.288288116455078125e-01
7.913043498992919922e-01
8.595041036605834961e-01
9.107142686843872070e-01
9.380530714988708496e-01
9.051724076271057129e-01
9.310345053672790527e-01
8.695651888847351074e-01
8.983050584793090820e-01
9.026548862457275391e-01
9.224137663841247559e-01
8.666666746139526367e-01
8.974359035491943359e-01
9.416666626930236816e-01
9.322034120559692383e-01
8.793103694915771484e-01
8.983050584793090820e-01
9.043478369712829590e-01
9.583333134651184082e-01
8.974359035491943359e-01
9.298245906829833984e-01
9.051724076271057129e-01
9.833333492279052734e-01
9.411764740943908691e-01
9.083333611488342285e-01
9.230769276618957520e-01
8.655462265014648438e-01
9.338843226432800293e-01
9.067796468734741211e-01
9.217391014099121094e-01
9.173553586006164551e-01
9.487179517745971680e-01
9.327731132507324219e-01
9.495798349380493164e-01
9.411764740943908691e-01
9.391304254531860352e-01
9.661017060279846191e-01
9.747899174690246582e-01
9.915966391563415527e-01
9.327731132507324219e-01
9.230769276618957520e-01
9.590163826942443848e-01
9.830508232116699219e-01
9.411764740943908691e-01
9.752066135406494141e-01
9.016393423080444336e-01
9.830508232116699219e-01
9.406779408454895020e-01
9.426229596138000488e-01
9.833333492279052734e-01
9.421487450599670410e-01
9.322034120559692383e-01
1.000000000000000000e+00
9.586777091026306152e-01
9.152542352676391602e-01
8.983050584793090820e-01
9.916666746139526367e-01
1.000000000000000000e+00
1.000000000000000000e+00
9.666666388511657715e-01
9.137930870056152344e-01
9.338843226432800293e-01
9.411764740943908691e-01
1.000000000000000000e+00
9.237288236618041992e-01
9.159663915634155273e-01
9.831932783126831055e-01
9.756097793579101562e-01
1.000000000000000000e+00
1.000000000000000000e+00
1.000000000000000000e+00
1.000000000000000000e+00
1.000000000000000000e+00
1.000000000000000000e+00
9.833333492279052734e-01
9.416666626930236816e-01
7.950819730758666992e-01
9.663865566253662109e-01
9.166666865348815918e-01
9.831932783126831055e-01
9.916666746139526367e-01
1.000000000000000000e+00
1.000000000000000000e+00
9.917355179786682129e-01
9.067796468734741211e-01
9.508196711540222168e-01
9.750000238418579102e-01
9.915966391563415527e-01
1.000000000000000000e+00
9.917355179786682129e-01
1.000000000000000000e+00
1.000000000000000000e+00
1.000000000000000000e+00
9.750000238418579102e-01
9.741379022598266602e-01
8.934426307678222656e-01
9.166666865348815918e-01
9.750000238418579102e-01
9.406779408454895020e-01
9.750000238418579102e-01
1.000000000000000000e+00
1.000000000000000000e+00
9.831932783126831055e-01
