3.629085889618120786e-02
2.365773977193414215e-02
1.899664233119159260e-02
1.936253024372681583e-02
1.582180548745130630e-02
1.506969445356850373e-02
1.247459307097022532e-02
1.066240643358310272e-02
1.127234029628743604e-02
1.271518654003100240e-02
1.246269239263655612e-02
1.261022021288915433e-02
9.419493148051072406e-03
1.039988854552705184e-02
6.818048702523025160e-03
1.153399754140908319e-02
9.249608061295091707e-03
1.241304589663535206e-02
6.286495269464289874e-03
4.259945104448020770e-03
1.098285144752774757e-02
9.606952160309076977e-03
8.528925394591433881e-03
3.529756422066223330e-03
4.997595791715563410e-03
2.410855025863913818e-03
6.696056285099597286e-03
9.778972389497804160e-03
8.631324001284154321e-03
6.733538697623430228e-03
4.204417039517504076e-03
2.927736654365488238e-03
3.375507852002274534e-03
7.309653567362361243e-03
8.770093642346167215e-03
7.096473229424545177e-03
8.965365628162755632e-03
2.684091441630698151e-03
5.639098290577233656e-03
1.589190448628440477e-03
8.537476186732116321e-03
5.392402634212811741e-03
3.887098183881533553e-03
7.898994862529489999e-03
2.345489805565445594e-03
4.506083978973493553e-03
9.575296598177988547e-03
2.975047146691971699e-03
6.736248856322921662e-03
4.259493234952664575e-03
