7.577319741249084473e-01
8.009708523750305176e-01
8.439024686813354492e-01
8.428571224212646484e-01
8.604651093482971191e-01
8.732394576072692871e-01
9.041095972061157227e-01
9.252336621284484863e-01
8.888888955116271973e-01
8.925233483314514160e-01
8.986175060272216797e-01
8.648648858070373535e-01
9.136363863945007324e-01
9.162790775299072266e-01
9.327354431152343750e-01
8.981481194496154785e-01
9.305555820465087891e-01
8.750000000000000000e-01
9.347826242446899414e-01
9.652174115180969238e-01
8.810572624206542969e-01
9.115044474601745605e-01
9.471365809440612793e-01
9.610389471054077148e-01
9.690265655517578125e-01
9.786324501037597656e-01
9.339206814765930176e-01
9.039301276206970215e-01
9.126637578010559082e-01
9.090909361839294434e-01
9.647576808929443359e-01
9.615384340286254883e-01
9.618644118309020996e-01
9.344978332519531250e-01
9.051724076271057129e-01
9.110169410705566406e-01
9.196428656578063965e-01
9.784482717514038086e-01
9.350649118423461914e-01
9.829787015914916992e-01
9.113923907279968262e-01
9.515418410301208496e-01
9.613733887672424316e-01
9.388646483421325684e-01
9.788135886192321777e-01
9.743589758872985840e-01
8.977777957916259766e-01
9.780701994895935059e-01
9.396551847457885742e-01
9.698275923728942871e-01
