7.016806602478027344e-01
7.268907427787780762e-01
7.142857313156127930e-01
7.647058963775634766e-01
8.025209903717041016e-01
7.815126180648803711e-01
7.857142686843872070e-01
8.025209903717041016e-01
8.529411554336547852e-01
8.235294222831726074e-01
8.403361439704895020e-01
8.655462265014648438e-01
8.403361439704895020e-01
8.571428656578063965e-01
8.781512379646301270e-01
8.907563090324401855e-01
8.445377945899963379e-01
8.445377945899963379e-01
9.201680421829223633e-01
9.201680421829223633e-01
9.159663915634155273e-01
8.571428656578063965e-01
7.521008253097534180e-01
8.529411554336547852e-01
9.411764740943908691e-01
9.033613204956054688e-01
9.201680421829223633e-01
9.411764740943908691e-01
9.327731132507324219e-01
9.327731132507324219e-01
9.201680421829223633e-01
9.411764740943908691e-01
9.495798349380493164e-01
9.579831957817077637e-01
9.369747638702392578e-01
8.277310729026794434e-01
8.571428656578063965e-01
9.327731132507324219e-01
9.579831957817077637e-01
9.705882072448730469e-01
8.739495873451232910e-01
8.445377945899963379e-01
9.327731132507324219e-01
9.915966391563415527e-01
9.537814855575561523e-01
9.705882072448730469e-01
9.495798349380493164e-01
8.907563090324401855e-01
9.285714030265808105e-01
9.285714030265808105e-01
