9.571275711059570312e-01
9.675675630569458008e-01
9.698275923728942871e-01
9.848812222480773926e-01
9.902597665786743164e-01
9.838362336158752441e-01
9.871106147766113281e-01
9.774919748306274414e-01
9.849462509155273438e-01
9.871520400047302246e-01
9.870550036430358887e-01
9.892008900642395020e-01
9.914346933364868164e-01
9.849624037742614746e-01
9.795699119567871094e-01
9.914255142211914062e-01
9.967845678329467773e-01
9.935553073883056641e-01
9.860962629318237305e-01
9.860664606094360352e-01
9.743589758872985840e-01
9.828510284423828125e-01
9.967880249023437500e-01
9.967845678329467773e-01
1.000000000000000000e+00
9.870967864990234375e-01
9.860813617706298828e-01
9.935553073883056641e-01
9.892703890800476074e-01
9.978540539741516113e-01
9.795258641242980957e-01
9.935483932495117188e-01
9.946120977401733398e-01
9.989258646965026855e-01
9.989270567893981934e-01
9.784482717514038086e-01
9.903640151023864746e-01
9.881847500801086426e-01
9.946236610412597656e-01
9.870828986167907715e-01
9.967811107635498047e-01
9.957219362258911133e-01
1.000000000000000000e+00
1.000000000000000000e+00
1.000000000000000000e+00
1.000000000000000000e+00
1.000000000000000000e+00
1.000000000000000000e+00
1.000000000000000000e+00
1.000000000000000000e+00
