3.333333507180213928e-02
3.888888955116271973e-01
5.555555820465087891e-01
6.065573692321777344e-01
7.272727489471435547e-01
6.951219439506530762e-01
7.157894968986511230e-01
7.228915691375732422e-01
6.565656661987304688e-01
7.010309100151062012e-01
7.628865838050842285e-01
7.745097875595092773e-01
7.291666865348815918e-01
6.788991093635559082e-01
7.523809671401977539e-01
7.075471878051757812e-01
7.547169923782348633e-01
8.282828330993652344e-01
8.000000119209289551e-01
7.500000000000000000e-01
7.090908885002136230e-01
7.706422209739685059e-01
7.788461446762084961e-01
8.333333134651184082e-01
8.070175647735595703e-01
7.699115276336669922e-01
7.657657861709594727e-01
8.333333134651184082e-01
8.317757248878479004e-01
8.214285969734191895e-01
8.380952477455139160e-01
8.301886916160583496e-01
7.982456088066101074e-01
8.108108043670654297e-01
8.256880640983581543e-01
8.878504633903503418e-01
8.518518805503845215e-01
7.768595218658447266e-01
8.750000000000000000e-01
8.389830589294433594e-01
8.407079577445983887e-01
8.017241358757019043e-01
8.448275923728942871e-01
8.938053250312805176e-01
8.373983502388000488e-01
8.706896305084228516e-01
8.879310488700866699e-01
8.196721076965332031e-01
8.739495873451232910e-01
9.203540086746215820e-01
8.956521749496459961e-01
8.620689511299133301e-01
9.327731132507324219e-01
8.888888955116271973e-01
8.677685856819152832e-01
8.728813529014587402e-01
8.793103694915771484e-01
9.385964870452880859e-01
9.391304254531860352e-01
9.059829115867614746e-01
8.666666746139526367e-01
9.016393423080444336e-01
9.406779408454895020e-01
9.572649598121643066e-01
8.730158805847167969e-01
8.879310488700866699e-01
9.173553586006164551e-01
8.536585569381713867e-01
8.968253731727600098e-01
9.416666626930236816e-01
8.999999761581420898e-01
9.090909361839294434e-01
9.008264541625976562e-01
8.934426307678222656e-01
9.180327653884887695e-01
9.349593520164489746e-01
9.186992049217224121e-01
9.836065769195556641e-01
9.430894255638122559e-01
9.349593520164489746e-01
9.262295365333557129e-01
9.586777091026306152e-01
9.836065769195556641e-01
9.516128897666931152e-01
9.504132270812988281e-01
9.435483813285827637e-01
9.593495726585388184e-01
9.754098653793334961e-01
9.512194991111755371e-01
9.516128897666931152e-01
9.677419066429138184e-01
9.531250000000000000e-01
9.453125000000000000e-01
9.448819160461425781e-01
9.499999880790710449e-01
9.523809552192687988e-01
9.672130942344665527e-01
9.838709831237792969e-01
9.453125000000000000e-01
9.354838728904724121e-01
9.262295365333557129e-01
9.098360538482666016e-01
9.504132270812988281e-01
9.440000057220458984e-01
9.370078444480895996e-01
9.359999895095825195e-01
9.677419066429138184e-01
9.520000219345092773e-01
9.921259880065917969e-01
9.682539701461791992e-01
9.763779640197753906e-01
9.677419066429138184e-01
9.354838728904724121e-01
9.512194991111755371e-01
9.682539701461791992e-01
9.685039520263671875e-01
1.000000000000000000e+00
9.523809552192687988e-01
9.838709831237792969e-01
9.685039520263671875e-01
9.918699264526367188e-01
9.531250000000000000e-01
9.838709831237792969e-01
9.760000109672546387e-01
9.682539701461791992e-01
9.756097793579101562e-01
9.682539701461791992e-01
9.375000000000000000e-01
9.206349253654479980e-01
9.840000271797180176e-01
9.920634627342224121e-01
9.921259880065917969e-01
9.838709831237792969e-01
9.921259880065917969e-01
9.841269850730895996e-01
9.508196711540222168e-01
9.679999947547912598e-01
9.612402915954589844e-01
9.921259880065917969e-01
9.921259880065917969e-01
9.761904478073120117e-01
9.596773982048034668e-01
9.841269850730895996e-01
9.685039520263671875e-01
9.763779640197753906e-01
9.840000271797180176e-01
9.370078444480895996e-01
9.682539701461791992e-01
9.523809552192687988e-01
9.682539701461791992e-01
