2.362204715609550476e-02
1.102362200617790222e-01
2.362204790115356445e-01
2.913385927677154541e-01
4.409448802471160889e-01
4.488188922405242920e-01
5.354330539703369141e-01
4.724409580230712891e-01
5.118110179901123047e-01
5.354330539703369141e-01
5.826771855354309082e-01
6.220472455024719238e-01
5.511810779571533203e-01
5.826771855354309082e-01
6.220472455024719238e-01
5.905511975288391113e-01
6.299212574958801270e-01
6.456692814826965332e-01
6.614173054695129395e-01
6.850393414497375488e-01
6.141732335090637207e-01
6.614173054695129395e-01
6.377952694892883301e-01
7.086614370346069336e-01
7.244094610214233398e-01
6.850393414497375488e-01
6.692913174629211426e-01
7.480314970016479492e-01
7.007874250411987305e-01
7.244094610214233398e-01
6.929134130477905273e-01
6.929134130477905273e-01
7.165354490280151367e-01
7.086614370346069336e-01
7.086614370346069336e-01
7.480314970016479492e-01
7.244094610214233398e-01
7.401574850082397461e-01
7.716535329818725586e-01
7.795275449752807617e-01
7.480314970016479492e-01
7.322834730148315430e-01
7.716535329818725586e-01
7.952755689620971680e-01
8.110235929489135742e-01
7.952755689620971680e-01
8.110235929489135742e-01
7.874015569686889648e-01
8.188976645469665527e-01
8.188976645469665527e-01
8.110235929489135742e-01
7.874015569686889648e-01
8.740157485008239746e-01
8.188976645469665527e-01
8.267716765403747559e-01
8.110235929489135742e-01
8.031495809555053711e-01
8.425197005271911621e-01
8.503937125205993652e-01
8.346456885337829590e-01
8.188976645469665527e-01
8.661417365074157715e-01
8.740157485008239746e-01
8.818897604942321777e-01
8.661417365074157715e-01
8.110235929489135742e-01
8.740157485008239746e-01
8.267716765403747559e-01
8.897637724876403809e-01
8.897637724876403809e-01
8.503937125205993652e-01
8.661417365074157715e-01
8.582677245140075684e-01
8.582677245140075684e-01
8.818897604942321777e-01
9.055117964744567871e-01
8.897637724876403809e-01
9.448819160461425781e-01
9.133858084678649902e-01
9.055117964744567871e-01
8.897637724876403809e-01
9.133858084678649902e-01
9.448819160461425781e-01
9.291338324546813965e-01
9.055117964744567871e-01
9.212598204612731934e-01
9.291338324546813965e-01
9.370078444480895996e-01
9.212598204612731934e-01
9.291338324546813965e-01
9.448819160461425781e-01
9.606299400329589844e-01
9.527559280395507812e-01
9.448819160461425781e-01
8.976377844810485840e-01
9.448819160461425781e-01
9.291338324546813965e-01
9.606299400329589844e-01
9.527559280395507812e-01
9.133858084678649902e-01
8.897637724876403809e-01
8.740157485008239746e-01
9.055117964744567871e-01
9.291338324546813965e-01
9.370078444480895996e-01
9.212598204612731934e-01
9.448819160461425781e-01
9.370078444480895996e-01
9.921259880065917969e-01
9.606299400329589844e-01
9.763779640197753906e-01
9.448819160461425781e-01
9.133858084678649902e-01
9.212598204612731934e-01
9.606299400329589844e-01
9.685039520263671875e-01
9.921259880065917969e-01
9.448819160461425781e-01
9.606299400329589844e-01
9.685039520263671875e-01
9.606299400329589844e-01
9.606299400329589844e-01
9.606299400329589844e-01
9.606299400329589844e-01
9.606299400329589844e-01
9.448819160461425781e-01
9.606299400329589844e-01
9.448819160461425781e-01
9.133858084678649902e-01
9.685039520263671875e-01
9.842519760131835938e-01
9.921259880065917969e-01
9.606299400329589844e-01
9.921259880065917969e-01
9.763779640197753906e-01
9.133858084678649902e-01
9.527559280395507812e-01
9.763779640197753906e-01
9.921259880065917969e-01
9.921259880065917969e-01
9.685039520263671875e-01
9.370078444480895996e-01
9.763779640197753906e-01
9.685039520263671875e-01
9.763779640197753906e-01
9.685039520263671875e-01
9.370078444480895996e-01
9.606299400329589844e-01
9.448819160461425781e-01
9.606299400329589844e-01
