3.542122855510932422e-01
1.099571942399111268e-01
6.548245854625554807e-02
5.993679201454419486e-02
5.057269608817548806e-02
6.180517445388133274e-02
4.906532615939701580e-02
6.805275834473190066e-02
4.461747259238021956e-02
3.769937977340483831e-02
3.382001257154015894e-02
3.694016021309327186e-02
3.558035221122342329e-02
4.029452551424903689e-02
4.238359659575162419e-02
2.221176522397801112e-02
2.836495830165024212e-02
2.369718060349888453e-02
2.621602121374991268e-02
2.155236299924285365e-02
2.362534427214795993e-02
2.335614636232700644e-02
1.563800800557489656e-02
2.325272059169563102e-02
2.394671594904499573e-02
1.362668702926054555e-02
2.381206323995636170e-02
2.226511291499020523e-02
1.346977680264960751e-02
1.941890445809930227e-02
1.247696663169700800e-02
1.208528735635143285e-02
1.146606404423250111e-02
1.158532169065212489e-02
1.329989028131190777e-02
1.102053421163958977e-02
1.315263947557145964e-02
1.167938087920122187e-02
1.581996937181825991e-02
9.820519098364243610e-03
1.449919780974346512e-02
1.416970314114271261e-02
1.303496875586386897e-02
2.114901394930870579e-02
1.087193443749451260e-02
1.718038096136031978e-02
7.695065651770812733e-03
1.234115505441043571e-02
1.284692227712549463e-02
8.670299409108395833e-03
9.948739317614346128e-03
1.116960359362648321e-02
6.234508919665621152e-03
8.580753490025664135e-03
1.145788642674351078e-02
1.374443048636246438e-02
7.129365498085296453e-03
6.945389578695552145e-03
1.343378786640888299e-02
7.164147332876420922e-03
8.784679206816550096e-03
9.447231851542080283e-03
6.213950770337231706e-03
4.791766214989489139e-03
5.309355058063729149e-03
1.420206610586283863e-02
9.666600460649888912e-03
8.469990699144776952e-03
1.342692213996399264e-02
1.440650956752175665e-02
1.244002754632606358e-02
5.975124834178518855e-03
1.096673970173903979e-02
1.117193986698414819e-02
3.710856963263951466e-03
1.984225693699116430e-03
3.583199091488392836e-03
4.287333085695923390e-03
2.843888401735777602e-03
9.637642805718014960e-03
3.810871678428993936e-03
6.716166382032534923e-03
5.507563196751141463e-03
9.728409602411041551e-03
1.671575790376459911e-02
1.859703380074358842e-02
3.093066936567156078e-03
4.201902469711599891e-03
4.124938585713183552e-03
3.796451234498064795e-03
1.422835142669502846e-02
4.093412479390315037e-03
5.533473426963338507e-03
2.188756050159880191e-03
1.736006066674813681e-03
2.152508769455603425e-03
3.278523806760998052e-03
8.434264991361822839e-03
1.128203561761603312e-03
1.298217369714409208e-03
1.195488073518512651e-03
1.216596931434590044e-02
8.349892242332410466e-03
4.083936885939336466e-03
8.721765995525959658e-03
1.264899987746650328e-02
3.312413656922124500e-03
3.497873009623542282e-03
4.424327308776297533e-03
6.137489260561002774e-03
3.015640685849829174e-03
4.623293172232135562e-04
1.215467958060745344e-03
1.922553473146998491e-04
5.672157247758800175e-03
2.253615620310669195e-03
2.752243257536014353e-03
3.382454632817223552e-03
3.095207678030500661e-03
1.364653355427215614e-03
1.629356295664366461e-03
6.328587417336575122e-03
3.455703489769678879e-03
1.728177375972273508e-03
1.305342076910803728e-02
8.816738917275655785e-03
6.122561527499954630e-03
1.683575968502482728e-03
1.536370381957581459e-03
1.267861835480351578e-04
2.247475018172849861e-04
6.157972759339282263e-04
1.428582192932248483e-04
4.967982957897162162e-05
1.554342333642942491e-02
1.603031573562783973e-02
4.875090887062777725e-03
1.744559867434351255e-03
8.689789278539855957e-03
3.210213981274470055e-03
3.759698796671400410e-03
1.487252272270417255e-03
2.299227788808782657e-03
4.706614472801227446e-03
7.322742803687190072e-04
2.245022599715067700e-03
3.785801522666591961e-03
9.274965928099728613e-03
1.277031240059960712e-03
6.755134250110306909e-04
