7.758620381355285645e-02
2.857142984867095947e-01
4.215686321258544922e-01
5.229358077049255371e-01
5.272727012634277344e-01
4.954954981803894043e-01
5.384615659713745117e-01
4.857142865657806396e-01
5.675675868988037109e-01
6.036036014556884766e-01
6.601941585540771484e-01
6.734693646430969238e-01
6.601941585540771484e-01
6.355140209197998047e-01
5.727272629737854004e-01
7.735849022865295410e-01
6.930692791938781738e-01
7.570093274116516113e-01
6.818181872367858887e-01
7.403846383094787598e-01
7.407407164573669434e-01
7.476635575294494629e-01
7.747747898101806641e-01
7.410714030265808105e-01
7.383177280426025391e-01
8.349514603614807129e-01
7.363636493682861328e-01
7.547169923782348633e-01
8.181818127632141113e-01
7.924528121948242188e-01
8.224298954010009766e-01
8.532109856605529785e-01
8.482142686843872070e-01
8.785046935081481934e-01
8.086956739425659180e-01
8.672566413879394531e-01
8.532109856605529785e-01
8.636363744735717773e-01
8.454545736312866211e-01
8.999999761581420898e-01
8.392857313156127930e-01
8.362069129943847656e-01
8.000000119209289551e-01
7.962962985038757324e-01
8.571428656578063965e-01
7.699115276336669922e-01
8.828828930854797363e-01
8.532109856605529785e-01
8.260869383811950684e-01
8.632478713989257812e-01
8.878504633903503418e-01
8.620689511299133301e-01
9.035087823867797852e-01
8.534482717514038086e-01
8.230088353157043457e-01
8.648648858070373535e-01
9.181818366050720215e-01
8.771929740905761719e-01
8.534482717514038086e-01
9.043478369712829590e-01
9.026548862457275391e-01
9.090909361839294434e-01
9.210526347160339355e-01
9.385964870452880859e-01
9.316239356994628906e-01
8.534482717514038086e-01
8.839285969734191895e-01
9.107142686843872070e-01
8.508771657943725586e-01
8.648648858070373535e-01
9.009009003639221191e-01
9.217391014099121094e-01
8.828828930854797363e-01
8.596491217613220215e-01
9.553571343421936035e-01
9.568965435028076172e-01
9.565217494964599609e-01
9.391304254531860352e-01
9.649122953414916992e-01
8.965517282485961914e-01
9.478260874748229980e-01
9.035087823867797852e-01
9.152542352676391602e-01
9.035087823867797852e-01
9.090909361839294434e-01
8.260869383811950684e-01
9.734513163566589355e-01
9.310345053672790527e-01
9.482758641242980957e-01
9.557521939277648926e-01
8.684210777282714844e-01
9.008264541625976562e-01
9.396551847457885742e-01
9.739130139350891113e-01
9.743589758872985840e-01
9.401709437370300293e-01
9.406779408454895020e-01
9.230769276618957520e-01
1.000000000000000000e+00
9.661017060279846191e-01
9.743589758872985840e-01
8.534482717514038086e-01
8.859649300575256348e-01
9.473684430122375488e-01
8.879310488700866699e-01
8.173912763595581055e-01
9.482758641242980957e-01
9.557521939277648926e-01
9.553571343421936035e-01
9.396551847457885742e-01
9.565217494964599609e-01
9.913043379783630371e-01
9.826086759567260742e-01
1.000000000000000000e+00
9.304347634315490723e-01
9.565217494964599609e-01
9.736841917037963867e-01
9.316239356994628906e-01
9.911504387855529785e-01
9.827586412429809570e-01
9.741379022598266602e-01
9.565217494964599609e-01
9.473684430122375488e-01
9.910714030265808105e-01
8.793103694915771484e-01
9.137930870056152344e-01
9.478260874748229980e-01
9.736841917037963867e-01
9.913043379783630371e-01
1.000000000000000000e+00
1.000000000000000000e+00
9.829059839248657227e-01
1.000000000000000000e+00
1.000000000000000000e+00
9.224137663841247559e-01
8.376068472862243652e-01
9.727272987365722656e-01
9.572649598121643066e-01
9.130434989929199219e-01
9.652174115180969238e-01
9.652174115180969238e-01
9.576271176338195801e-01
9.739130139350891113e-01
9.487179517745971680e-01
9.914529919624328613e-01
9.826086759567260742e-01
9.482758641242980957e-01
9.130434989929199219e-01
9.739130139350891113e-01
9.913043379783630371e-01
