1.506685141180206383e-02
1.062467652719095365e-02
7.258782128803594608e-03
1.254040889323798820e-02
9.174111224841387247e-03
6.121418150388985117e-03
7.456469797594604369e-03
5.056157781258193915e-03
1.294731869846142747e+00
1.809810458384284934e-02
6.243435852378082483e-03
6.333898302742805783e-03
4.031936761173482604e-03
2.416008896973804564e-03
3.733666978513589235e-03
2.339576513472386467e-03
2.153933557577919402e-03
2.598716838599504555e-03
2.428973303981504968e-03
9.032675674028415322e-04
1.861146759622428915e-03
1.723574134744960051e-03
2.053313124239365944e-03
9.958882085699797583e-04
1.359379483015796383e-03
6.228109123893498444e-04
1.341344006182315900e-03
5.112114201416387326e-04
9.483989601478498262e-04
6.079185103753795890e-04
1.273980664408493144e-03
6.839886397751410250e-04
1.484797504625838234e-03
1.028577893541146810e-03
7.629440347584859035e-04
3.617354369684831175e-04
1.009502184294417196e-03
1.871427211581477162e-04
8.319132430646762307e-04
3.525911584308385159e-04
6.804205575896184329e-05
2.028697284241948217e-04
3.861686451589743056e-04
2.060660824811523083e-03
7.943539013816899126e-04
3.537311738314411792e-03
4.294707350871614787e-03
4.214975800603547144e-03
8.835655057471348195e-04
1.191427129205818031e-03
