2.150479622065663843e-02
6.188004340491007338e-03
9.744593577854888250e-03
1.305519555294158696e-02
1.111340587100659479e-02
7.743895830145740983e-03
8.564348294319007807e-03
7.450168202173797737e-03
3.565699605000034744e-03
5.763310896577018144e-03
5.797534708451545712e-03
6.492310712760068249e-03
3.207427322394909488e-03
3.855939751400195171e-03
7.279363214863033248e-03
3.555941334372776826e-03
5.093110016257590411e-03
7.749131755191726242e-03
3.833101994188016851e-03
4.300409408371927249e-03
1.761140129091369336e-03
3.503872798766569270e-03
3.598756328558625449e-03
5.452006469199423798e-03
8.531160674155859264e-04
8.587442644225679782e-04
4.027157509627435697e-03
3.866974581531785419e-03
7.990359934803159189e-03
1.037300873947728103e-02
1.778532790970158064e-03
1.294615043922163911e-03
9.416258995286537915e-04
8.055457748272452922e-04
3.236957330572543673e-03
9.425852448378430060e-03
7.978505087524439404e-03
4.430376720194808063e-03
3.553819012423373690e-03
5.082297135448430626e-03
2.958703133965822837e-03
1.406044927625560307e-03
3.381287203330981574e-03
4.245968339626215310e-03
6.100856713770203520e-03
7.948487760172832190e-04
8.150176558397243453e-04
3.764154488899315153e-03
7.098987362139022074e-03
7.326377478567919687e-04
