9.159663915634155273e-01
9.499999880790710449e-01
9.243697524070739746e-01
8.934426307678222656e-01
9.098360538482666016e-01
9.338843226432800293e-01
9.112903475761413574e-01
9.491525292396545410e-01
9.672130942344665527e-01
9.406779408454895020e-01
9.344262480735778809e-01
9.504132270812988281e-01
9.674796462059020996e-01
9.747899174690246582e-01
9.583333134651184082e-01
9.831932783126831055e-01
9.421487450599670410e-01
9.349593520164489746e-01
9.669421315193176270e-01
9.430894255638122559e-01
9.756097793579101562e-01
9.831932783126831055e-01
9.750000238418579102e-01
9.508196711540222168e-01
1.000000000000000000e+00
1.000000000000000000e+00
9.590163826942443848e-01
9.833333492279052734e-01
9.508196711540222168e-01
9.098360538482666016e-01
9.756097793579101562e-01
9.918699264526367188e-01
1.000000000000000000e+00
1.000000000000000000e+00
9.752066135406494141e-01
9.262295365333557129e-01
9.250000119209289551e-01
9.750000238418579102e-01
9.512194991111755371e-01
9.512194991111755371e-01
9.758064746856689453e-01
9.756097793579101562e-01
9.669421315193176270e-01
9.669421315193176270e-01
9.590163826942443848e-01
1.000000000000000000e+00
1.000000000000000000e+00
9.833333492279052734e-01
9.274193644523620605e-01
1.000000000000000000e+00
