2.999402366989495916e-01
1.559596960595382442e-01
1.291233241669909049e-01
1.171828344437079311e-01
1.115393966696841960e-01
1.030487076609786778e-01
1.056641459241358660e-01
9.889523752998648221e-02
9.530985546672408881e-02
9.808026165519120876e-02
9.257237619160722797e-02
8.918976341566203780e-02
8.249405793860736802e-02
8.281343660708642695e-02
7.959020234722034848e-02
7.767262665046936743e-02
7.503280913995200030e-02
7.982220716953987438e-02
7.543037264077968873e-02
7.091539540840674505e-02
6.605781141950166357e-02
7.234431397087424942e-02
6.545093487483276407e-02
6.261105263791583164e-02
6.074591906263851482e-02
5.790229240072875677e-02
5.694947679339625729e-02
5.965450355969893759e-02
5.666580181951911405e-02
5.961053858673061312e-02
5.643337895851020108e-02
5.221352568432425373e-02
5.544057393994055588e-02
5.138742198028758978e-02
4.946628054598645879e-02
5.074073661729235074e-02
5.407878290357740619e-02
4.749073597630550786e-02
4.978507336852450865e-02
4.810436873828306120e-02
4.592250037353388242e-02
4.534896533088861315e-02
4.286859421319324376e-02
4.411334836053470293e-02
4.390832531029416341e-02
4.405338376852819399e-02
4.263407312794256082e-02
4.353496826464486186e-02
3.836291669884257099e-02
4.189930083671128402e-02
4.289815445377326980e-02
3.930091605310233327e-02
4.031396570676584051e-02
3.999491084369059812e-02
4.162705568512339166e-02
3.867961847449722518e-02
4.049620202678184955e-02
3.945923259345490014e-02
3.794328324761248733e-02
3.739642869264132863e-02
3.511884215957443434e-02
3.420127367670051238e-02
3.731609219180747478e-02
3.506136455158868209e-02
3.722800574578712107e-02
3.526765506280909318e-02
3.553841187660311540e-02
3.550368306601893453e-02
3.271438503374051593e-02
3.285092039481934956e-02
3.446199297076788653e-02
3.302537962591604870e-02
3.424653034117474543e-02
3.140115904077175196e-02
3.184218386783119192e-02
3.183360072172394806e-02
2.995042596154905493e-02
2.996546669085521641e-02
2.955046449112173554e-02
2.915234360173444075e-02
2.685047619614573666e-02
3.029182517874116215e-02
2.852613221353741263e-02
2.785249039136920499e-02
2.763475020449327607e-02
2.923164361750918080e-02
2.848574916904585835e-02
2.465938533602060612e-02
2.437259030554129319e-02
2.661772047978821013e-02
2.403505960089798513e-02
2.496383471051698624e-02
2.350222897676182074e-02
2.210177113066841628e-02
1.918255658365485353e-02
2.459657341300236846e-02
2.312478297788613663e-02
2.126284393464712014e-02
2.117197742658176798e-02
2.448083360475782760e-02
2.229259652679951159e-02
1.746582194801519355e-02
1.741866078251095434e-02
2.084249508666561126e-02
1.909849993753599817e-02
2.041440653093558322e-02
2.037355967152913380e-02
1.788816563438813331e-02
1.693871507699525741e-02
1.615610127638704777e-02
1.820713903925195304e-02
1.587109082803665056e-02
2.317922040863893210e-02
1.773453015889423987e-02
1.573759135370446371e-02
1.465800527747244432e-02
1.576743215919924196e-02
1.334744223497378625e-02
1.392410614794977429e-02
1.626839365368521612e-02
1.123622951503782871e-02
1.572192217568453565e-02
1.497406078516239254e-02
1.487572104283608337e-02
1.267879707664722189e-02
1.024735489420186552e-02
1.015317960758296834e-02
1.203239831239016726e-02
1.410843637879657421e-02
1.165649153583881228e-02
9.916263499661811739e-03
9.393644635390262579e-03
1.153120496384903333e-02
1.205167389656769568e-02
8.282430551543155245e-03
8.709454085197704948e-03
8.923909772637291654e-03
9.415731306842121257e-03
1.041840891475294059e-02
1.054697939574765660e-02
9.844405109465430292e-03
9.787524249431339002e-03
1.157819098966653311e-02
5.540334614764831113e-03
6.763079103797142722e-03
1.341454076903008177e-02
8.821710867508186782e-03
8.918401380333619913e-03
6.144536800525059357e-03
7.352166833305014658e-03
