1.142385068447552554e-01
5.526550466642043274e-02
4.189193115947077717e-02
3.793343442734561227e-02
3.195895884146053578e-02
3.398376160130381352e-02
2.967549426404958099e-02
3.126073115545253966e-02
2.885064802038730253e-02
2.655008755585039001e-02
3.083861988171841817e-02
2.466336545350400131e-02
2.532234290465806142e-02
2.481047668950671706e-02
2.394873086531982762e-02
2.180999731316810367e-02
3.001953066021577007e-02
2.362850893873448543e-02
2.144115824073737631e-02
1.979333230878434560e-02
2.046222734560884660e-02
2.054603022499094933e-02
2.070418004921082203e-02
1.790209708303448777e-02
1.955037580484413756e-02
2.158784054921365769e-02
1.736235964924640052e-02
1.779706277482986584e-02
1.823910787010677922e-02
2.167358402807351148e-02
1.727991850336034821e-02
1.561579441160830875e-02
1.481408945169583949e-02
1.757715726701414294e-02
1.538369161688316750e-02
1.533189790807270095e-02
1.479274193864414493e-02
1.620727024034003538e-02
1.953591483200764825e-02
1.632855348481912841e-02
1.454362953290383280e-02
1.814813501572761986e-02
1.507656151865128559e-02
1.207794665387726743e-02
1.606259059046558427e-02
1.224429045935476225e-02
1.295930969606891824e-02
1.264624961584605474e-02
1.012729684362092229e-02
1.492146854689306926e-02
1.347544332187461565e-02
1.425846685132739142e-02
1.262220131836659480e-02
1.255746972643719331e-02
1.371870162604288054e-02
1.188839443510065867e-02
1.223211224653423385e-02
1.116459225222492940e-02
1.323983501031885703e-02
9.003543246831231806e-03
9.615425240952156158e-03
1.079291676326141897e-02
1.072997959321989568e-02
1.093433468510660728e-02
9.097220495773621421e-03
9.181991280282974371e-03
7.497501988294005826e-03
6.846543710024215711e-03
1.125286640512739370e-02
7.326980463634457513e-03
7.803927443719538976e-03
6.226973224915344392e-03
7.085155478754228200e-03
6.736277651786178565e-03
7.116718937366621998e-03
5.748597860686269906e-03
8.205704859564759077e-03
1.004031241480408433e-02
1.195641675264419793e-02
6.559625974454474061e-03
5.561350127027675332e-03
5.853056425603152257e-03
6.192333102584090046e-03
6.472759032592170086e-03
8.190652963383981619e-03
4.408979456910711026e-03
4.182735716194719774e-03
6.310143156075673047e-03
6.929156172757026250e-03
4.498764115827456715e-03
3.580369023000616515e-03
4.477298474462164217e-03
7.442865529675607959e-03
6.365365401544198498e-03
3.922600961108293691e-03
3.495236393265432461e-03
6.141790911077096848e-03
3.796550112013568658e-03
3.911040340142027567e-03
7.283731365346330332e-03
5.297451512082682577e-03
4.612091379602321385e-03
7.217294656389738536e-03
4.496957321149212469e-03
3.629156455412866841e-03
6.379878121665186023e-03
4.919977719002765169e-03
2.938930258481068768e-03
4.751837204024162223e-03
2.326028594732645893e-03
3.749158727385427329e-03
3.289134707344586531e-03
3.192543322329626041e-03
4.778660642344235640e-03
4.303624258651034436e-03
2.069749477450231762e-03
2.694949593392792237e-03
3.196765928306100242e-03
3.180636133565227595e-03
2.884804042044462891e-03
4.504750513178218743e-03
3.455078863299440497e-03
3.337033020828085016e-03
2.259313762746625182e-03
4.262402896310085385e-03
4.610997704116064425e-03
2.795449142229754647e-03
3.692380284273346063e-03
3.711437994059682815e-03
2.109020966638527114e-03
4.820295362868562937e-03
1.197226013193075991e-03
9.124556068273776853e-04
4.721552598358972133e-03
3.339185490271315889e-03
3.237412562747323842e-03
6.017014748540674973e-03
3.259488797555411960e-03
2.210625570209602542e-03
3.255944747190305053e-03
1.797901904430891694e-03
4.580535039925366994e-03
2.366082284344369485e-03
8.830156232251150849e-04
1.381170030452813155e-03
1.992430179121958047e-03
1.785213129842836040e-03
2.168745512013620438e-03
1.387544131983740230e-03
9.736893682346580651e-04
