9.989023208618164062e-02
2.041712403297424316e-01
3.062568604946136475e-01
4.237101972103118896e-01
4.906696081161499023e-01
5.532382130622863770e-01
5.894621014595031738e-01
6.147091388702392578e-01
6.619099974632263184e-01
6.597145795822143555e-01
6.498353481292724609e-01
7.091108560562133789e-01
7.354555726051330566e-01
7.189901471138000488e-01
7.574094533920288086e-01
7.639955878257751465e-01
7.705817818641662598e-01
7.771679759025573730e-01
7.683863639831542969e-01
8.013172149658203125e-01
7.881448864936828613e-01
8.144895434379577637e-01
8.013172149658203125e-01
8.166849613189697266e-01
8.353457450866699219e-01
8.331503868103027344e-01
8.353457450866699219e-01
8.419319391250610352e-01
8.518111705780029297e-01
8.529089093208312988e-01
8.518111705780029297e-01
8.594950437545776367e-01
8.748627901077270508e-01
8.496158123016357422e-01
8.715696930885314941e-01
8.649835586547851562e-01
8.529089093208312988e-01
8.792535662651062012e-01
8.748627901077270508e-01
8.759604692459106445e-01
8.792535662651062012e-01
8.682765960693359375e-01
8.770581483840942383e-01
8.825466632843017578e-01
9.034028649330139160e-01
8.990120887756347656e-01
8.946213126182556152e-01
9.034028649330139160e-01
8.858397603034973145e-01
9.110867381095886230e-01
9.132820963859558105e-01
9.110867381095886230e-01
9.154775142669677734e-01
9.220636487007141113e-01
8.968166708946228027e-01
9.012074470520019531e-01
9.176728725433349609e-01
9.253567457199096680e-01
9.264544248580932617e-01
9.275521636009216309e-01
9.154775142669677734e-01
9.176728725433349609e-01
9.275521636009216309e-01
9.253567457199096680e-01
9.165751934051513672e-01
9.319429397583007812e-01
9.286498427391052246e-01
9.319429397583007812e-01
9.341382980346679688e-01
9.341382980346679688e-01
9.484083652496337891e-01
9.506037235260009766e-01
9.407244920730590820e-01
9.396268129348754883e-01
9.429198503494262695e-01
9.506037235260009766e-01
9.484083652496337891e-01
9.462129473686218262e-01
9.527991414070129395e-01
9.506037235260009766e-01
9.506037235260009766e-01
9.549944996833801270e-01
9.681668281555175781e-01
9.670691490173339844e-01
9.692645668983459473e-01
9.385290741920471191e-01
9.549944996833801270e-01
9.506037235260009766e-01
9.560921788215637207e-01
9.418221712112426758e-01
9.736553430557250977e-01
9.517014026641845703e-01
9.582875967025756836e-01
9.571899175643920898e-01
9.527991414070129395e-01
9.703622460365295410e-01
9.670691490173339844e-01
9.758507013320922852e-01
9.604830145835876465e-01
9.582875967025756836e-01
9.736553430557250977e-01
9.626783728599548340e-01
9.747530221939086914e-01
9.846322536468505859e-01
9.615806937217712402e-01
9.747530221939086914e-01
9.769483804702758789e-01
9.857299923896789551e-01
9.780461192131042480e-01
9.637760519981384277e-01
9.648737907409667969e-01
9.769483804702758789e-01
9.725576043128967285e-01
9.396268129348754883e-01
9.703622460365295410e-01
9.901207685470581055e-01
9.736553430557250977e-01
9.813392162322998047e-01
9.890230298042297363e-01
9.857299923896789551e-01
9.868276715278625488e-01
9.912184476852416992e-01
9.582875967025756836e-01
9.582875967025756836e-01
9.901207685470581055e-01
9.791437983512878418e-01
9.714599251747131348e-01
9.813392162322998047e-01
9.912184476852416992e-01
9.769483804702758789e-01
9.912184476852416992e-01
9.769483804702758789e-01
9.747530221939086914e-01
9.604830145835876465e-01
9.846322536468505859e-01
9.912184476852416992e-01
9.670691490173339844e-01
9.824368953704833984e-01
9.890230298042297363e-01
9.802414774894714355e-01
9.791437983512878418e-01
9.978045821189880371e-01
9.780461192131042480e-01
9.901207685470581055e-01
9.802414774894714355e-01
9.769483804702758789e-01
9.769483804702758789e-01
9.813392162322998047e-01
9.934138059616088867e-01
9.901207685470581055e-01
