1.641375818838129719e-02
8.269805561422319956e-03
6.791332440576116139e-03
1.247493826084801298e-02
6.084697247723770339e-03
3.629575589382178381e-03
3.500425874564237587e-03
5.062556376573409782e-03
7.239698049962039854e-03
5.552387193917842495e-03
4.670247274181933000e-03
1.900612794618033790e-03
3.425575285712048352e-03
6.177118159805360456e-03
3.256889183082518988e-03
5.361682547075199805e-03
2.295795318100468923e-03
1.084566937047521523e-03
1.199798605729640675e-03
1.434897155445486860e-03
5.737860402116106914e-03
6.801479306808123210e-03
2.945923389914126625e-03
1.274770292626695384e-03
2.807706692785439349e-03
8.250551197601501416e-04
3.721406624172738688e-03
8.665510322372822413e-03
4.045255673521292762e-03
1.660636412710879200e-03
7.488007166268763164e-04
6.380067943856091491e-04
6.805986620407271761e-04
7.364845971300641551e-03
5.968165383535550643e-03
1.011887311626424478e-03
1.306960969878474431e-03
1.037265499567574046e-03
7.145117104614595940e-03
2.063990081309312937e-03
1.776027430694518579e-03
3.179291358389743985e-03
5.613901464897729822e-03
4.508712462672484315e-03
1.589480528619849169e-03
2.752079663476608012e-03
4.025896953268312539e-03
1.416601347686594764e-03
1.722036758063206965e-03
7.091046672271909303e-04
