9.090909361839294434e-01
9.256198406219482422e-01
9.495798349380493164e-01
8.916666507720947266e-01
9.344262480735778809e-01
9.669421315193176270e-01
9.747899174690246582e-01
9.262295365333557129e-01
9.344262480735778809e-01
9.504132270812988281e-01
9.504132270812988281e-01
9.834710955619812012e-01
9.666666388511657715e-01
9.268292784690856934e-01
9.590163826942443848e-01
9.421487450599670410e-01
9.916666746139526367e-01
1.000000000000000000e+00
1.000000000000000000e+00
9.916666746139526367e-01
9.504132270812988281e-01
9.256198406219482422e-01
9.590163826942443848e-01
9.918032884597778320e-01
9.754098653793334961e-01
9.918699264526367188e-01
9.508196711540222168e-01
9.250000119209289551e-01
9.583333134651184082e-01
9.679999947547912598e-01
1.000000000000000000e+00
1.000000000000000000e+00
1.000000000000000000e+00
9.256198406219482422e-01
9.426229596138000488e-01
1.000000000000000000e+00
9.837398529052734375e-01
1.000000000000000000e+00
9.327731132507324219e-01
9.754098653793334961e-01
9.836065769195556641e-01
9.754098653793334961e-01
9.421487450599670410e-01
9.508196711540222168e-01
9.917355179786682129e-01
9.674796462059020996e-01
9.586777091026306152e-01
9.836065769195556641e-01
9.837398529052734375e-01
9.918699264526367188e-01
