1.509971469640731812e-01
3.618233501911163330e-01
4.415954351425170898e-01
4.900285005569458008e-01
5.299145579338073730e-01
5.555555820465087891e-01
5.498575568199157715e-01
5.754985809326171875e-01
5.270655155181884766e-01
5.925925970077514648e-01
6.096866130828857422e-01
5.811966061592102051e-01
5.954415798187255859e-01
6.239316463470458984e-01
6.096866130828857422e-01
6.011396050453186035e-01
6.096866130828857422e-01
6.324786543846130371e-01
6.581196784973144531e-01
6.068376302719116211e-01
6.609686613082885742e-01
6.410256624221801758e-01
6.381766200065612793e-01
6.324786543846130371e-01
6.324786543846130371e-01
6.438746452331542969e-01
6.780626773834228516e-01
6.809116601943969727e-01
7.037037014961242676e-01
6.894586682319641113e-01
7.008547186851501465e-01
7.179487347602844238e-01
7.236467003822326660e-01
7.179487347602844238e-01
7.293447256088256836e-01
7.293447256088256836e-01
7.777777910232543945e-01
7.065526843070983887e-01
7.264957427978515625e-01
7.720797657966613770e-01
7.663817405700683594e-01
7.606837749481201172e-01
7.863247990608215332e-01
7.606837749481201172e-01
7.948718070983886719e-01
7.834757566452026367e-01
7.891737818717956543e-01
8.005697727203369141e-01
8.148148059844970703e-01
8.062677979469299316e-01
8.119658231735229492e-01
8.119658231735229492e-01
8.347578644752502441e-01
8.575498461723327637e-01
8.319088220596313477e-01
8.034188151359558105e-01
8.547008633613586426e-01
8.518518805503845215e-01
8.233618140220642090e-01
8.433048725128173828e-01
8.433048725128173828e-01
8.603988885879516602e-01
8.632478713989257812e-01
8.803418874740600586e-01
8.831908702850341797e-01
8.945869207382202148e-01
8.603988885879516602e-01
8.746438622474670410e-01
8.603988885879516602e-01
9.202279448509216309e-01
8.888888955116271973e-01
8.831908702850341797e-01
8.746438622474670410e-01
9.088318943977355957e-01
8.774929046630859375e-01
9.116809368133544922e-01
9.259259104728698730e-01
9.202279448509216309e-01
8.831908702850341797e-01
9.173789024353027344e-01
8.974359035491943359e-01
9.059829115867614746e-01
9.430199265480041504e-01
9.287749528884887695e-01
9.259259104728698730e-01
9.173789024353027344e-01
9.088318943977355957e-01
9.116809368133544922e-01
8.945869207382202148e-01
9.259259104728698730e-01
9.401709437370300293e-01
9.458689689636230469e-01
9.458689689636230469e-01
8.917378783226013184e-01
9.259259104728698730e-01
9.544159770011901855e-01
9.658119678497314453e-01
9.487179517745971680e-01
9.800570011138916016e-01
9.287749528884887695e-01
9.487179517745971680e-01
9.515669345855712891e-01
9.743589758872985840e-01
9.686609506607055664e-01
9.629629850387573242e-01
9.145299196243286133e-01
9.487179517745971680e-01
9.487179517745971680e-01
9.686609506607055664e-01
9.743589758872985840e-01
9.515669345855712891e-01
9.572649598121643066e-01
9.686609506607055664e-01
9.316239356994628906e-01
9.458689689636230469e-01
9.743589758872985840e-01
9.686609506607055664e-01
9.487179517745971680e-01
9.515669345855712891e-01
9.886040091514587402e-01
9.914529919624328613e-01
9.544159770011901855e-01
9.145299196243286133e-01
9.715099930763244629e-01
9.772079586982727051e-01
9.829059839248657227e-01
9.686609506607055664e-01
9.515669345855712891e-01
9.743589758872985840e-01
9.971510171890258789e-01
1.000000000000000000e+00
1.000000000000000000e+00
1.000000000000000000e+00
9.971510171890258789e-01
1.000000000000000000e+00
1.000000000000000000e+00
9.943019747734069824e-01
9.202279448509216309e-01
8.831908702850341797e-01
9.686609506607055664e-01
9.658119678497314453e-01
1.000000000000000000e+00
9.914529919624328613e-01
9.857549667358398438e-01
9.373219609260559082e-01
9.629629850387573242e-01
9.829059839248657227e-01
9.943019747734069824e-01
9.886040091514587402e-01
9.971510171890258789e-01
