7.289195040717603158e-01
3.775489431651097849e-01
3.322974914319102857e-01
2.474892965306257908e-01
2.094165833826295009e-01
1.921489669373023790e-01
1.759508154637580701e-01
1.702664235047223751e-01
1.445245897746337826e-01
1.288524471765367940e-01
1.498128220944462130e-01
1.210387863676547077e-01
1.166206931566859534e-01
1.067422886450325320e-01
1.038791576130094485e-01
1.020706340659352229e-01
1.055905084621724249e-01
9.874838753759614118e-02
1.016332073314792916e-01
8.907697388963388418e-02
9.206408162766634151e-02
8.897223784042401773e-02
7.750860694058651912e-02
8.984295398367606045e-02
7.745511329950834079e-02
7.932659809853596922e-02
7.051849104836162285e-02
7.112737167212386524e-02
6.565437775092600181e-02
6.583637371511839864e-02
6.209297317588863968e-02
6.787600895502951537e-02
6.323280584472913690e-02
6.249529073879128011e-02
6.160566660210833184e-02
5.971360586406687654e-02
5.990717619793722165e-02
5.789205484286012726e-02
6.403365315377285150e-02
5.590958973920114039e-02
4.806807699493566982e-02
5.165978604741604946e-02
5.282899347810398466e-02
4.982200098387922632e-02
5.048785008801813523e-02
4.936210086300289734e-02
5.014692182321616593e-02
5.058684363677575652e-02
4.379126099312149328e-02
4.924065183049163713e-02
4.205332638445189591e-02
4.099200425916686708e-02
4.392882962941090097e-02
3.841301352424561499e-02
4.682346589651269209e-02
3.961669022320599837e-02
4.326618378044657515e-02
4.799536151767248848e-02
4.397208684633419074e-02
3.540043913886720822e-02
3.507891194308664778e-02
3.306456527083303371e-02
3.294765115534774996e-02
3.281592601931998532e-02
3.031315896201975529e-02
3.378820966267828685e-02
3.463757127034416267e-02
3.446206094137552189e-02
3.274296417725656994e-02
3.102878593671905619e-02
2.725934868196114649e-02
2.756781155496970670e-02
2.478050524807688670e-02
2.856036362050770258e-02
3.113426601070499317e-02
3.085972227260071546e-02
2.812373147992353398e-02
2.301862668928813388e-02
2.465287150683136488e-02
2.448240512419636722e-02
1.882740168012903351e-02
3.143708182873027057e-02
2.878736411960275410e-02
2.738480880783496565e-02
2.016909544212589986e-02
2.071728733148112817e-02
1.503319339191311506e-02
2.065901591140977683e-02
2.562918635264258005e-02
1.693958730829681070e-02
2.058667474202713343e-02
1.939998953315351035e-02
1.683874706819490571e-02
2.301069783256415660e-02
1.951932609221686266e-02
1.575876403778308371e-02
1.790276411805818632e-02
2.183511575407152266e-02
2.249955544279817407e-02
1.744595769378737629e-02
1.445204394883899124e-02
2.134733066486550757e-02
1.570046004455549413e-02
1.654423092961623126e-02
1.235870552690516468e-02
2.438816529345167600e-02
1.050090198131271857e-02
1.468432169337221573e-02
1.224445594904527944e-02
2.874971608083858043e-02
1.645483376055989488e-02
1.094345720581390256e-02
1.661854483795559626e-02
1.028227731943568563e-02
1.165936325528949165e-02
1.261411130181178467e-02
1.019330397938071620e-02
9.256675570664027117e-03
8.403962496734798324e-03
1.714972223475002416e-02
1.579648260891794095e-02
1.332749960037658138e-02
8.760363024758098527e-03
1.456435732501343110e-02
9.175473251975048428e-03
6.697146094302709046e-03
8.526087411601395230e-03
1.907917281196414364e-02
1.177597769462007497e-02
7.196230765197270639e-03
7.383449770072443574e-03
7.225007340441891128e-03
8.874375583120238178e-03
1.018077718379039806e-02
1.391540150745405706e-02
1.639064337726144766e-02
1.172141143924016436e-02
8.012429238505917872e-03
1.492366260864560860e-02
1.087491905440980504e-02
5.961233591874995005e-03
4.024341347765302522e-03
2.980583139017359013e-03
8.553687918789423805e-03
4.334417938967746568e-03
1.037530103764895857e-02
8.474873288522645834e-03
1.586279317720301965e-02
9.936501250547541408e-03
5.815052245404813899e-03
