1.193838268518447876e-01
2.652173936367034912e-01
3.602150678634643555e-01
5.067385435104370117e-01
5.834428668022155762e-01
6.281725764274597168e-01
6.683354377746582031e-01
6.842752099037170410e-01
7.408758997917175293e-01
7.755101919174194336e-01
7.293413281440734863e-01
7.876631021499633789e-01
7.888631224632263184e-01
7.894144058227539062e-01
8.208431005477905273e-01
8.202502727508544922e-01
8.129330277442932129e-01
8.285385370254516602e-01
8.117249011993408203e-01
8.338907361030578613e-01
8.418079018592834473e-01
8.409090638160705566e-01
8.640449643135070801e-01
8.383838534355163574e-01
8.677965998649597168e-01
8.619528412818908691e-01
8.929384946823120117e-01
8.862612843513488770e-01
8.929765820503234863e-01
8.882681727409362793e-01
8.869179487228393555e-01
8.781838417053222656e-01
8.965129256248474121e-01
9.077615141868591309e-01
8.966666460037231445e-01
9.004424810409545898e-01
8.980044126510620117e-01
9.064587950706481934e-01
8.927374482154846191e-01
9.059734344482421875e-01
9.188888669013977051e-01
9.104972481727600098e-01
9.092944860458374023e-01
9.158248901367187500e-01
9.153674840927124023e-01
9.169435501098632812e-01
9.191011190414428711e-01
9.161148071289062500e-01
9.296703338623046875e-01
9.158470034599304199e-01
9.370861053466796875e-01
9.214830994606018066e-01
9.240087866783142090e-01
9.400665760040283203e-01
9.258849620819091797e-01
9.346405267715454102e-01
9.228224754333496094e-01
9.162995815277099609e-01
9.210526347160339355e-01
9.463894963264465332e-01
9.409190416336059570e-01
9.375684261322021484e-01
9.441401958465576172e-01
9.388646483421325684e-01
9.517014026641845703e-01
9.370932579040527344e-01
9.398249387741088867e-01
9.407894611358642578e-01
9.409835934638977051e-01
9.455337524414062500e-01
9.541484713554382324e-01
9.439654946327209473e-01
9.577006697654724121e-01
9.478260874748229980e-01
9.411123394966125488e-01
9.422028064727783203e-01
9.437837600708007812e-01
9.609120488166809082e-01
9.565689563751220703e-01
9.566160440444946289e-01
9.653679728507995605e-01
9.579645991325378418e-01
9.448648691177368164e-01
9.489130377769470215e-01
9.621621370315551758e-01
9.589632749557495117e-01
9.772727489471435547e-01
9.622437953948974609e-01
9.565689563751220703e-01
9.729143977165222168e-01
9.642082452774047852e-01
9.705882072448730469e-01
9.687836170196533203e-01
9.556756615638732910e-01
9.665588140487670898e-01
9.689174890518188477e-01
9.689507484436035156e-01
9.611650705337524414e-01
9.588298797607421875e-01
9.665588140487670898e-01
9.730021357536315918e-01
9.569892287254333496e-01
9.696641564369201660e-01
9.729729890823364258e-01
9.764957427978515625e-01
9.580193758010864258e-01
9.827771782875061035e-01
9.741935729980468750e-01
9.731759428977966309e-01
9.751619696617126465e-01
9.699892997741699219e-01
9.806451797485351562e-01
9.709989428520202637e-01
9.818376302719116211e-01
9.795699119567871094e-01
9.785177111625671387e-01
9.838187694549560547e-01
9.860813617706298828e-01
9.849462509155273438e-01
9.665948152542114258e-01
9.646680951118469238e-01
9.742212891578674316e-01
9.850587248802185059e-01
9.751887917518615723e-01
9.861111044883728027e-01
9.892933368682861328e-01
9.828510284423828125e-01
9.583777785301208496e-01
9.765208363533020020e-01
9.850106835365295410e-01
9.861111044883728027e-01
9.871244430541992188e-01
9.828326106071472168e-01
9.838882684707641602e-01
9.742489457130432129e-01
9.754797220230102539e-01
9.755058288574218750e-01
9.849462509155273438e-01
9.731471538543701172e-01
9.764201641082763672e-01
9.871657490730285645e-01
9.935829043388366699e-01
9.978609681129455566e-01
9.839572310447692871e-01
9.957081675529479980e-01
9.839228391647338867e-01
9.828693866729736328e-01
9.679487347602844238e-01
9.838709831237792969e-01
9.935414195060729980e-01
