3.149911060759392339e-02
2.323002560287812379e-02
1.758142327738850680e-02
1.615862751293953986e-02
1.634007812534868723e-02
1.031358850690898901e-02
1.109171968702573653e-02
1.146083871528219902e-02
9.241887269302207983e-03
7.255610518590672152e-03
5.733465003144575835e-03
1.425927463080628628e-02
1.608091186006443615e-02
7.023062807961714081e-03
6.659498947078928976e-03
7.412807136407922708e-03
9.791780207737932687e-03
8.816061776392568328e-03
4.971517067582687660e-03
2.902059128547991064e-03
8.639821644027812636e-03
9.999254540144650316e-03
9.757373186487941150e-03
9.427869586279995218e-03
7.113476959697809590e-03
6.077571803044992844e-03
4.853580037475578764e-03
6.789983744489760942e-03
1.032604663564356401e-02
1.173592417868983898e-02
8.041723550064225692e-03
4.031764688853158723e-03
4.047886564744207667e-03
3.591834440321162690e-03
3.869118657841775794e-03
2.646991639576018029e-03
5.221800404891113224e-03
7.125183536196839744e-03
1.646272350250804067e-02
1.010534446590846507e-02
3.433263545053390643e-03
4.649663399578494484e-03
2.402606429776146801e-03
1.652816896155880934e-03
4.582810141862314959e-03
1.698767996986059320e-02
8.911423004136512227e-03
3.995243490349235926e-03
1.727636724763472386e-03
1.623043127291612158e-03
