9.624463319778442383e-01
9.696312546730041504e-01
9.722518920898437500e-01
9.772727489471435547e-01
9.794816374778747559e-01
9.806034564971923828e-01
9.827213883399963379e-01
9.805615544319152832e-01
9.838362336158752441e-01
9.881720542907714844e-01
9.924812316894531250e-01
9.773463010787963867e-01
9.691160917282104492e-01
9.903329610824584961e-01
9.946178793907165527e-01
9.881974458694458008e-01
9.817987084388732910e-01
9.838709831237792969e-01
9.946178793907165527e-01
9.978494644165039062e-01
9.849462509155273438e-01
9.838709831237792969e-01
9.849137663841247559e-01
9.828693866729736328e-01
9.860962629318237305e-01
9.913793206214904785e-01
9.924812316894531250e-01
9.849624037742614746e-01
9.827957153320312500e-01
9.817400574684143066e-01
9.881592988967895508e-01
9.946236610412597656e-01
9.935622215270996094e-01
9.957081675529479980e-01
9.967776536941528320e-01
9.978540539741516113e-01
9.946409463882446289e-01
9.882100820541381836e-01
9.752421975135803223e-01
9.849946498870849609e-01
9.946523904800415039e-01
9.967776536941528320e-01
9.989270567893981934e-01
1.000000000000000000e+00
9.925053715705871582e-01
9.794149398803710938e-01
9.860813617706298828e-01
9.978540539741516113e-01
1.000000000000000000e+00
1.000000000000000000e+00
