19
[0.7909976713803386, 0.99611145, 0.8825725]

21
[0.719635216153581, 0.99525017, 0.902383]

23
[0.6201066391378168, 0.99312073, 0.9118576]

25
[0.4586351041771863, 0.994143, 0.9259259]

27
[0.4958843533598124, 0.9926267, 0.9276486]

29
[0.5401237346906631, 0.9932886, 0.9348263]

31
[0.44431904501238034, 0.9969586, 0.9411427]

33
[0.2872606339527592, 0.9831908, 0.9572208]

vote:
precision= 0.9767851895386424
recall= 0.954349698535745
f1= 0.9654371187917513

probability:
precision= 0.9960450258594463
recall= 0.9399942578237152
f1= 0.967208271787297

