8.929577469825744629e-01
9.439775943756103516e-01
9.682996869087219238e-01
9.428571462631225586e-01
9.602272510528564453e-01
9.596541523933410645e-01
9.550561904907226562e-01
9.719101190567016602e-01
9.633802771568298340e-01
9.291784763336181641e-01
9.371428489685058594e-01
9.775280952453613281e-01
9.719101190567016602e-01
9.803370833396911621e-01
9.887323975563049316e-01
9.802259802818298340e-01
9.722222089767456055e-01
9.693593382835388184e-01
9.663865566253662109e-01
9.805014133453369141e-01
9.917126893997192383e-01
9.944289922714233398e-01
9.832402467727661133e-01
9.025787711143493652e-01
9.435028433799743652e-01
9.858356714248657227e-01
9.579831957817077637e-01
9.915254116058349609e-01
9.972222447395324707e-01
9.944134354591369629e-01
9.659090638160705566e-01
9.748603105545043945e-01
9.860724210739135742e-01
9.860724210739135742e-01
9.972222447395324707e-01
9.971910119056701660e-01
9.888268113136291504e-01
9.689265489578247070e-01
9.521126747131347656e-01
9.606741666793823242e-01
9.748603105545043945e-01
9.742857217788696289e-01
9.693593382835388184e-01
9.944289922714233398e-01
9.972222447395324707e-01
9.972144961357116699e-01
1.000000000000000000e+00
1.000000000000000000e+00
1.000000000000000000e+00
1.000000000000000000e+00
