5.211882898192904401e-01
2.198628199892827539e-01
1.786645205153427063e-01
1.623259618675865767e-01
1.428637820357557542e-01
1.314971688345015211e-01
1.420875373967787347e-01
1.353514254945034911e-01
1.186371196277954954e-01
1.221215204287503520e-01
1.131817753290367545e-01
1.150021151399434616e-01
1.154123319873798098e-01
1.025390423209318613e-01
1.112851898828328134e-01
9.760694121792523603e-02
1.164453040191427285e-01
9.583341639899642384e-02
1.020692565229162629e-01
9.443062297901654023e-02
9.278110969064488900e-02
8.284633918185271839e-02
8.472442529966922597e-02
1.100991229551725459e-01
8.835706588889917501e-02
8.846394361569735743e-02
9.038268250535137771e-02
7.725455172308938467e-02
8.112153202855600098e-02
8.535438054786026463e-02
7.984759774060198878e-02
7.279765377354241451e-02
7.476032630965696868e-02
7.588515103493645442e-02
8.078498092737028402e-02
7.400958267342871988e-02
6.906325225926242262e-02
7.209529638400027918e-02
7.114222836382386173e-02
6.313801077194987343e-02
6.428114674803464546e-02
6.393679183521175369e-02
5.922617410583005254e-02
5.591042503627776522e-02
6.772316952848916882e-02
5.354704711610216994e-02
5.468786018041761621e-02
5.855265705544310251e-02
5.163704017006889163e-02
4.928308516596918015e-02
5.327145068698705549e-02
4.569360157515793552e-02
4.870431807654952011e-02
4.967191566801557046e-02
4.911450528410015587e-02
3.752594962657104100e-02
4.009528289553525304e-02
4.035214598659744856e-02
3.975369610597307563e-02
4.437775690806244205e-02
3.755776563889024616e-02
3.575118992957638381e-02
3.542794561757914296e-02
3.677149689375221187e-02
3.573244243564870776e-02
3.655478363749904702e-02
2.988946917152318292e-02
2.980590342814556579e-02
3.193026273274880006e-02
2.816232266324197528e-02
2.887252595607174913e-02
2.705325770605885791e-02
2.857049350641326091e-02
2.887877039314443173e-02
2.463095992203309659e-02
2.449278060041951838e-02
2.377433437811991152e-02
2.331060529915368260e-02
3.187548569645768520e-02
2.459785339775659441e-02
2.104639511477783553e-02
3.251790263663124209e-02
1.943714994926904263e-02
1.605721741233980676e-02
2.332956578166299130e-02
1.670057714633286713e-02
1.772406603719917789e-02
1.606262220587241496e-02
1.766144790693994354e-02
2.258488943181224604e-02
2.410565996503557726e-02
1.642382096073272124e-02
1.960136472556141957e-02
1.631059282982408321e-02
1.566738376204642597e-02
1.112609381880354242e-02
1.542933277169241876e-02
2.475550746779477465e-02
1.050717530986578635e-02
1.147037690638227567e-02
1.210938383430879006e-02
1.323154864464873640e-02
1.940889624879525363e-02
1.247474085646633514e-02
1.604424626445141722e-02
1.794414775705080456e-02
7.482185039103649710e-03
1.093252124197273238e-02
9.001416922806232401e-03
1.693305431200849837e-02
1.412903329412126124e-02
1.515381274990093390e-02
1.808957022326349723e-02
1.086914116264347217e-02
1.338975426742942780e-02
2.597352166716178704e-02
1.238128214746144970e-02
7.428314523844487850e-03
5.474719508788293033e-03
1.059089682562727903e-02
1.555565802047956595e-02
1.166733176903453698e-02
8.639957982377991647e-03
8.001078248283390384e-03
8.761204200318797874e-03
8.851827947586345807e-03
8.615634708180094914e-03
2.884782026683156350e-02
1.490789015986378543e-02
5.486898754552179021e-03
4.232819814285786880e-03
5.816209367791856134e-03
3.561500849467198401e-03
4.301710067017804756e-03
1.226440131139187872e-02
1.914350315795236221e-02
7.499426550599093237e-03
2.115867202552447479e-02
1.516224583187434152e-02
5.051125000604277104e-03
5.796817947282611842e-03
5.605054980719998206e-03
4.249240485890878362e-03
8.818315615984277656e-03
6.208631534224445109e-03
7.239402303899616226e-03
1.965716016018551754e-02
9.193989394936426945e-03
3.333211099334792548e-03
2.027474680687663816e-03
