9.403409361839294434e-01
9.518413543701171875e-01
9.684813618659973145e-01
9.773371219635009766e-01
9.549295902252197266e-01
9.631727933883666992e-01
9.773371219635009766e-01
9.829545617103576660e-01
9.773371219635009766e-01
9.858356714248657227e-01
9.886363744735717773e-01
9.661017060279846191e-01
9.885386824607849121e-01
9.915013909339904785e-01
9.858757257461547852e-01
9.830508232116699219e-01
9.915254116058349609e-01
9.858757257461547852e-01
9.746478796005249023e-01
9.914772510528564453e-01
9.971671104431152344e-01
1.000000000000000000e+00
9.661971926689147949e-01
9.745042324066162109e-01
9.745042324066162109e-01
9.857954382896423340e-01
9.887005686759948730e-01
9.971671104431152344e-01
9.971751570701599121e-01
1.000000000000000000e+00
9.943502545356750488e-01
1.000000000000000000e+00
1.000000000000000000e+00
1.000000000000000000e+00
1.000000000000000000e+00
1.000000000000000000e+00
1.000000000000000000e+00
1.000000000000000000e+00
1.000000000000000000e+00
1.000000000000000000e+00
9.433428049087524414e-01
9.355742335319519043e-01
9.689265489578247070e-01
9.858356714248657227e-01
9.859550595283508301e-01
1.000000000000000000e+00
9.915254116058349609e-01
9.943342804908752441e-01
1.000000000000000000e+00
9.943661689758300781e-01
