3.196227035003925548e-02
2.072832998499320525e-02
1.523039898771232428e-02
7.543240251251988500e-03
9.521826317077843743e-03
1.278488760547451947e-02
7.763575599932550676e-03
1.010483888320518053e-02
5.534606971504160179e-03
6.910823444199396849e-03
8.376210707849220463e-03
7.434547967326613459e-03
7.510734812903810918e-03
8.284287623723402341e-03
8.429636520920184492e-03
8.577324120876162264e-03
6.802039488829191710e-03
4.203612043684129898e-03
1.200563244435962941e-02
9.092968610079191910e-03
7.767548199912938621e-03
4.693865015171819720e-03
2.257162253821708934e-03
3.953053655988887118e-03
3.969111386563697712e-03
1.175614910651682186e-02
6.605356583818287712e-03
2.054968567339010305e-03
1.437032185949503171e-03
1.983880713164997475e-03
1.210981450660404907e-03
1.175389805744773194e-03
1.150876681713188616e-03
1.141234391591488054e-03
1.119826791110833724e-03
1.095711459866291395e-03
1.077223613491732008e-03
1.056495374942720061e-03
1.033708208096289051e-03
1.014204692178715707e-03
9.879415322890624292e-04
9.635524520870962810e-04
9.353114207555345569e-04
9.036767667503813528e-04
8.734907887706128311e-04
8.414077202435280836e-04
8.103265959851632325e-04
7.712313548477119128e-04
7.368114979681761106e-04
7.004911616838460251e-04
