9.685124754905700684e-01
9.645542502403259277e-01
9.806034564971923828e-01
9.881337881088256836e-01
9.848648905754089355e-01
9.731471538543701172e-01
9.860215187072753906e-01
9.807280302047729492e-01
9.903225898742675781e-01
9.903743267059326172e-01
9.817596673965454102e-01
9.892357587814331055e-01
9.903329610824584961e-01
9.829424023628234863e-01
9.849624037742614746e-01
9.860215187072753906e-01
9.903329610824584961e-01
9.946409463882446289e-01
9.784946441650390625e-01
9.849624037742614746e-01
9.860664606094360352e-01
9.935483932495117188e-01
9.978563785552978516e-01
9.946236610412597656e-01
9.924892783164978027e-01
9.774678349494934082e-01
9.903433322906494141e-01
9.989270567893981934e-01
1.000000000000000000e+00
9.957173466682434082e-01
1.000000000000000000e+00
1.000000000000000000e+00
1.000000000000000000e+00
1.000000000000000000e+00
1.000000000000000000e+00
1.000000000000000000e+00
1.000000000000000000e+00
1.000000000000000000e+00
1.000000000000000000e+00
1.000000000000000000e+00
1.000000000000000000e+00
1.000000000000000000e+00
1.000000000000000000e+00
1.000000000000000000e+00
1.000000000000000000e+00
1.000000000000000000e+00
1.000000000000000000e+00
1.000000000000000000e+00
1.000000000000000000e+00
1.000000000000000000e+00
