8.694353382938638797e-01
3.331930868514840216e-01
2.631553080184934612e-01
2.439952381677500115e-01
2.329811989270159089e-01
2.161058162553379514e-01
2.109423299238508409e-01
1.947862710226397620e-01
1.924793089602293561e-01
1.987817423056469357e-01
1.950173260436343370e-01
1.709340217797418737e-01
1.806339226671666021e-01
1.727695018287479234e-01
1.708224488004032871e-01
1.640185325865163857e-01
1.596255153525295845e-01
1.548489329240279322e-01
1.536063430375846917e-01
1.441498752045861642e-01
1.456743604629298083e-01
1.410589130914729761e-01
1.393305296050209308e-01
1.287292890816786328e-01
1.262219368364002892e-01
1.241973027206155489e-01
1.279503920847037957e-01
1.230731840317138975e-01
1.160637351748699392e-01
1.216806905589086357e-01
1.150855076698425322e-01
1.171308923823943249e-01
1.159291417242164779e-01
1.126922096409189722e-01
1.112982351130949316e-01
1.062890686825515851e-01
1.054684413972621360e-01
1.062010173252678213e-01
1.064390985681580998e-01
1.018493365105319903e-01
1.011719235482670121e-01
9.759431641568354354e-02
9.561024863524594797e-02
1.007471255445831076e-01
1.035105023890127984e-01
1.005531407424171825e-01
9.189664902350616615e-02
9.382036038072870399e-02
9.246167878121501482e-02
9.108106552377026599e-02
9.308101449481250012e-02
8.881072951966623164e-02
8.826342386526717099e-02
8.581339501635186495e-02
8.294157870010893108e-02
8.637887887069677084e-02
8.498379265698421947e-02
8.148611461389462796e-02
8.243781606295268183e-02
8.325464839985406706e-02
8.251878884446135765e-02
8.243221902003425305e-02
7.729437869342950518e-02
7.871930274389001003e-02
7.460608901432634610e-02
7.895460885324287470e-02
7.155507687651749271e-02
7.510636303716164419e-02
7.556707457226222169e-02
7.566830148005131151e-02
6.918076485062168990e-02
7.252316631009583792e-02
7.116589539021987709e-02
7.261959479989392452e-02
6.407847262348648210e-02
6.571335638949110658e-02
6.507474996095369280e-02
6.954290703760865333e-02
6.230763175009076948e-02
6.353826350227363695e-02
6.318399970872279336e-02
5.983495625590729700e-02
5.976032927431407932e-02
6.064794791829977022e-02
5.695979879389176381e-02
5.937783860740595415e-02
5.828537395219778039e-02
5.783566801940519253e-02
5.399911792092638302e-02
4.970269020585194736e-02
4.921681001592977112e-02
5.290116573990372162e-02
5.595779348871396386e-02
4.697087391541900081e-02
5.217773133445414296e-02
4.569794120543987231e-02
4.668090845291855001e-02
4.517687852343745675e-02
4.624000337324753879e-02
4.518283734795331547e-02
4.273469569969744197e-02
4.331349596796815749e-02
4.765958245760491818e-02
3.619090944497772161e-02
4.245991980383512915e-02
3.602469118530665648e-02
3.351878339715660959e-02
3.311511960745901900e-02
3.329410022488560328e-02
3.509790033546016791e-02
3.742929553422438133e-02
2.923160781188541626e-02
3.003266905073487258e-02
3.297048340385992649e-02
2.799576431042558045e-02
3.043551236982514063e-02
2.692479552366447079e-02
2.370987841416350231e-02
3.186706144180850853e-02
2.307590472794800868e-02
3.016348662323474483e-02
2.485149414504873519e-02
1.576649504168835605e-02
2.297806663353857415e-02
2.114091764804401988e-02
2.548513737218449995e-02
1.474243451941875151e-02
1.379854085894111591e-02
1.795866578643568606e-02
1.591831171201500347e-02
2.884624573502331257e-02
1.457762842770374268e-02
1.946625805704755435e-02
1.387843161686254552e-02
2.217625818297319640e-02
1.495490884636443453e-02
9.521962476288319682e-03
3.200343611496604679e-02
1.442936955714215277e-02
7.996594061045015495e-03
1.090657352295231093e-02
2.206289842046869898e-02
1.580602704562630856e-02
1.616289627128991366e-02
2.009261743015879412e-02
9.693168704516573822e-03
7.807514667218549281e-03
1.693409599239939153e-02
1.710872425790266327e-02
1.285832248050354336e-02
