2.177419364452362061e-01
5.208768248558044434e-01
6.442021727561950684e-01
6.784503459930419922e-01
7.009254693984985352e-01
7.202295660972595215e-01
7.263658046722412109e-01
7.471264600753784180e-01
7.435158491134643555e-01
7.382098436355590820e-01
7.420728802680969238e-01
7.797902822494506836e-01
7.574327588081359863e-01
7.709125280380249023e-01
7.749881744384765625e-01
7.766209244728088379e-01
7.894988059997558594e-01
8.026628494262695312e-01
7.920187711715698242e-01
8.070175647735595703e-01
8.066635131835937500e-01
8.178421258926391602e-01
8.211764693260192871e-01
8.464419245719909668e-01
8.423507213592529297e-01
8.480300307273864746e-01
8.373945355415344238e-01
8.437500000000000000e-01
8.520765304565429688e-01
8.465882539749145508e-01
8.683592081069946289e-01
8.615384697914123535e-01
8.563458919525146484e-01
8.570097684860229492e-01
8.660176396369934082e-01
8.773408532142639160e-01
8.730893731117248535e-01
8.727865815162658691e-01
8.745936155319213867e-01
8.774282932281494141e-01
8.791512846946716309e-01
8.802228569984436035e-01
8.837424516677856445e-01
8.875823020935058594e-01
8.737908601760864258e-01
8.718186020851135254e-01
8.920036554336547852e-01
8.909512758255004883e-01
8.898617625236511230e-01
8.885306119918823242e-01
8.869323730468750000e-01
8.933454751968383789e-01
8.897565603256225586e-01
8.965672850608825684e-01
9.014279246330261230e-01
8.940367102622985840e-01
8.973540067672729492e-01
9.031665921211242676e-01
9.002720117568969727e-01
8.950729966163635254e-01
8.993682265281677246e-01
9.021393060684204102e-01
9.024280309677124023e-01
8.995475172996520996e-01
9.091734886169433594e-01
9.051960110664367676e-01
9.177158474922180176e-01
9.112318754196166992e-01
9.072397947311401367e-01
9.008968472480773926e-01
9.213278889656066895e-01
9.013453125953674316e-01
9.118173718452453613e-01
9.149797558784484863e-01
9.222519993782043457e-01
9.221476316452026367e-01
9.225950837135314941e-01
9.162137508392333984e-01
9.228038787841796875e-01
9.251456856727600098e-01
9.216120243072509766e-01
9.249222278594970703e-01
9.252669215202331543e-01
9.238601326942443848e-01
9.278122186660766602e-01
9.275816082954406738e-01
9.213433265686035156e-01
9.291408061981201172e-01
9.332740306854248047e-01
9.451327323913574219e-01
9.390774369239807129e-01
9.331868290901184082e-01
9.265611171722412109e-01
9.382876753807067871e-01
9.312472343444824219e-01
9.458279013633728027e-01
9.418960213661193848e-01
9.443957805633544922e-01
9.445415139198303223e-01
9.459223747253417969e-01
9.453836083412170410e-01
9.455574750900268555e-01
9.347732067108154297e-01
9.524837732315063477e-01
9.447084069252014160e-01
9.477292299270629883e-01
9.536480903625488281e-01
9.574376344680786133e-01
9.565591216087341309e-01
9.548774957656860352e-01
9.484978318214416504e-01
9.617533087730407715e-01
9.615384340286254883e-01
9.524828791618347168e-01
9.607341289520263672e-01
9.582267403602600098e-01
9.634042382240295410e-01
9.684165716171264648e-01
9.551856517791748047e-01
9.690678119659423828e-01
9.534490108489990234e-01
9.634664654731750488e-01
9.793336391448974609e-01
9.694786071777343750e-01
9.686706066131591797e-01
9.668508172035217285e-01
9.810126423835754395e-01
9.806234240531921387e-01
9.736180901527404785e-01
9.797382950782775879e-01
9.567796587944030762e-01
9.814658761024475098e-01
9.683944582939147949e-01
9.769198298454284668e-01
9.745547175407409668e-01
9.781696200370788574e-01
9.874213933944702148e-01
9.507160782814025879e-01
9.777591228485107422e-01
9.887359142303466797e-01
9.861169457435607910e-01
9.680134654045104980e-01
9.765100479125976562e-01
9.793944358825683594e-01
9.705758690834045410e-01
9.861809015274047852e-01
9.891304373741149902e-01
9.751474261283874512e-01
9.761306643486022949e-01
9.828380346298217773e-01
