1.800750344991683960e-01
4.160066843032836914e-01
5.418924689292907715e-01
5.839933156967163086e-01
5.998332500457763672e-01
6.277615427970886230e-01
6.373488903045654297e-01
6.502709388732910156e-01
6.452688574790954590e-01
6.394330859184265137e-01
6.536056399345397949e-01
6.819508075714111328e-01
6.690287590026855469e-01
6.761150360107421875e-01
6.819508075714111328e-01
6.840350031852722168e-01
6.894539594650268555e-01
7.036265134811401367e-01
7.032096982002258301e-01
7.094622850418090820e-01
7.165485620498657227e-01
7.298874258995056152e-01
7.273864150047302246e-01
7.536473274230957031e-01
7.528136968612670898e-01
7.536473274230957031e-01
7.448937296867370605e-01
7.540642023086547852e-01
7.611504793167114258e-01
7.498958110809326172e-01
7.699041366577148438e-01
7.703209519386291504e-01
7.678199410438537598e-01
7.669862508773803711e-01
7.786577939987182617e-01
7.811588048934936523e-01
7.857440710067749023e-01
7.807419896125793457e-01
7.849103808403015137e-01
7.907461524009704590e-01
7.944977283477783203e-01
7.903292775154113770e-01
7.953313589096069336e-01
7.865777611732482910e-01
7.907461524009704590e-01
7.853271961212158203e-01
8.090870976448059082e-01
8.003334999084472656e-01
8.049187064170837402e-01
8.040850162506103516e-01
7.978324294090270996e-01
8.170070648193359375e-01
8.074197769165039062e-01
8.274281024932861328e-01
8.157565593719482422e-01
8.124218583106994629e-01
8.199249505996704102e-01
8.203418254852294922e-01
8.278449177742004395e-01
8.178407549858093262e-01
8.307628035545349121e-01
8.261775970458984375e-01
8.365985751152038574e-01
8.286786079406738281e-01
8.345143795013427734e-01
8.278449177742004395e-01
8.507711291313171387e-01
8.386827707290649414e-01
8.357648849487304688e-01
8.374322652816772461e-01
8.445185422897338867e-01
8.378490805625915527e-01
8.491038084030151367e-01
8.478532433509826660e-01
8.603584766387939453e-01
8.591079711914062500e-01
8.595247864723205566e-01
8.432680368423461914e-01
8.670279383659362793e-01
8.603584766387939453e-01
8.674447536468505859e-01
8.678616285324096680e-01
8.670279383659362793e-01
8.699458241462707520e-01
8.732805252075195312e-01
8.649437427520751953e-01
8.691121339797973633e-01
8.745310306549072266e-01
8.745310306549072266e-01
8.903709650039672852e-01
8.995414972305297852e-01
8.849520683288574219e-01
8.782826066017150879e-01
8.999583125114440918e-01
8.807836771011352539e-01
9.024593830108642578e-01
8.987078070640563965e-01
8.991246223449707031e-01
9.016256928443908691e-01
9.041267037391662598e-01
9.091287851333618164e-01
9.049603939056396484e-01
9.020425081253051758e-01
9.191329479217529297e-01
9.116298556327819824e-01
9.220508337020874023e-01
9.262192845344543457e-01
9.283034801483154297e-01
9.270529150962829590e-01
9.262192845344543457e-01
9.212172031402587891e-01
9.328886866569519043e-01
9.378907680511474609e-01
9.274697899818420410e-01
9.383076429367065430e-01
9.370570778846740723e-01
9.437265396118164062e-01
9.458107352256774902e-01
9.328886866569519043e-01
9.533138871192932129e-01
9.391413331031799316e-01
9.453939199447631836e-01
9.679033160209655762e-01
9.533138871192932129e-01
9.537307024002075195e-01
9.483118057250976562e-01
9.691538214683532715e-01
9.704043269157409668e-01
9.691538214683532715e-01
9.674864411354064941e-01
9.412255287170410156e-01
9.712380170822143555e-01
9.578991532325744629e-01
9.704043269157409668e-01
9.578991532325744629e-01
9.712380170822143555e-01
9.816589951515197754e-01
9.408086538314819336e-01
9.712380170822143555e-01
9.879116415977478027e-01
9.770737886428833008e-01
9.587327837944030762e-01
9.704043269157409668e-01
9.708212018013000488e-01
9.624843597412109375e-01
9.816589951515197754e-01
9.862442612648010254e-01
9.649854302406311035e-01
9.716548323631286621e-01
9.787411689758300781e-01
