1.809623390436172485e-01
3.933054506778717041e-01
4.864016771316528320e-01
5.847280621528625488e-01
6.108786463737487793e-01
6.464434862136840820e-01
6.705020666122436523e-01
6.841003894805908203e-01
7.133890986442565918e-01
6.987447738647460938e-01
7.364016771316528320e-01
7.311715483665466309e-01
7.604602575302124023e-01
7.510460019111633301e-01
7.866109013557434082e-01
8.054393529891967773e-01
8.096234202384948730e-01
8.399581313133239746e-01
8.002092242240905762e-01
8.315899372100830078e-01
8.274058699607849121e-01
8.399581313133239746e-01
8.410041928291320801e-01
8.284518718719482422e-01
8.399581313133239746e-01
8.462343215942382812e-01
8.525104522705078125e-01
8.702929019927978516e-01
8.546025156974792480e-01
8.535565137863159180e-01
8.535565137863159180e-01
8.493723869323730469e-01
8.692468404769897461e-01
8.702929019927978516e-01
8.598326444625854492e-01
8.797070980072021484e-01
8.776150345802307129e-01
8.807531595230102539e-01
8.870292901992797852e-01
8.786610960960388184e-01
8.901673555374145508e-01
8.891213536262512207e-01
8.849372267723083496e-01
8.713389039039611816e-01
8.828451633453369141e-01
8.859832882881164551e-01
8.922594189643859863e-01
8.901673555374145508e-01
9.037656784057617188e-01
9.100418686866760254e-01
9.058577418327331543e-01
8.933054208755493164e-01
9.100418686866760254e-01
9.100418686866760254e-01
9.372385144233703613e-01
9.194560647010803223e-01
9.131799340248107910e-01
9.445606470108032227e-01
9.278242588043212891e-01
9.257321953773498535e-01
9.225941300392150879e-01
9.142259359359741211e-01
9.278242588043212891e-01
9.257321953773498535e-01
9.445606470108032227e-01
9.403765797615051270e-01
9.571129679679870605e-01
9.382845163345336914e-01
9.550209045410156250e-01
9.497907757759094238e-01
9.508368372917175293e-01
9.445606470108032227e-01
9.539749026298522949e-01
9.644351601600646973e-01
9.445606470108032227e-01
9.424686431884765625e-01
9.581589698791503906e-01
9.581589698791503906e-01
9.665272235870361328e-01
9.539749026298522949e-01
9.633890986442565918e-01
9.644351601600646973e-01
9.675732254981994629e-01
9.602510333061218262e-01
9.476987719535827637e-01
9.874476790428161621e-01
9.780334830284118652e-01
9.843096137046813965e-01
9.633890986442565918e-01
9.633890986442565918e-01
9.571129679679870605e-01
9.717572927474975586e-01
9.665272235870361328e-01
9.476987719535827637e-01
9.759414196014404297e-01
9.832636117935180664e-01
9.790794849395751953e-01
9.633890986442565918e-01
9.811715483665466309e-01
9.728033542633056641e-01
9.696652889251708984e-01
9.780334830284118652e-01
9.801255464553833008e-01
9.675732254981994629e-01
9.853556752204895020e-01
9.864016771316528320e-01
9.539749026298522949e-01
9.581589698791503906e-01
9.717572927474975586e-01
9.801255464553833008e-01
9.853556752204895020e-01
9.884937405586242676e-01
9.958158731460571289e-01
9.560669660568237305e-01
9.811715483665466309e-01
9.853556752204895020e-01
9.905857443809509277e-01
9.937238693237304688e-01
9.926778078079223633e-01
9.780334830284118652e-01
9.822175502777099609e-01
9.707112908363342285e-01
9.738493561744689941e-01
9.874476790428161621e-01
9.905857443809509277e-01
9.916318058967590332e-01
9.937238693237304688e-01
9.895397424697875977e-01
9.926778078079223633e-01
9.905857443809509277e-01
9.665272235870361328e-01
9.832636117935180664e-01
9.801255464553833008e-01
9.728033542633056641e-01
9.864016771316528320e-01
9.968619346618652344e-01
1.000000000000000000e+00
1.000000000000000000e+00
1.000000000000000000e+00
1.000000000000000000e+00
1.000000000000000000e+00
1.000000000000000000e+00
1.000000000000000000e+00
1.000000000000000000e+00
1.000000000000000000e+00
1.000000000000000000e+00
1.000000000000000000e+00
1.000000000000000000e+00
1.000000000000000000e+00
1.000000000000000000e+00
