8.961039185523986816e-01
9.069263935089111328e-01
9.220778942108154297e-01
9.307359457015991211e-01
9.177489280700683594e-01
9.069263935089111328e-01
9.675324559211730957e-01
9.740259647369384766e-01
9.307359457015991211e-01
9.632034897804260254e-01
9.740259647369384766e-01
9.696969985961914062e-01
9.783549904823303223e-01
9.740259647369384766e-01
9.718614816665649414e-01
9.870129823684692383e-01
9.783549904823303223e-01
9.523809552192687988e-01
9.134199023246765137e-01
9.610389471054077148e-01
9.913420081138610840e-01
9.913420081138610840e-01
9.956709742546081543e-01
1.000000000000000000e+00
9.913420081138610840e-01
9.567099809646606445e-01
9.545454382896423340e-01
9.696969985961914062e-01
9.978355169296264648e-01
1.000000000000000000e+00
1.000000000000000000e+00
1.000000000000000000e+00
1.000000000000000000e+00
1.000000000000000000e+00
1.000000000000000000e+00
1.000000000000000000e+00
8.809523582458496094e-01
9.090909361839294434e-01
9.826839566230773926e-01
9.523809552192687988e-01
9.848484992980957031e-01
9.978355169296264648e-01
9.978355169296264648e-01
9.675324559211730957e-01
9.480519294738769531e-01
9.761904478073120117e-01
9.891774654388427734e-01
1.000000000000000000e+00
1.000000000000000000e+00
1.000000000000000000e+00
