1.824104189872741699e-01
3.726937174797058105e-01
5.052264928817749023e-01
4.947735071182250977e-01
5.445205569267272949e-01
5.841924548149108887e-01
6.389891505241394043e-01
6.205673813819885254e-01
6.509090662002563477e-01
6.443662047386169434e-01
6.523297429084777832e-01
6.762589812278747559e-01
6.486486196517944336e-01
6.678082346916198730e-01
6.950354576110839844e-01
7.074074149131774902e-01
7.168458700180053711e-01
7.243816256523132324e-01
7.024221420288085938e-01
6.622516512870788574e-01
7.392857074737548828e-01
7.527272701263427734e-01
7.464788556098937988e-01
7.157534360885620117e-01
7.854545712471008301e-01
7.735191583633422852e-01
7.247386574745178223e-01
7.713310718536376953e-01
7.368420958518981934e-01
7.964285612106323242e-01
7.972972989082336426e-01
8.251748085021972656e-01
8.041958212852478027e-01
7.651006579399108887e-01
8.074324131011962891e-01
8.225256204605102539e-01
8.305084705352783203e-01
8.184931278228759766e-01
8.260869383811950684e-01
8.605442047119140625e-01
8.466666936874389648e-01
8.431372642517089844e-01
8.344594836235046387e-01
8.366013169288635254e-01
8.571428656578063965e-01
8.438538312911987305e-01
8.098360896110534668e-01
8.630136847496032715e-01
8.844884634017944336e-01
8.613861203193664551e-01
8.967741727828979492e-01
9.096774458885192871e-01
8.750000000000000000e-01
8.810289502143859863e-01
8.753993511199951172e-01
8.924050927162170410e-01
8.634920716285705566e-01
8.971061110496520996e-01
8.766233921051025391e-01
8.834951519966125488e-01
9.099678397178649902e-01
9.322580695152282715e-01
9.022082090377807617e-01
9.299362897872924805e-01
9.203821420669555664e-01
8.917197585105895996e-01
9.225806593894958496e-01
9.347826242446899414e-01
9.076433181762695312e-01
9.402515888214111328e-01
9.382715821266174316e-01
9.318885207176208496e-01
9.384615421295166016e-01
9.115853905677795410e-01
9.292307496070861816e-01
9.648562073707580566e-01
9.104938507080078125e-01
9.303030371665954590e-01
9.223602414131164551e-01
9.570552110671997070e-01
9.329268336296081543e-01
9.478527903556823730e-01
9.513677954673767090e-01
9.537037014961242676e-01
9.480122327804565430e-01
9.489489197731018066e-01
9.548192620277404785e-01
9.118540883064270020e-01
9.420731663703918457e-01
9.670658707618713379e-01
9.452887773513793945e-01
8.972809910774230957e-01
9.290123581886291504e-01
9.557521939277648926e-01
9.392096996307373047e-01
9.970059990882873535e-01
9.672619104385375977e-01
9.639639854431152344e-01
9.702380895614624023e-01
9.489489197731018066e-01
9.585798978805541992e-01
9.702380895614624023e-01
9.549549818038940430e-01
9.909638762474060059e-01
9.582089781761169434e-01
9.648093581199645996e-01
9.850299358367919922e-01
9.702380895614624023e-01
9.287833571434020996e-01
9.492537379264831543e-01
9.668674468994140625e-01
9.732142686843872070e-01
9.849397540092468262e-01
9.970238208770751953e-01
9.881656765937805176e-01
9.821428656578063965e-01
9.436202049255371094e-01
9.495549201965332031e-01
9.698795080184936523e-01
9.495549201965332031e-01
9.911242723464965820e-01
9.850746393203735352e-01
9.764011502265930176e-01
9.852070808410644531e-01
9.534883499145507812e-01
9.761904478073120117e-01
9.402984976768493652e-01
9.734513163566589355e-01
9.881656765937805176e-01
9.764705896377563477e-01
9.764011502265930176e-01
9.736070632934570312e-01
9.736841917037963867e-01
9.764011502265930176e-01
1.000000000000000000e+00
1.000000000000000000e+00
1.000000000000000000e+00
9.820359349250793457e-01
9.522387981414794922e-01
9.582089781761169434e-01
9.616519212722778320e-01
9.585798978805541992e-01
9.970501661300659180e-01
1.000000000000000000e+00
1.000000000000000000e+00
9.970588088035583496e-01
9.882352948188781738e-01
9.647058844566345215e-01
9.824047088623046875e-01
9.473684430122375488e-01
