1.275773197412490845e-01
4.151967465877532959e-01
5.101265907287597656e-01
6.156716346740722656e-01
6.755447983741760254e-01
6.967213153839111328e-01
7.298578023910522461e-01
7.620730400085449219e-01
7.529137730598449707e-01
7.687793374061584473e-01
8.062283992767333984e-01
8.255813717842102051e-01
8.287981748580932617e-01
8.507462739944458008e-01
8.295964002609252930e-01
8.857465982437133789e-01
8.697104454040527344e-01
8.951522111892700195e-01
9.026047587394714355e-01
8.881506323814392090e-01
9.064587950706481934e-01
9.052397012710571289e-01
9.088888764381408691e-01
9.291338324546813965e-01
9.128035306930541992e-01
9.138702750205993652e-01
9.204419851303100586e-01
9.316427707672119141e-01
9.206174015998840332e-01
8.989011049270629883e-01
9.211391210556030273e-01
9.283351898193359375e-01
9.388646483421325684e-01
9.277899265289306641e-01
9.344262480735778809e-01
9.340659379959106445e-01
9.423286318778991699e-01
9.368191957473754883e-01
9.409835934638977051e-01
9.442622661590576172e-01
9.436619877815246582e-01
9.420131444931030273e-01
9.490238428115844727e-01
9.464480876922607422e-01
9.447454214096069336e-01
9.458287954330444336e-01
9.535135030746459961e-01
9.534127712249755859e-01
9.526372551918029785e-01
9.409237504005432129e-01
9.514039158821105957e-01
9.577006697654724121e-01
9.664138555526733398e-01
9.623655676841735840e-01
9.666307568550109863e-01
9.508021473884582520e-01
9.613733887672424316e-01
9.601293206214904785e-01
9.609967470169067383e-01
9.689507484436035156e-01
9.644396305084228516e-01
9.688841104507446289e-01
9.603854417800903320e-01
9.655543565750122070e-01
9.542065858840942383e-01
9.637526869773864746e-01
9.743863344192504883e-01
9.765208363533020020e-01
9.754273295402526855e-01
9.711846113204956055e-01
9.669509530067443848e-01
9.765208363533020020e-01
9.798515439033508301e-01
9.787911176681518555e-01
9.765208363533020020e-01
9.700214266777038574e-01
9.765458703041076660e-01
9.702444076538085938e-01
9.786324501037597656e-01
9.840255379676818848e-01
9.808510541915893555e-01
9.515279531478881836e-01
9.882100820541381836e-01
9.893389940261840820e-01
9.968253970146179199e-01
9.840933084487915039e-01
9.719827771186828613e-01
9.829605817794799805e-01
9.809523820877075195e-01
9.925690293312072754e-01
9.946864843368530273e-01
9.989407062530517578e-01
9.872611761093139648e-01
9.699892997741699219e-01
9.809321761131286621e-01
9.851379990577697754e-01
9.894067645072937012e-01
9.978768825531005859e-01
9.808714389801025391e-01
9.872746467590332031e-01
9.946977496147155762e-01
9.862433671951293945e-01
9.820106029510498047e-01
9.819532632827758789e-01
9.746031761169433594e-01
9.936708807945251465e-01
9.872204661369323730e-01
9.989407062530517578e-01
1.000000000000000000e+00
1.000000000000000000e+00
1.000000000000000000e+00
9.989417791366577148e-01
9.523809552192687988e-01
9.691160917282104492e-01
9.904357194900512695e-01
9.968253970146179199e-01
9.957671761512756348e-01
9.989417791366577148e-01
1.000000000000000000e+00
1.000000000000000000e+00
1.000000000000000000e+00
1.000000000000000000e+00
9.989440441131591797e-01
9.722814559936523438e-01
9.627262949943542480e-01
9.830867052078247070e-01
9.936237931251525879e-01
9.947145581245422363e-01
9.957805871963500977e-01
1.000000000000000000e+00
1.000000000000000000e+00
1.000000000000000000e+00
9.968186616897583008e-01
9.723991751670837402e-01
9.861702322959899902e-01
9.840933084487915039e-01
9.883720874786376953e-01
9.936440587043762207e-01
9.978813529014587402e-01
9.915433526039123535e-01
9.704329371452331543e-01
9.915164113044738770e-01
9.957716464996337891e-01
9.936575293540954590e-01
9.978858232498168945e-01
9.989429116249084473e-01
9.926004409790039062e-01
9.872475862503051758e-01
9.936507940292358398e-01
1.000000000000000000e+00
