1.154879781796373933e-01
7.404765000509938577e-02
5.631310855946940197e-02
5.212334611483547542e-02
4.612211040556084968e-02
4.318841498046940841e-02
3.748772912950464747e-02
3.840182573849310749e-02
3.860551738543961664e-02
3.629075957046049711e-02
3.521419355456881922e-02
3.133176531805098586e-02
3.384297910832122225e-02
3.283795385030138098e-02
3.586412903471056929e-02
3.035819383090677601e-02
3.381792971114710999e-02
2.987102092022604974e-02
2.970329310166255551e-02
2.906567541036426255e-02
3.072866295551310648e-02
2.520829025371114016e-02
2.384722871518256751e-02
2.590390835909931952e-02
2.731073823130285641e-02
2.317532360476671355e-02
2.274119477329757111e-02
2.395611143276982907e-02
2.857115407200092397e-02
2.634507013815354237e-02
2.251992375279826542e-02
2.255240677620377193e-02
2.110004051410116141e-02
1.985692603942435311e-02
1.994402722325190266e-02
1.928046454018419661e-02
1.942575480130789845e-02
2.061728982333913690e-02
2.030169617262494661e-02
1.945760710851331815e-02
1.697515857494915140e-02
2.259561256890448705e-02
1.816317384455018794e-02
1.905091063287656442e-02
1.687469395606476866e-02
1.694879985752031915e-02
1.492413146728242823e-02
1.451287024655528377e-02
1.646351853961972034e-02
1.565495062337548052e-02
1.540221237851294514e-02
1.576730993389795221e-02
1.600928080472763942e-02
1.613957366302826504e-02
1.413293849051869104e-02
1.286919813942414767e-02
1.117796837085712446e-02
1.223487879910817137e-02
1.357693425617386047e-02
1.393899906688264925e-02
1.341727064114589876e-02
1.068930293606955816e-02
1.421438379544362821e-02
9.548262249812885724e-03
1.057349485740438633e-02
1.355780774214894110e-02
9.659114801416740156e-03
9.559209882853893225e-03
1.154239964936333053e-02
1.090970001014206908e-02
1.029694690652004779e-02
1.004215855623502400e-02
8.227028581498360693e-03
8.733745574690261748e-03
9.371831762990305223e-03
8.170147522032381732e-03
7.885295565211544733e-03
8.549603284257845798e-03
8.371283199741848258e-03
9.351841742088766798e-03
6.436167076426415994e-03
7.809761960442290069e-03
7.403481388166666295e-03
7.959754170012323105e-03
6.132043764780591502e-03
4.125463962342223491e-03
9.183968205351914979e-03
5.592633265397151804e-03
8.741420021364423865e-03
6.311118821439385372e-03
6.533841316521979935e-03
4.713557627314192075e-03
7.220540300011927745e-03
7.175626996295299785e-03
5.324607598317478326e-03
4.950814530683209612e-03
9.830455111528435888e-03
6.332317644609552001e-03
5.464444077035734287e-03
5.238854009934098069e-03
1.203887963524717837e-02
4.581709445182792322e-03
4.529995267327142396e-03
5.402883568559978429e-03
4.519788316978540048e-03
5.449721326941257306e-03
4.492898189531440399e-03
5.127366599354092787e-03
5.334929469954349281e-03
9.982446298686673339e-03
3.536189483088298877e-03
3.558682552523555632e-03
5.177790764190291599e-03
5.478562890830845043e-03
8.928303248694558283e-03
4.159568034823501494e-03
3.576664855306522020e-03
4.036102259826577533e-03
5.210485927472736575e-03
2.307521355630974633e-03
4.443516561128442108e-03
4.889651532600488085e-03
3.811788027362699328e-03
4.187947202958396641e-03
3.226669521404506961e-03
5.705715438664272533e-03
3.708020927896269175e-03
2.371165409415849478e-03
2.553340352585676664e-03
2.218757582500760755e-03
2.872818720710850447e-03
6.678120827573995506e-03
3.542782300846893367e-03
4.380966125027409459e-03
3.285613834281333849e-03
3.408110336463970619e-03
1.864490466296743519e-03
2.428278973456509272e-03
1.525255867648440174e-03
2.518297094616753305e-03
4.715436581796059179e-03
4.364390341624764177e-03
5.558563080262730362e-03
3.736297975709018757e-03
2.008483422533003521e-03
4.406430312669273527e-03
3.449417427597065589e-03
1.314160755105173899e-03
1.713221485311254956e-03
7.836396631249263178e-04
