0.000000000000000000e+00
1.379310339689254761e-01
3.684210479259490967e-01
4.489795863628387451e-01
5.000000000000000000e-01
5.967742204666137695e-01
6.491228342056274414e-01
6.075949072837829590e-01
6.956521868705749512e-01
5.833333134651184082e-01
6.363636255264282227e-01
6.867470145225524902e-01
6.626505851745605469e-01
6.750000119209289551e-01
6.236559152603149414e-01
7.777777910232543945e-01
6.785714030265808105e-01
7.380952239036560059e-01
6.666666865348815918e-01
6.777777671813964844e-01
6.938775777816772461e-01
7.471264600753784180e-01
7.500000000000000000e-01
7.500000000000000000e-01
7.391304373741149902e-01
7.722772359848022461e-01
7.099999785423278809e-01
7.628865838050842285e-01
6.764705777168273926e-01
7.087378501892089844e-01
7.840909361839294434e-01
7.647058963775634766e-01
7.916666865348815918e-01
8.210526108741760254e-01
7.619047760963439941e-01
8.252426981925964355e-01
8.039215803146362305e-01
8.100000023841857910e-01
7.699999809265136719e-01
7.864077687263488770e-01
8.556700944900512695e-01
7.476635575294494629e-01
8.137254714965820312e-01
7.722772359848022461e-01
8.252426981925964355e-01
8.469387888908386230e-01
8.421052694320678711e-01
8.207547068595886230e-01
8.378378152847290039e-01
8.301886916160583496e-01
8.640776872634887695e-01
8.666666746139526367e-01
8.461538553237915039e-01
8.348624110221862793e-01
8.165137767791748047e-01
8.532109856605529785e-01
8.839285969734191895e-01
8.584070801734924316e-01
8.207547068595886230e-01
8.636363744735717773e-01
8.454545736312866211e-01
9.363636374473571777e-01
8.378378152847290039e-01
9.174311757087707520e-01
8.655462265014648438e-01
8.532109856605529785e-01
9.259259104728698730e-01
9.017857313156127930e-01
8.739495873451232910e-01
8.608695864677429199e-01
8.695651888847351074e-01
8.947368264198303223e-01
9.363636374473571777e-01
9.083333611488342285e-01
9.196428656578063965e-01
9.298245906829833984e-01
9.122806787490844727e-01
9.122806787490844727e-01
8.916666507720947266e-01
9.375000000000000000e-01
9.262295365333557129e-01
9.145299196243286133e-01
9.083333611488342285e-01
9.292035102844238281e-01
9.237288236618041992e-01
9.666666388511657715e-01
9.067796468734741211e-01
9.237288236618041992e-01
8.888888955116271973e-01
9.349593520164489746e-01
9.333333373069763184e-01
9.579831957817077637e-01
9.098360538482666016e-01
9.482758641242980957e-01
9.739130139350891113e-01
9.666666388511657715e-01
8.728813529014587402e-01
9.391304254531860352e-01
9.576271176338195801e-01
9.579831957817077637e-01
8.584070801734924316e-01
9.824561476707458496e-01
9.663865566253662109e-01
9.495798349380493164e-01
9.512194991111755371e-01
9.435483813285827637e-01
9.583333134651184082e-01
9.285714030265808105e-01
9.274193644523620605e-01
8.760330677032470703e-01
9.593495726585388184e-01
9.516128897666931152e-01
9.430894255638122559e-01
9.421487450599670410e-01
9.145299196243286133e-01
9.576271176338195801e-01
9.520000219345092773e-01
9.512194991111755371e-01
9.279999732971191406e-01
9.834710955619812012e-01
9.426229596138000488e-01
9.590163826942443848e-01
9.677419066429138184e-01
9.435483813285827637e-01
9.679999947547912598e-01
9.421487450599670410e-01
9.296875000000000000e-01
9.679999947547912598e-01
9.682539701461791992e-01
9.834710955619812012e-01
9.837398529052734375e-01
9.039999842643737793e-01
9.516128897666931152e-01
9.579831957817077637e-01
9.754098653793334961e-01
9.435483813285827637e-01
9.918699264526367188e-01
9.677419066429138184e-01
9.758064746856689453e-01
9.758064746856689453e-01
9.430894255638122559e-01
9.435483813285827637e-01
9.291338324546813965e-01
9.495798349380493164e-01
9.682539701461791992e-01
9.747899174690246582e-01
9.674796462059020996e-01
1.000000000000000000e+00
1.000000000000000000e+00
1.000000000000000000e+00
