7.343153456433108017e-01
4.175054232623952033e-01
3.166304208245585006e-01
2.596071590354565584e-01
2.404377291798366900e-01
2.098695717282983708e-01
1.941853907730190232e-01
1.944525263453716069e-01
1.590287403302892699e-01
1.621481611760234309e-01
1.554125546653608581e-01
1.453712170500598977e-01
1.287842620814291517e-01
1.237452128970180365e-01
1.284151687853029855e-01
1.233578679817063511e-01
1.140733099437595682e-01
1.055501758031437559e-01
1.100148938336475285e-01
9.757417226571812874e-02
1.001520556518144534e-01
9.310827705022010903e-02
8.560573182497391298e-02
8.446346586082191521e-02
7.978304025815020906e-02
8.159949347247638651e-02
8.037573651512792960e-02
7.030328341373240364e-02
9.188646314573700735e-02
6.744723836380582538e-02
6.700192477344860120e-02
6.693451791058115108e-02
6.471762498099985217e-02
6.899357877708227338e-02
7.218643291784913874e-02
6.152740644647002738e-02
6.573044037410573359e-02
6.494398971551258726e-02
6.068827829661063017e-02
5.406110508411651056e-02
5.650186720888681485e-02
5.761248145141535659e-02
5.789747634292480294e-02
5.807382015099266798e-02
5.253755227321055959e-02
5.159140201727797914e-02
4.806553924381114923e-02
4.660749665373368350e-02
5.103867569825265571e-02
4.739739266889436003e-02
4.821498591401584405e-02
4.852908185454660184e-02
4.877256381445130295e-02
4.334455137665861602e-02
4.202676194218327166e-02
3.832516178525240125e-02
3.876533081851228635e-02
4.109041124938250106e-02
3.802394337202304880e-02
3.655680469688361162e-02
4.003943947297961686e-02
4.389385668672494967e-02
3.475009844585048163e-02
3.709304002478727019e-02
3.238219638654166871e-02
3.695178237998885534e-02
4.120303243612803701e-02
2.801210488451808325e-02
3.104125441461338258e-02
2.883704528595186500e-02
3.114639798925590564e-02
3.268434734593078650e-02
3.146496952293371258e-02
2.666545691208396449e-02
2.912715187919727444e-02
2.195236361503061923e-02
3.074795787422427915e-02
3.178675183966683110e-02
2.762556606879099097e-02
2.427884247482224589e-02
2.489862359773762149e-02
2.913699058926065219e-02
3.011341465730465669e-02
3.395319424593828961e-02
2.505353276589390374e-02
2.158849303597634370e-02
1.843636074864129712e-02
2.234432894829204222e-02
2.509784338082395039e-02
2.299535189489519682e-02
1.991544559819478574e-02
1.887648870183461849e-02
2.123294452944601146e-02
2.010939084147894684e-02
2.111177818106871329e-02
2.132687214170461351e-02
1.955484779731711531e-02
2.288102865916993855e-02
1.683425202816893340e-02
1.815790318182918320e-02
2.067402769587484840e-02
1.646708639533793483e-02
1.231606742419805167e-02
1.952736787613842256e-02
1.743794934112540690e-02
1.291772118431529746e-02
1.265581974491499472e-02
1.432243349498205955e-02
1.543677629635462588e-02
1.441642860272921052e-02
1.680422193377604720e-02
2.144525859518453190e-02
1.739665243162605290e-02
1.430113471677976929e-02
1.129225501078898880e-02
1.142977724245672518e-02
1.386092981250582404e-02
1.338603657177451882e-02
1.798416780180810831e-02
1.779486799354272272e-02
1.269785485864373571e-02
1.906646279559519666e-02
1.296924226381982771e-02
1.058802550657354964e-02
1.138190402706563444e-02
7.198881233787487489e-03
1.018934102721590941e-02
2.009182451872974437e-02
2.062976635596548008e-02
1.081997199083021589e-02
6.305331067272342167e-03
1.003890703775408427e-02
1.369030826226230735e-02
1.428386074439241642e-02
9.214543860626490598e-03
3.593013539730932626e-03
3.985578058283288823e-03
6.063615446417043586e-03
1.686577554125179984e-02
2.135771424893979226e-02
1.176187037581579928e-02
9.408164524741448320e-03
9.140677394905670494e-03
2.390287972856284734e-02
8.773738814920153603e-03
1.067336928548731460e-02
5.759824285642803875e-03
9.635057292614993690e-03
1.254688416714044678e-02
2.622303338317692745e-02
