1.125157997012138367e-01
2.214182317256927490e-01
3.791130185127258301e-01
4.874301552772521973e-01
5.182186365127563477e-01
5.855615139007568359e-01
6.256544589996337891e-01
6.357786655426025391e-01
6.746532320976257324e-01
7.092288136482238770e-01
7.066166996955871582e-01
7.421383857727050781e-01
7.628361582756042480e-01
7.748815417289733887e-01
7.627118825912475586e-01
7.709302306175231934e-01
7.983092069625854492e-01
8.236715197563171387e-01
8.159145116806030273e-01
8.279445767402648926e-01
8.228438496589660645e-01
8.252314925193786621e-01
8.481012582778930664e-01
8.422247171401977539e-01
8.727915287017822266e-01
8.666666746139526367e-01
8.635321259498596191e-01
8.850574493408203125e-01
8.392246365547180176e-01
8.922018408775329590e-01
8.974943161010742188e-01
8.850446343421936035e-01
8.981900215148925781e-01
8.904267549514770508e-01
8.836944103240966797e-01
9.052511453628540039e-01
8.842696547508239746e-01
8.946162462234497070e-01
8.986332416534423828e-01
9.062500000000000000e-01
9.161947965621948242e-01
9.102272987365722656e-01
9.049773812294006348e-01
8.975225090980529785e-01
9.170454740524291992e-01
9.243986010551452637e-01
9.201349616050720215e-01
9.280089735984802246e-01
9.144144058227539062e-01
9.276835918426513672e-01
9.149888157844543457e-01
9.208472967147827148e-01
9.084821343421936035e-01
9.188888669013977051e-01
9.277777671813964844e-01
9.386160969734191895e-01
9.377777576446533203e-01
9.297658801078796387e-01
9.384787678718566895e-01
9.379157423973083496e-01
9.403824806213378906e-01
9.212860465049743652e-01
9.417582154273986816e-01
9.390919208526611328e-01
9.449338912963867188e-01
9.412416815757751465e-01
9.339305758476257324e-01
9.527472257614135742e-01
9.433962106704711914e-01
9.560439586639404297e-01
9.448732137680053711e-01
9.489456415176391602e-01
9.394939541816711426e-01
9.517543911933898926e-01
9.495614171028137207e-01
9.617903828620910645e-01
9.496166706085205078e-01
9.441401958465576172e-01
9.516483545303344727e-01
9.540481567382812500e-01
9.574235677719116211e-01
9.537953734397888184e-01
9.445049166679382324e-01
9.427312612533569336e-01
9.582875967025756836e-01
9.671772718429565430e-01
9.684095978736877441e-01
9.660831689834594727e-01
9.558985829353332520e-01
9.514563083648681641e-01
9.578378200531005859e-01
9.685466289520263672e-01
9.628415107727050781e-01
9.629629850387573242e-01
9.610810875892639160e-01
9.586056470870971680e-01
9.685807228088378906e-01
9.648737907409667969e-01
9.694656729698181152e-01
9.685807228088378906e-01
9.577465057373046875e-01
9.686146974563598633e-01
9.805405139923095703e-01
9.652174115180969238e-01
9.729437232017517090e-01
9.772727489471435547e-01
9.836244583129882812e-01
9.794149398803710938e-01
9.783080220222473145e-01
9.761129021644592285e-01
9.664865136146545410e-01
9.481081366539001465e-01
9.685807228088378906e-01
9.782372117042541504e-01
9.742212891578674316e-01
9.806659221649169922e-01
9.772481322288513184e-01
9.721329212188720703e-01
9.632432460784912109e-01
9.633620977401733398e-01
9.793478250503540039e-01
9.652928709983825684e-01
9.763185977935791016e-01
9.836956262588500977e-01
9.795037508010864258e-01
9.871244430541992188e-01
9.817007780075073242e-01
9.590075612068176270e-01
9.622030258178710938e-01
9.859611392021179199e-01
9.892241358757019043e-01
9.775160551071166992e-01
9.741100072860717773e-01
9.678111672401428223e-01
9.817596673965454102e-01
9.967707395553588867e-01
9.935691356658935547e-01
9.903017282485961914e-01
9.696969985961914062e-01
9.642470479011535645e-01
9.762418866157531738e-01
9.806034564971923828e-01
9.870270490646362305e-01
9.602150321006774902e-01
9.870410561561584473e-01
9.794594645500183105e-01
9.913886189460754395e-01
9.828141927719116211e-01
9.730312824249267578e-01
9.545946121215820312e-01
