2.678571455180644989e-02
2.277227789163589478e-01
3.846153914928436279e-01
3.589743673801422119e-01
5.309734344482421875e-01
5.267857313156127930e-01
5.546218752861022949e-01
5.775862336158752441e-01
6.124030947685241699e-01
6.171875000000000000e-01
5.757575631141662598e-01
6.803278923034667969e-01
6.341463327407836914e-01
7.338709831237792969e-01
6.764705777168273926e-01
7.063491940498352051e-01
7.313432693481445312e-01
7.622950673103332520e-01
7.954545617103576660e-01
7.364341020584106445e-01
8.000000119209289551e-01
7.744361162185668945e-01
8.134328126907348633e-01
7.681159377098083496e-01
7.936508059501647949e-01
8.156028389930725098e-01
8.646616339683532715e-01
8.148148059844970703e-01
8.161764740943908691e-01
8.561151027679443359e-01
9.111111164093017578e-01
8.000000119209289551e-01
8.308823704719543457e-01
9.057971239089965820e-01
8.541666865348815918e-01
8.985507488250732422e-01
8.602941036224365234e-01
8.928571343421936035e-01
8.873239159584045410e-01
8.768116235733032227e-01
9.361702203750610352e-01
9.562043547630310059e-01
9.090909361839294434e-01
8.251748085021972656e-01
8.951048851013183594e-01
9.057971239089965820e-01
9.718309640884399414e-01
9.510489702224731445e-01
9.208633303642272949e-01
9.577465057373046875e-01
9.084507226943969727e-01
9.436619877815246582e-01
8.581560254096984863e-01
9.785714149475097656e-01
9.929577708244323730e-01
8.802816867828369141e-01
9.440559148788452148e-01
9.305555820465087891e-01
9.580419659614562988e-01
9.720279574394226074e-01
9.647887349128723145e-01
9.650349617004394531e-01
9.424460530281066895e-01
9.571428298950195312e-01
9.160839319229125977e-01
9.929577708244323730e-01
9.361702203750610352e-01
8.732394576072692871e-01
9.375000000000000000e-01
9.510489702224731445e-01
9.790209531784057617e-01
9.436619877815246582e-01
1.000000000000000000e+00
9.722222089767456055e-01
9.580419659614562988e-01
9.444444179534912109e-01
9.861111044883728027e-01
9.716312289237976074e-01
9.652777910232543945e-01
9.859154820442199707e-01
9.305555820465087891e-01
9.047619104385375977e-01
9.790209531784057617e-01
9.720279574394226074e-01
9.097222089767456055e-01
9.787234067916870117e-01
9.860140085220336914e-01
9.647887349128723145e-01
9.724137783050537109e-01
1.000000000000000000e+00
9.577465057373046875e-01
1.000000000000000000e+00
8.865247964859008789e-01
9.295774698257446289e-01
9.930555820465087891e-01
9.930555820465087891e-01
1.000000000000000000e+00
9.930070042610168457e-01
1.000000000000000000e+00
1.000000000000000000e+00
9.929577708244323730e-01
9.097222089767456055e-01
9.929577708244323730e-01
9.930070042610168457e-01
8.785714507102966309e-01
9.647887349128723145e-01
9.790209531784057617e-01
9.790209531784057617e-01
9.787234067916870117e-01
9.655172228813171387e-01
1.000000000000000000e+00
1.000000000000000000e+00
1.000000000000000000e+00
1.000000000000000000e+00
1.000000000000000000e+00
1.000000000000000000e+00
1.000000000000000000e+00
1.000000000000000000e+00
1.000000000000000000e+00
1.000000000000000000e+00
1.000000000000000000e+00
1.000000000000000000e+00
1.000000000000000000e+00
1.000000000000000000e+00
1.000000000000000000e+00
1.000000000000000000e+00
1.000000000000000000e+00
1.000000000000000000e+00
1.000000000000000000e+00
1.000000000000000000e+00
1.000000000000000000e+00
1.000000000000000000e+00
1.000000000000000000e+00
1.000000000000000000e+00
1.000000000000000000e+00
1.000000000000000000e+00
1.000000000000000000e+00
1.000000000000000000e+00
1.000000000000000000e+00
1.000000000000000000e+00
1.000000000000000000e+00
1.000000000000000000e+00
1.000000000000000000e+00
1.000000000000000000e+00
1.000000000000000000e+00
1.000000000000000000e+00
1.000000000000000000e+00
1.000000000000000000e+00
1.000000000000000000e+00
1.000000000000000000e+00
