3.548258185901278366e-02
2.445490192802748583e-02
1.391762007559613733e-02
2.267804084752218091e-02
1.071637051968493855e-02
1.372085404268772249e-02
1.314312959522563780e-02
8.128583134347356146e-03
5.621241009649057506e-03
6.747513654769986616e-03
7.611751546214455544e-03
9.590139557553516506e-03
1.599122142225379781e-02
1.505599444719889560e-02
9.081226564566769605e-03
5.436523945801720326e-03
4.286636669848952266e-03
5.072199063814466190e-03
4.842271256253246475e-03
5.231945630093678620e-03
4.574285567788264305e-03
6.454031770948795953e-03
6.118180870205160507e-03
1.048971967882224299e-02
1.941591833151067731e-02
8.427931780385332361e-03
1.119386937903264941e-02
4.918455586078687714e-03
2.166452616452409653e-03
1.960556605660739027e-03
1.925907520620323467e-03
1.892997127982098005e-03
1.872974479665382623e-03
1.883944622431754602e-03
1.847643929252369872e-03
1.837643895774418966e-03
4.299482878606263568e-03
3.698409074820183107e-02
1.227669964970883217e-02
1.112695322958675431e-02
6.765299321549940112e-03
3.805725204739218888e-03
3.927525132264086255e-03
3.113804213720092803e-03
4.250410226675853907e-03
2.205401536637177466e-03
6.965464573231535360e-03
4.224717306816091859e-03
4.943856817411428420e-03
1.283884054021587270e-02
