2.642884894925308717e-02
1.205905084313654840e-02
1.320727660420818218e-02
8.358703886050002779e-03
8.823682130946456162e-03
9.415446833112441072e-03
5.895091813392231046e-03
7.332091114247161860e-03
6.884866411029162865e-03
8.922195766340474538e-03
6.222008102647643216e-03
5.197414996764029849e-03
6.513748218198086963e-03
4.483624068391347563e-03
9.279214244765177783e-03
9.004830919913458034e-03
4.398518644128504573e-03
3.545406937155489574e-03
2.818537845668128705e-03
3.523261877488451446e-03
1.807980216747511479e-03
2.759270358121934316e-03
5.408071449009539157e-03
3.282365237009025015e-03
3.810195450781580194e-03
9.761498545203573657e-03
9.510810847562714207e-03
4.402728454636270321e-03
4.641125280864188095e-03
2.830063714096589002e-03
2.538734695575958333e-03
1.726707141977509461e-03
3.080933418179655509e-03
7.337993299981113854e-03
4.364558644859265965e-03
3.503719759706698782e-03
4.800888387353446744e-03
4.260827421543115535e-03
1.286304914217862921e-03
1.542193497288381560e-03
8.493567881198155070e-04
6.605887389669809614e-04
1.057117048059269667e-03
1.673887311520554783e-02
4.595894304513628396e-03
4.064326853781639187e-03
1.458014772885478372e-03
2.361781008270398552e-03
6.480894705326759953e-04
9.734504082317954263e-04
