2.405312757332657772e-02
1.561773988369056891e-02
1.062158148617623442e-02
9.395243907957701382e-03
1.097343567392570357e-02
1.340775804810745778e-02
7.636366821584305263e-03
6.115543342827490549e-03
7.215079610554961734e-03
3.389894761367608349e-03
6.816837775834046383e-03
5.501465068501961569e-03
6.828928226388471072e-03
6.299849602120119116e-03
8.091203277530916588e-03
1.412244405705741744e-02
6.952113953313689490e-03
7.663432044030244264e-03
5.933608982345801863e-03
1.628213779883652115e-03
3.466475891947636088e-03
2.423326378633084907e-03
3.724413657212437018e-03
1.000707374534217167e-02
6.398923224803989597e-03
3.921072356960091966e-03
2.082903323912634660e-03
5.274282883735566425e-03
5.372822105615788005e-03
6.789213143546039310e-03
3.282175484658799661e-03
2.935650126415897433e-03
4.071002628764503785e-03
1.089223248635991757e-02
9.675037134684873544e-03
4.587089373704526449e-03
6.795881222106563320e-03
2.165528680247118948e-03
9.272083527178170883e-04
3.972991979552972092e-03
3.066761536330740549e-03
9.554467328580935545e-03
6.786794878446928553e-03
3.000021187734276326e-03
1.350142080297429869e-03
8.959986736907388921e-04
1.184342865444263032e-03
9.862161872624941854e-04
1.392488625849622663e-03
9.915912246349294079e-03
