9.140400886535644531e-01
9.310345053672790527e-01
9.651162624359130859e-01
9.573863744735717773e-01
9.545454382896423340e-01
9.536231756210327148e-01
9.745042324066162109e-01
9.659090638160705566e-01
9.714285731315612793e-01
9.885714054107666016e-01
9.855491518974304199e-01
9.690141081809997559e-01
9.801699519157409668e-01
9.798271059989929199e-01
9.514285922050476074e-01
9.515669345855712891e-01
9.742120504379272461e-01
9.570200443267822266e-01
9.772727489471435547e-01
1.000000000000000000e+00
9.942528605461120605e-01
9.915254116058349609e-01
9.830028414726257324e-01
9.488636255264282227e-01
9.685714244842529297e-01
9.914529919624328613e-01
9.943342804908752441e-01
9.772727489471435547e-01
9.802817106246948242e-01
9.688385128974914551e-01
9.887005686759948730e-01
9.886685609817504883e-01
9.830508232116699219e-01
9.515669345855712891e-01
9.683908224105834961e-01
9.771428704261779785e-01
9.745042324066162109e-01
9.943342804908752441e-01
1.000000000000000000e+00
9.886040091514587402e-01
9.803370833396911621e-01
9.658119678497314453e-01
9.715099930763244629e-01
9.858356714248657227e-01
9.971830844879150391e-01
1.000000000000000000e+00
9.971751570701599121e-01
1.000000000000000000e+00
1.000000000000000000e+00
9.655172228813171387e-01
