6.670340706552513321e-01
1.904133872648687276e-01
1.792463316114245864e-01
1.603621832102984646e-01
1.597367738192489728e-01
1.432476275493629325e-01
1.467172573325801477e-01
1.364525626860296215e-01
1.279548274367801053e-01
1.223421561970120669e-01
1.159596952422349420e-01
1.062013548942073587e-01
9.999903968007325950e-02
1.076450057794407777e-01
9.646955690421547824e-02
1.154763024596091453e-01
9.650056970348466767e-02
8.683216052162789911e-02
8.453830334304532346e-02
8.768964586017249929e-02
8.252917088132762091e-02
7.999287994318315942e-02
8.370822671330004072e-02
7.562413025136206779e-02
8.644226708809980841e-02
6.886962757102252364e-02
7.088650194249565550e-02
6.756522665353160984e-02
7.069583595883094373e-02
8.273321971460176338e-02
7.318176070350593254e-02
6.448563069936458225e-02
6.287514514303023383e-02
7.234515713649031232e-02
5.744229623564657550e-02
5.568777796981453504e-02
6.462927182820986383e-02
5.910873399459147526e-02
6.438514429634725755e-02
5.747420007110409096e-02
4.875620904005473905e-02
5.312568831896135463e-02
4.599021448794406858e-02
4.413594596864050396e-02
4.865863454995669746e-02
4.630955044199947662e-02
4.675604981072707667e-02
4.896142938882006024e-02
4.335670294239165473e-02
4.021934408251444382e-02
3.821181920774321256e-02
4.112621705552415435e-02
4.735802018650875356e-02
3.562903783283271480e-02
3.478841853743037948e-02
3.591377714416083694e-02
3.928165315296697213e-02
3.434081504977284233e-02
3.261380315519153000e-02
3.370877274428078080e-02
3.392343338061463986e-02
2.462321776162847836e-02
2.937685895402487174e-02
2.693622762074116689e-02
2.510806131254205223e-02
2.054323826708973760e-02
2.649586680988037443e-02
2.256777374159696717e-02
2.130268972666419028e-02
1.982410137884260334e-02
1.743530692921669081e-02
1.675253996822141309e-02
2.653989886931250666e-02
2.434617410566841667e-02
2.739097695871715518e-02
2.002094215688224321e-02
2.212441344237783131e-02
1.310774860429728128e-02
1.763744835852297868e-02
1.773034152534394559e-02
1.864018692825603410e-02
1.499399179167367271e-02
1.119279875276819360e-02
1.097690896238152393e-02
1.253326201869099307e-02
9.115600152135494919e-03
1.342948103585076165e-02
1.017449799768266674e-02
1.533491450684592097e-02
1.459064754986983542e-02
9.694556628717496474e-03
1.466163553284578064e-02
1.738880495647375860e-02
1.035510895262668589e-02
8.158622860299108784e-03
1.029246869910277300e-02
7.429891124094036362e-03
5.469758049280891779e-03
1.779717266693489619e-02
1.871255978514082055e-02
1.319836992029619488e-02
7.990170407566773297e-03
1.454862946713130281e-02
1.260460714546100813e-02
5.391047321221150747e-03
4.044131577586639395e-03
4.077966839867383682e-03
4.966486093377015312e-03
1.958460080245806936e-02
1.114336818496997235e-02
1.582616419591640830e-02
1.001436420123694160e-02
5.684389845755769867e-03
5.695972999585829574e-03
6.603780914833794723e-03
1.088594235642078092e-02
6.204025753381407771e-03
3.752777815117093723e-03
4.090842934235126675e-03
8.989132562107158067e-03
1.539798125964755501e-02
9.247962483429952515e-03
1.058606600552177562e-02
7.986677692599973219e-03
3.749226552295428609e-03
9.315593511283342537e-03
1.620358677413567816e-02
8.115894730882575181e-03
5.639578680915785687e-03
5.021294783930256578e-03
3.221769453356271122e-03
2.595286314298905078e-03
4.306178341441818311e-03
2.341446317855565284e-02
9.810041954060114144e-03
5.940989352236658930e-03
4.032150245601539944e-03
5.140964224435182715e-03
4.596587714582226793e-03
1.294802980695600701e-02
6.098923374491164659e-03
4.856035306436355323e-03
7.090829331952139269e-03
6.746692275981487977e-03
6.277791007433424983e-03
1.168956055619066979e-02
6.966370833004042855e-03
5.284715527304135844e-03
2.366664911533438668e-03
2.317967728669889822e-03
