7.966470729938699563e-03
8.926508082341031228e-03
1.565034915496397658e-02
1.059807436670210691e-02
1.214751265574386119e-02
1.281006070915702288e-02
3.121922214125182494e-03
1.353041051230706015e-03
9.834655108177160245e-04
8.676128693441264444e-04
8.045100031746961087e-04
7.795485505242457898e-04
7.698206802496836750e-04
7.538463603946125554e-04
7.082581969635069405e-04
6.724557235339503891e-04
6.422477093317891395e-04
6.138466437566769034e-04
5.834315942449973171e-04
5.500076527564446349e-04
6.808609610428127679e-02
1.043119113436485890e-02
3.989552589791472981e-03
6.777347670111703512e-03
1.539967964710360106e-02
4.403500858176125944e-03
5.774169732374833525e-03
8.393830007615411468e-03
1.564901770898816796e-02
2.392658898134879600e-03
2.474324812262352399e-03
1.499045165944287716e-02
1.704112768059351524e-02
5.152154838647174211e-03
8.788427447417883689e-03
8.306584805339066804e-03
3.664197408099860442e-03
6.617736509250766487e-03
3.772224612207000175e-03
8.282209244798911406e-04
4.918175797504086531e-03
2.379516036565853393e-02
5.615250970670127191e-03
4.321536429157021506e-03
1.171432244091282979e-02
4.357145824731175482e-03
5.346662335557451906e-03
1.025134287974932383e-02
4.309687208832691137e-03
4.137517527920729979e-03
