9.887264966964721680e-01
9.907988309860229492e-01
9.765788316726684570e-01
9.882550239562988281e-01
9.845511317253112793e-01
9.828881621360778809e-01
9.966624975204467773e-01
1.000000000000000000e+00
1.000000000000000000e+00
1.000000000000000000e+00
1.000000000000000000e+00
1.000000000000000000e+00
1.000000000000000000e+00
1.000000000000000000e+00
1.000000000000000000e+00
1.000000000000000000e+00
1.000000000000000000e+00
1.000000000000000000e+00
1.000000000000000000e+00
1.000000000000000000e+00
9.153191447257995605e-01
9.865828156471252441e-01
9.958246350288391113e-01
9.903966784477233887e-01
9.774058461189270020e-01
9.937369227409362793e-01
9.933110475540161133e-01
9.883089661598205566e-01
9.790619611740112305e-01
9.974979162216186523e-01
9.970809221267700195e-01
9.790882468223571777e-01
9.803100228309631348e-01
9.920833110809326172e-01
9.862270355224609375e-01
9.883089661598205566e-01
9.941545128822326660e-01
9.920701384544372559e-01
9.945743083953857422e-01
1.000000000000000000e+00
9.933277964591979980e-01
9.692502021789550781e-01
9.937291145324707031e-01
9.937395453453063965e-01
9.833055138587951660e-01
9.949958324432373047e-01
9.924937486648559570e-01
9.870347380638122559e-01
9.929107427597045898e-01
9.941691160202026367e-01
