2.631579041481018066e-01
4.338235259056091309e-01
5.714285969734191895e-01
5.428571701049804688e-01
6.643356680870056152e-01
6.884058117866516113e-01
6.666666865348815918e-01
7.625899314880371094e-01
7.482517361640930176e-01
7.517241239547729492e-01
7.482517361640930176e-01
8.098591566085815430e-01
8.055555820465087891e-01
8.750000000000000000e-01
7.891156673431396484e-01
7.567567825317382812e-01
8.014184236526489258e-01
8.424657583236694336e-01
8.620689511299133301e-01
8.671328425407409668e-01
8.609271645545959473e-01
8.698630332946777344e-01
8.387096524238586426e-01
8.287671208381652832e-01
8.866666555404663086e-01
9.225352406501770020e-01
8.947368264198303223e-01
9.139072895050048828e-01
9.115646481513977051e-01
8.866666555404663086e-01
8.851351141929626465e-01
8.831169009208679199e-01
8.979591727256774902e-01
9.266666769981384277e-01
8.378378152847290039e-01
9.586206674575805664e-01
9.271523356437683105e-01
9.527027010917663574e-01
9.536423683166503906e-01
9.470198750495910645e-01
9.542483687400817871e-01
9.934640526771545410e-01
9.798657894134521484e-01
8.516129255294799805e-01
9.205297827720642090e-01
9.666666388511657715e-01
9.399999976158142090e-01
9.736841917037963867e-01
9.545454382896423340e-01
9.539473652839660645e-01
9.466666579246520996e-01
9.144737124443054199e-01
9.533333182334899902e-01
9.666666388511657715e-01
9.738562107086181641e-01
9.194630980491638184e-01
9.466666579246520996e-01
9.673202633857727051e-01
9.800000190734863281e-01
9.466666579246520996e-01
9.868420958518981934e-01
9.733333587646484375e-01
9.735099077224731445e-01
9.933333396911621094e-01
1.000000000000000000e+00
1.000000000000000000e+00
1.000000000000000000e+00
1.000000000000000000e+00
1.000000000000000000e+00
1.000000000000000000e+00
1.000000000000000000e+00
1.000000000000000000e+00
1.000000000000000000e+00
8.783783912658691406e-01
9.025974273681640625e-01
9.673202633857727051e-01
9.933775067329406738e-01
9.403973221778869629e-01
9.150326848030090332e-01
9.736841917037963867e-01
9.802631735801696777e-01
9.869281053543090820e-01
9.934210777282714844e-01
1.000000000000000000e+00
9.480519294738769531e-01
9.144737124443054199e-01
9.466666579246520996e-01
9.673202633857727051e-01
9.738562107086181641e-01
9.934640526771545410e-01
1.000000000000000000e+00
1.000000000000000000e+00
1.000000000000000000e+00
1.000000000000000000e+00
1.000000000000000000e+00
1.000000000000000000e+00
1.000000000000000000e+00
1.000000000000000000e+00
1.000000000000000000e+00
1.000000000000000000e+00
1.000000000000000000e+00
1.000000000000000000e+00
1.000000000000000000e+00
1.000000000000000000e+00
1.000000000000000000e+00
1.000000000000000000e+00
1.000000000000000000e+00
1.000000000000000000e+00
1.000000000000000000e+00
1.000000000000000000e+00
1.000000000000000000e+00
1.000000000000000000e+00
1.000000000000000000e+00
1.000000000000000000e+00
1.000000000000000000e+00
1.000000000000000000e+00
1.000000000000000000e+00
1.000000000000000000e+00
1.000000000000000000e+00
7.579618096351623535e-01
9.666666388511657715e-01
9.602649211883544922e-01
9.934210777282714844e-01
9.933775067329406738e-01
9.934210777282714844e-01
1.000000000000000000e+00
1.000000000000000000e+00
1.000000000000000000e+00
1.000000000000000000e+00
1.000000000000000000e+00
1.000000000000000000e+00
1.000000000000000000e+00
1.000000000000000000e+00
1.000000000000000000e+00
1.000000000000000000e+00
1.000000000000000000e+00
1.000000000000000000e+00
1.000000000000000000e+00
1.000000000000000000e+00
1.000000000000000000e+00
8.618420958518981934e-01
8.815789222717285156e-01
9.803921580314636230e-01
9.738562107086181641e-01
1.000000000000000000e+00
9.738562107086181641e-01
9.605262875556945801e-01
9.668874144554138184e-01
9.668874144554138184e-01
9.933775067329406738e-01
