2.302631586790084839e-01
3.881579041481018066e-01
5.263158082962036133e-01
5.000000000000000000e-01
6.250000000000000000e-01
6.250000000000000000e-01
6.447368264198303223e-01
6.973684430122375488e-01
7.039473652839660645e-01
7.171052694320678711e-01
7.039473652839660645e-01
7.565789222717285156e-01
7.631579041481018066e-01
8.289473652839660645e-01
7.631579041481018066e-01
7.368420958518981934e-01
7.434210777282714844e-01
8.092105388641357422e-01
8.223684430122375488e-01
8.157894611358642578e-01
8.552631735801696777e-01
8.355262875556945801e-01
8.552631735801696777e-01
7.960526347160339355e-01
8.750000000000000000e-01
8.618420958518981934e-01
8.947368264198303223e-01
9.078947305679321289e-01
8.815789222717285156e-01
8.750000000000000000e-01
8.618420958518981934e-01
8.947368264198303223e-01
8.684210777282714844e-01
9.144737124443054199e-01
8.157894611358642578e-01
9.144737124443054199e-01
9.210526347160339355e-01
9.276315569877624512e-01
9.473684430122375488e-01
9.407894611358642578e-01
9.605262875556945801e-01
1.000000000000000000e+00
9.605262875556945801e-01
8.684210777282714844e-01
9.144737124443054199e-01
9.539473652839660645e-01
9.276315569877624512e-01
9.736841917037963867e-01
9.671052694320678711e-01
9.539473652839660645e-01
9.342105388641357422e-01
9.144737124443054199e-01
9.407894611358642578e-01
9.539473652839660645e-01
9.802631735801696777e-01
9.013158082962036133e-01
9.342105388641357422e-01
9.736841917037963867e-01
9.671052694320678711e-01
9.342105388641357422e-01
9.868420958518981934e-01
9.605262875556945801e-01
9.671052694320678711e-01
9.802631735801696777e-01
1.000000000000000000e+00
1.000000000000000000e+00
1.000000000000000000e+00
1.000000000000000000e+00
1.000000000000000000e+00
1.000000000000000000e+00
1.000000000000000000e+00
1.000000000000000000e+00
1.000000000000000000e+00
8.552631735801696777e-01
9.144737124443054199e-01
9.736841917037963867e-01
9.868420958518981934e-01
9.342105388641357422e-01
9.210526347160339355e-01
9.736841917037963867e-01
9.802631735801696777e-01
9.934210777282714844e-01
9.934210777282714844e-01
9.934210777282714844e-01
9.605262875556945801e-01
9.144737124443054199e-01
9.342105388641357422e-01
9.736841917037963867e-01
9.802631735801696777e-01
1.000000000000000000e+00
1.000000000000000000e+00
1.000000000000000000e+00
1.000000000000000000e+00
1.000000000000000000e+00
1.000000000000000000e+00
1.000000000000000000e+00
1.000000000000000000e+00
1.000000000000000000e+00
1.000000000000000000e+00
1.000000000000000000e+00
1.000000000000000000e+00
1.000000000000000000e+00
1.000000000000000000e+00
1.000000000000000000e+00
1.000000000000000000e+00
1.000000000000000000e+00
1.000000000000000000e+00
1.000000000000000000e+00
1.000000000000000000e+00
1.000000000000000000e+00
1.000000000000000000e+00
1.000000000000000000e+00
1.000000000000000000e+00
1.000000000000000000e+00
1.000000000000000000e+00
1.000000000000000000e+00
1.000000000000000000e+00
1.000000000000000000e+00
1.000000000000000000e+00
7.828947305679321289e-01
9.539473652839660645e-01
9.539473652839660645e-01
9.934210777282714844e-01
9.868420958518981934e-01
9.934210777282714844e-01
1.000000000000000000e+00
1.000000000000000000e+00
1.000000000000000000e+00
1.000000000000000000e+00
1.000000000000000000e+00
1.000000000000000000e+00
1.000000000000000000e+00
1.000000000000000000e+00
1.000000000000000000e+00
1.000000000000000000e+00
1.000000000000000000e+00
1.000000000000000000e+00
1.000000000000000000e+00
1.000000000000000000e+00
1.000000000000000000e+00
8.618420958518981934e-01
8.815789222717285156e-01
9.868420958518981934e-01
9.802631735801696777e-01
1.000000000000000000e+00
9.802631735801696777e-01
9.605262875556945801e-01
9.605262875556945801e-01
9.605262875556945801e-01
9.868420958518981934e-01
