3.891656624016798238e-02
2.970394542950063888e-02
2.181680463661733044e-02
1.509123949326983578e-02
2.059940810661595179e-02
1.620272700774273017e-02
1.464445316575789524e-02
1.289072934772407877e-02
9.914083650769215175e-03
9.143597704025436743e-03
9.465550896414751114e-03
6.895629720024127468e-03
5.891763510256152817e-03
8.057170505389453161e-03
1.371134064341851012e-02
4.631034996225604633e-03
8.269070529659574773e-03
1.752155060901106759e-02
9.406643435465104203e-03
1.166530595842074809e-02
7.944966889596212153e-03
4.051702385009876319e-03
1.933565323444790679e-02
1.692427122108356580e-02
7.342867527255653518e-03
4.873865770479229691e-03
2.720418020084087660e-03
1.872328205531438583e-03
1.834228408117621108e-03
1.828699853417124982e-03
1.979466163050571780e-03
7.022602782429903170e-03
2.988605571917780576e-02
1.526655302969376349e-02
5.015319258174363685e-03
3.681221353940690704e-03
2.979731743274970437e-03
2.679032925121456465e-03
1.863553786709393808e-03
1.694758242774380662e-03
1.656332275512092250e-03
1.717160389770731660e-03
1.647569257374428397e-03
1.591647450522496550e-03
1.584155847411916748e-03
1.540852500445690854e-03
1.527688176895198495e-03
1.503870438878949058e-03
1.481865833161254793e-03
1.452870025072820325e-03
