9.135446548461914062e-01
9.197707772254943848e-01
9.455587267875671387e-01
9.629629850387573242e-01
9.346590638160705566e-01
9.510086178779602051e-01
9.492957592010498047e-01
9.603399634361267090e-01
9.691876769065856934e-01
9.774011373519897461e-01
9.714285731315612793e-01
9.747191071510314941e-01
9.887955188751220703e-01
9.775280952453613281e-01
9.576271176338195801e-01
9.943661689758300781e-01
9.719101190567016602e-01
9.567723274230957031e-01
9.692737460136413574e-01
9.662921428680419922e-01
9.775280952453613281e-01
9.943977594375610352e-01
9.490085244178771973e-01
9.595375657081604004e-01
9.775910377502441406e-01
9.971830844879150391e-01
1.000000000000000000e+00
1.000000000000000000e+00
1.000000000000000000e+00
1.000000000000000000e+00
9.972299337387084961e-01
9.832869172096252441e-01
9.039548039436340332e-01
9.540230035781860352e-01
9.860334992408752441e-01
9.916434288024902344e-01
9.916666746139526367e-01
9.972144961357116699e-01
1.000000000000000000e+00
1.000000000000000000e+00
1.000000000000000000e+00
1.000000000000000000e+00
1.000000000000000000e+00
1.000000000000000000e+00
1.000000000000000000e+00
1.000000000000000000e+00
1.000000000000000000e+00
1.000000000000000000e+00
1.000000000000000000e+00
1.000000000000000000e+00
