9.736841917037963867e-01
9.644820094108581543e-01
9.756302237510681152e-01
9.684210419654846191e-01
9.684873819351196289e-01
9.718841910362243652e-01
9.632290601730346680e-01
9.655751585960388184e-01
9.848739504814147949e-01
9.655172228813171387e-01
9.637589454650878906e-01
9.811083078384399414e-01
9.811715483665466309e-01
9.437631964683532715e-01
9.734401106834411621e-01
9.848866462707519531e-01
9.887123703956604004e-01
9.616519212722778320e-01
9.815899729728698730e-01
9.748427867889404297e-01
9.744769930839538574e-01
9.734960198402404785e-01
9.668624401092529297e-01
9.811241626739501953e-01
9.820459485054016113e-01
9.811003804206848145e-01
9.827004075050354004e-01
9.849182963371276855e-01
9.870129823684692383e-01
9.726545810699462891e-01
9.629161357879638672e-01
9.823973178863525391e-01
9.769198298454284668e-01
9.798995256423950195e-01
9.861866831779479980e-01
9.974905848503112793e-01
9.799498915672302246e-01
9.573400020599365234e-01
9.761306643486022949e-01
9.966499209403991699e-01
9.735959768295288086e-01
9.886981844902038574e-01
9.695070981979370117e-01
9.751683473587036133e-01
9.878863692283630371e-01
9.736621975898742676e-01
9.777870774269104004e-01
9.945675134658813477e-01
9.832705855369567871e-01
9.702056050300598145e-01
