9.562317728996276855e-01
9.508128166198730469e-01
9.679033160209655762e-01
9.587327837944030762e-01
9.608169794082641602e-01
9.654022455215454102e-01
9.499791860580444336e-01
9.587327837944030762e-01
9.770737886428833008e-01
9.570654630661010742e-01
9.533138871192932129e-01
9.741559028625488281e-01
9.774906039237976074e-01
9.303876757621765137e-01
9.624843597412109375e-01
9.779074788093566895e-01
9.858274459838867188e-01
9.512296915054321289e-01
9.779074788093566895e-01
9.691538214683532715e-01
9.708212018013000488e-01
9.645685553550720215e-01
9.608169794082641602e-01
9.749895930290222168e-01
9.804084897041320801e-01
9.737390875816345215e-01
9.708212018013000488e-01
9.799916744232177734e-01
9.820758700370788574e-01
9.637348651885986328e-01
9.524801969528198242e-01
9.770737886428833008e-01
9.704043269157409668e-01
9.754064083099365234e-01
9.820758700370788574e-01
9.941642284393310547e-01
9.779074788093566895e-01
9.541475772857666016e-01
9.716548323631286621e-01
9.920800328254699707e-01
9.683201313018798828e-01
9.845768809318542480e-01
9.674864411354064941e-01
9.658191204071044922e-01
9.858274459838867188e-01
9.708212018013000488e-01
9.724885225296020508e-01
9.920800328254699707e-01
9.799916744232177734e-01
9.637348651885986328e-01
