1.753246784210205078e-01
3.531353175640106201e-01
4.104234576225280762e-01
5.709459185600280762e-01
5.261324048042297363e-01
5.213114619255065918e-01
5.382059812545776367e-01
5.762711763381958008e-01
6.202090382575988770e-01
6.608391404151916504e-01
6.620209217071533203e-01
6.920289993286132812e-01
6.174496412277221680e-01
6.720778942108154297e-01
6.712802648544311523e-01
6.655172705650329590e-01
6.821191906929016113e-01
6.758620738983154297e-01
6.996586918830871582e-01
7.098976373672485352e-01
7.142857313156127930e-01
7.186440825462341309e-01
7.137930989265441895e-01
7.207792401313781738e-01
7.431507110595703125e-01
7.094594836235046387e-01
7.517241239547729492e-01
7.612456679344177246e-01
7.631579041481018066e-01
6.933333277702331543e-01
7.684563994407653809e-01
7.758620977401733398e-01
7.599999904632568359e-01
7.705479264259338379e-01
8.178694248199462891e-01
7.607973217964172363e-01
8.112582564353942871e-01
7.814569473266601562e-01
8.051947951316833496e-01
8.193979859352111816e-01
8.066666722297668457e-01
8.100000023841857910e-01
8.316831588745117188e-01
8.249158263206481934e-01
8.274760246276855469e-01
8.523489832878112793e-01
8.496732115745544434e-01
8.354838490486145020e-01
8.474025726318359375e-01
8.143322467803955078e-01
8.557692170143127441e-01
8.928571343421936035e-01
8.463949561119079590e-01
8.616352081298828125e-01
8.662420511245727539e-01
8.769716024398803711e-01
8.598130941390991211e-01
8.955696225166320801e-01
8.593271970748901367e-01
8.999999761581420898e-01
8.757764101028442383e-01
8.832807540893554688e-01
8.401253819465637207e-01
8.666666746139526367e-01
8.874999880790710449e-01
9.151515364646911621e-01
8.932926654815673828e-01
8.868501782417297363e-01
8.988095521926879883e-01
9.099378585815429688e-01
9.395770430564880371e-01
9.296635985374450684e-01
9.166666865348815918e-01
9.268292784690856934e-01
9.457831382751464844e-01
9.174041152000427246e-01
9.365558624267578125e-01
9.464285969734191895e-01
9.373134374618530273e-01
9.647058844566345215e-01
9.233038425445556641e-01
9.253731369972229004e-01
9.373134374618530273e-01
9.331306815147399902e-01
9.529411792755126953e-01
9.384164214134216309e-01
9.507246613502502441e-01
9.618768095970153809e-01
9.367815852165222168e-01
9.710144996643066406e-01
9.399999976158142090e-01
9.536231756210327148e-01
9.478260874748229980e-01
9.511494040489196777e-01
9.485714435577392578e-01
9.797101616859436035e-01
9.534883499145507812e-01
9.389534592628479004e-01
9.624277353286743164e-01
9.624277353286743164e-01
9.602272510528564453e-01
9.433428049087524414e-01
9.631727933883666992e-01
9.886363744735717773e-01
9.741379022598266602e-01
9.312320947647094727e-01
9.393063783645629883e-01
9.659090638160705566e-01
9.380281567573547363e-01
9.373219609260559082e-01
9.710982441902160645e-01
9.886040091514587402e-01
9.857954382896423340e-01
9.606741666793823242e-01
9.715099930763244629e-01
9.770773649215698242e-01
9.629629850387573242e-01
9.915730357170104980e-01
9.747899174690246582e-01
9.886363744735717773e-01
9.206798672676086426e-01
9.399999976158142090e-01
9.320113062858581543e-01
9.771428704261779785e-01
9.915730357170104980e-01
1.000000000000000000e+00
9.971988797187805176e-01
9.915730357170104980e-01
9.690141081809997559e-01
9.478260874748229980e-01
9.490085244178771973e-01
9.714285731315612793e-01
9.971751570701599121e-01
9.971830844879150391e-01
9.915254116058349609e-01
9.943661689758300781e-01
9.859154820442199707e-01
9.281609058380126953e-01
9.352112412452697754e-01
9.858757257461547852e-01
9.971751570701599121e-01
9.887005686759948730e-01
9.745042324066162109e-01
9.717513918876647949e-01
9.971910119056701660e-01
1.000000000000000000e+00
1.000000000000000000e+00
1.000000000000000000e+00
9.859154820442199707e-01
9.373219609260559082e-01
