9.503775835037231445e-01
9.652928709983825684e-01
9.696312546730041504e-01
9.729729890823364258e-01
9.794594645500183105e-01
9.794816374778747559e-01
9.794816374778747559e-01
9.751619696617126465e-01
9.859611392021179199e-01
9.881465435028076172e-01
9.902492165565490723e-01
9.731183052062988281e-01
9.838535785675048828e-01
9.892933368682861328e-01
9.849624037742614746e-01
9.870410561561584473e-01
9.720730185508728027e-01
9.827400445938110352e-01
9.946294426918029785e-01
9.924892783164978027e-01
9.892588853836059570e-01
9.763948321342468262e-01
9.796355962753295898e-01
9.903225898742675781e-01
9.860365390777587891e-01
9.870828986167907715e-01
9.924892783164978027e-01
9.817007780075073242e-01
9.871106147766113281e-01
9.913420081138610840e-01
9.956942796707153320e-01
9.838882684707641602e-01
9.913978576660156250e-01
9.924812316894531250e-01
9.881847500801086426e-01
9.978517889976501465e-01
9.946294426918029785e-01
9.892588853836059570e-01
9.935553073883056641e-01
9.892357587814331055e-01
9.925053715705871582e-01
9.903433322906494141e-01
9.784482717514038086e-01
9.849137663841247559e-01
9.881720542907714844e-01
9.989281892776489258e-01
1.000000000000000000e+00
9.914346933364868164e-01
9.731183052062988281e-01
9.881974458694458008e-01
