1.906666606664657593e-01
4.923504889011383057e-01
6.092544794082641602e-01
6.346396803855895996e-01
6.827160716056823730e-01
7.352941036224365234e-01
7.481662631034851074e-01
7.555012106895446777e-01
7.754854559898376465e-01
7.661388516426086426e-01
7.944711446762084961e-01
8.074162602424621582e-01
8.479042053222656250e-01
8.078292012214660645e-01
8.297872543334960938e-01
8.573155999183654785e-01
8.658109903335571289e-01
8.751472234725952148e-01
8.665077686309814453e-01
8.604651093482971191e-01
8.795749545097351074e-01
8.976744413375854492e-01
8.888888955116271973e-01
8.835294246673583984e-01
9.015063643455505371e-01
8.940092325210571289e-01
9.010356664657592773e-01
9.106728434562683105e-01
9.284877181053161621e-01
9.044879078865051270e-01
9.115250110626220703e-01
9.104477763175964355e-01
9.124423861503601074e-01
9.375722408294677734e-01
9.115250110626220703e-01
9.086705446243286133e-01
9.187934994697570801e-01
9.219288229942321777e-01
9.374275803565979004e-01
9.339513182640075684e-01
9.368541836738586426e-01
9.257990717887878418e-01
9.253731369972229004e-01
9.334098696708679199e-01
9.318955540657043457e-01
9.472476840019226074e-01
9.499999880790710449e-01
9.448275566101074219e-01
9.446952342987060547e-01
9.530892372131347656e-01
9.423077106475830078e-01
9.396355152130126953e-01
9.524348974227905273e-01
9.241071343421936035e-01
9.525959491729736328e-01
9.407069683074951172e-01
9.497143030166625977e-01
9.534620046615600586e-01
9.639639854431152344e-01
9.475484490394592285e-01
9.604966044425964355e-01
9.683257937431335449e-01
9.596864581108093262e-01
9.564245939254760742e-01
9.551569223403930664e-01
9.730033874511718750e-01
9.620111584663391113e-01
9.662162065505981445e-01
9.708192944526672363e-01
9.608501195907592773e-01
9.684684872627258301e-01
9.642457962036132812e-01
9.516853690147399902e-01
9.674157500267028809e-01
9.573512673377990723e-01
9.718785285949707031e-01
9.652855396270751953e-01
9.743303656578063965e-01
9.732441306114196777e-01
9.742729067802429199e-01
9.611973166465759277e-01
9.707536697387695312e-01
9.820828437805175781e-01
9.764837622642517090e-01
9.854260087013244629e-01
9.696969985961914062e-01
9.765625000000000000e-01
9.720982313156127930e-01
9.742729067802429199e-01
9.888888597488403320e-01
9.800884723663330078e-01
9.732441306114196777e-01
9.790055155754089355e-01
9.899777173995971680e-01
9.922222495079040527e-01
9.855715632438659668e-01
9.623059630393981934e-01
9.832589030265808105e-01
9.744444489479064941e-01
9.668508172035217285e-01
9.878721237182617188e-01
9.823399782180786133e-01
9.889502525329589844e-01
9.922480583190917969e-01
9.944506287574768066e-01
9.877368807792663574e-01
9.767441749572753906e-01
9.767699241638183594e-01
9.833333492279052734e-01
9.966850876808166504e-01
9.922480583190917969e-01
9.833887219429016113e-01
9.889502525329589844e-01
9.811320900917053223e-01
9.767955541610717773e-01
9.845814704895019531e-01
9.944444298744201660e-01
9.866962432861328125e-01
9.723145365715026855e-01
9.823788404464721680e-01
9.933920502662658691e-01
9.900771975517272949e-01
9.955995678901672363e-01
9.988962411880493164e-01
1.000000000000000000e+00
9.944751262664794922e-01
9.645232558250427246e-01
9.768211841583251953e-01
9.911308288574218750e-01
9.867109656333923340e-01
9.944629073143005371e-01
9.922651648521423340e-01
9.734219312667846680e-01
9.922566413879394531e-01
9.955752491950988770e-01
9.878453016281127930e-01
9.845474362373352051e-01
9.878721237182617188e-01
9.834070801734924316e-01
9.955801367759704590e-01
9.988962411880493164e-01
9.988974928855895996e-01
9.845814704895019531e-01
9.768467545509338379e-01
9.844617247581481934e-01
9.844961166381835938e-01
9.966850876808166504e-01
9.977924823760986328e-01
1.000000000000000000e+00
9.988986849784851074e-01
