1.091452633648091336e-01
5.034111228563346863e-02
4.380089990024498697e-02
4.083043332429558275e-02
3.743032247434194965e-02
3.230822911199358188e-02
3.417086636938215100e-02
3.102910015444838160e-02
2.673761673183061571e-02
2.594931872578860876e-02
2.952187238568123109e-02
2.311493806721576227e-02
2.295696366308145470e-02
2.528848638637641588e-02
2.231017154446658657e-02
2.177804012041703249e-02
2.218502494217525559e-02
2.122657063478090508e-02
2.136727129371205833e-02
2.265993701979231167e-02
1.926823891802854558e-02
1.796542632083188151e-02
2.105768902692268379e-02
2.095195638478736591e-02
1.822988946107261324e-02
1.880273361208114821e-02
1.824610176174692663e-02
1.773028793032448147e-02
1.951869062966858290e-02
1.584109737500009191e-02
1.747457589578241613e-02
1.742432740944987318e-02
1.487965575108835502e-02
1.536982165130503647e-02
1.684250704659420381e-02
1.377994267273840480e-02
1.143970814924418801e-02
1.543914188418463694e-02
1.324261625265450194e-02
1.422974249632420057e-02
1.299687563798640477e-02
1.311067487400980475e-02
9.693032476060702007e-03
1.011004036185111921e-02
1.420696319349500428e-02
1.142477850855950876e-02
9.683977066534748060e-03
1.132676143768722096e-02
1.165730443171741036e-02
1.266596231856520829e-02
1.044541496216454257e-02
9.270910632889591690e-03
9.908689329824858436e-03
6.847347369012300039e-03
9.220626870785815846e-03
8.015886239767972682e-03
6.975834054274487883e-03
9.778760893780789887e-03
7.794395113729044380e-03
7.766585008058425783e-03
8.118833909170763627e-03
6.764671370531673798e-03
5.723334110365442540e-03
5.715667332125752911e-03
6.022506516710816882e-03
6.186133955508804801e-03
9.533214354992207429e-03
7.325763710538527214e-03
4.074171789655395455e-03
5.470771357495527246e-03
4.945606451611714131e-03
5.596728343283341456e-03
6.754867083784868269e-03
5.966147072516448345e-03
3.718280007648545882e-03
5.149230761703736843e-03
3.912126715853234474e-03
2.753797688004730980e-03
3.897570119241100441e-03
7.462141447123908471e-03
4.419931365345280277e-03
2.496301307096892002e-03
4.296470143333143248e-03
3.589305897919778127e-03
2.040772496982856937e-03
2.072292530522182059e-03
3.157440103171000895e-03
3.660774610511714419e-03
1.658015363183062496e-03
3.935656935858926862e-03
4.823867375869088370e-03
2.511474136048074800e-03
4.078980449152147178e-03
5.709895573276283637e-03
3.931773285812656046e-03
4.819466590012950503e-03
2.414320217074883857e-03
4.662090041599353980e-03
1.750092124668678343e-03
1.067207735392117132e-03
3.211812501711999723e-03
3.092226967480715336e-03
2.354180457748405141e-03
1.944706033409276036e-03
2.355524483798121689e-03
3.144161974591407494e-03
1.403248168786635011e-03
4.632180115457970072e-03
4.288409590354457998e-03
3.769052706450847206e-03
2.457914833724472985e-03
3.332163642895026243e-03
5.682260491482645122e-03
4.923188261095681750e-03
7.128252283614563110e-03
1.509529299930078292e-03
2.453906615109137292e-03
1.497464299573345514e-03
1.001136901053779026e-03
6.841534466504928030e-04
5.957419171454491486e-03
1.714986502693407241e-03
1.959440253068294845e-03
1.979756327920730117e-03
2.240598227423095876e-03
8.771837356294431235e-04
9.278866368150358703e-04
1.226920744371717744e-03
9.876500299550604236e-04
6.420092350083148741e-03
1.321891801701213396e-03
2.049047650049437477e-03
1.514084342832751080e-03
1.748005630678291233e-03
1.507675299404247693e-03
9.173884825076252100e-04
1.004387980724855524e-03
2.628816948597732556e-04
1.475480309741632884e-03
9.879984802701480013e-04
5.046987033076976228e-03
1.641746097241689444e-03
3.483962491706548911e-03
2.236891931420762099e-03
4.362346226538333684e-03
1.904521571615210409e-03
4.701362933913075942e-03
7.866026072200274760e-04
1.377208619191757320e-03
4.207463142134871517e-04
