8.823529481887817383e-01
8.790322542190551758e-01
9.391304254531860352e-01
8.861788511276245117e-01
9.180327653884887695e-01
8.991596698760986328e-01
9.416666626930236816e-01
8.770492076873779297e-01
9.256198406219482422e-01
9.224137663841247559e-01
9.130434989929199219e-01
9.354838728904724121e-01
9.166666865348815918e-01
9.579831957817077637e-01
9.750000238418579102e-01
9.831932783126831055e-01
9.663865566253662109e-01
9.663865566253662109e-01
9.663865566253662109e-01
9.349593520164489746e-01
9.338843226432800293e-01
9.411764740943908691e-01
9.747899174690246582e-01
9.487179517745971680e-01
9.504132270812988281e-01
9.508196711540222168e-01
9.599999785423278809e-01
9.590163826942443848e-01
9.333333373069763184e-01
1.000000000000000000e+00
9.512194991111755371e-01
9.756097793579101562e-01
9.747899174690246582e-01
9.669421315193176270e-01
9.916666746139526367e-01
9.508196711540222168e-01
9.421487450599670410e-01
9.833333492279052734e-01
9.508196711540222168e-01
9.752066135406494141e-01
9.836065769195556641e-01
9.416666626930236816e-01
9.416666626930236816e-01
9.674796462059020996e-01
9.834710955619812012e-01
9.586777091026306152e-01
9.666666388511657715e-01
9.679999947547912598e-01
9.576271176338195801e-01
9.750000238418579102e-01
