2.176870703697204590e-01
4.452554881572723389e-01
5.928571224212646484e-01
5.810810923576354980e-01
5.971223115921020508e-01
6.206896305084228516e-01
6.533333063125610352e-01
6.896551847457885742e-01
6.959459185600280762e-01
6.666666865348815918e-01
7.602739930152893066e-01
7.449664473533630371e-01
6.845637559890747070e-01
7.517241239547729492e-01
7.671232819557189941e-01
7.928571701049804688e-01
8.181818127632141113e-01
7.777777910232543945e-01
8.137931227684020996e-01
7.972972989082336426e-01
8.095238208770751953e-01
7.837837934494018555e-01
8.378378152847290039e-01
8.175675868988037109e-01
8.289473652839660645e-01
8.120805621147155762e-01
8.639456033706665039e-01
8.609271645545959473e-01
8.698630332946777344e-01
8.661971688270568848e-01
8.466666936874389648e-01
8.541666865348815918e-01
8.689655065536499023e-01
8.590604066848754883e-01
8.431372642517089844e-01
8.493150472640991211e-01
8.859060406684875488e-01
8.750000000000000000e-01
9.395973086357116699e-01
9.178082346916198730e-01
8.807947039604187012e-01
9.281045794486999512e-01
9.333333373069763184e-01
9.350649118423461914e-01
9.013158082962036133e-01
9.346405267715454102e-01
9.533333182334899902e-01
9.805194735527038574e-01
9.607843160629272461e-01
9.473684430122375488e-01
9.200000166893005371e-01
9.139072895050048828e-01
9.403973221778869629e-01
8.831169009208679199e-01
9.171974658966064453e-01
9.415584206581115723e-01
9.610389471054077148e-01
9.354838728904724121e-01
9.615384340286254883e-01
9.533333182334899902e-01
9.935064911842346191e-01
9.548386931419372559e-01
9.337748289108276367e-01
9.615384340286254883e-01
9.740259647369384766e-01
9.870967864990234375e-01
9.935897588729858398e-01
9.150326848030090332e-01
9.870967864990234375e-01
9.426751732826232910e-01
9.607843160629272461e-01
9.480519294738769531e-01
9.539473652839660645e-01
9.545454382896423340e-01
9.615384340286254883e-01
9.935064911842346191e-01
9.358974099159240723e-01
9.745222926139831543e-01
9.677419066429138184e-01
9.419354796409606934e-01
9.870129823684692383e-01
9.681528806686401367e-01
9.675324559211730957e-01
9.415584206581115723e-01
9.935897588729858398e-01
1.000000000000000000e+00
1.000000000000000000e+00
9.220778942108154297e-01
9.542483687400817871e-01
9.870967864990234375e-01
9.870967864990234375e-01
9.871794581413269043e-01
9.671052694320678711e-01
9.487179517745971680e-01
9.871794581413269043e-01
9.872611761093139648e-01
1.000000000000000000e+00
1.000000000000000000e+00
9.869281053543090820e-01
9.935483932495117188e-01
9.807692170143127441e-01
9.545454382896423340e-01
9.483870863914489746e-01
9.740259647369384766e-01
9.738562107086181641e-01
9.935897588729858398e-01
9.681528806686401367e-01
9.487179517745971680e-01
9.805194735527038574e-01
9.870129823684692383e-01
1.000000000000000000e+00
1.000000000000000000e+00
1.000000000000000000e+00
9.675324559211730957e-01
9.610389471054077148e-01
9.679487347602844238e-01
9.679487347602844238e-01
9.675324559211730957e-01
9.934640526771545410e-01
9.741935729980468750e-01
1.000000000000000000e+00
1.000000000000000000e+00
1.000000000000000000e+00
1.000000000000000000e+00
9.935483932495117188e-01
9.870129823684692383e-01
9.610389471054077148e-01
9.271523356437683105e-01
9.483870863914489746e-01
9.808917045593261719e-01
9.935897588729858398e-01
1.000000000000000000e+00
1.000000000000000000e+00
1.000000000000000000e+00
9.740259647369384766e-01
9.806451797485351562e-01
1.000000000000000000e+00
1.000000000000000000e+00
1.000000000000000000e+00
1.000000000000000000e+00
1.000000000000000000e+00
1.000000000000000000e+00
1.000000000000000000e+00
1.000000000000000000e+00
1.000000000000000000e+00
1.000000000000000000e+00
1.000000000000000000e+00
1.000000000000000000e+00
1.000000000000000000e+00
1.000000000000000000e+00
