4.153494034380367239e-01
1.381823745018070648e-01
9.344862171857398758e-02
9.395097452036024754e-02
8.103230124138742496e-02
7.917139062513407766e-02
6.780390095057492461e-02
7.000148847134686492e-02
6.194861075125358135e-02
5.959963215821233867e-02
5.536585115855364309e-02
4.611854221974610868e-02
4.988240387322228492e-02
4.660706812842622948e-02
4.933833517065684682e-02
4.981265425457372109e-02
3.999819586539189731e-02
4.046372435206040813e-02
4.462650513777227657e-02
4.448731845698952053e-02
5.269830215498996773e-02
3.506320642061468845e-02
3.635101263939172211e-02
4.096657904731565436e-02
3.416197593849660402e-02
3.566137105007301245e-02
2.964532115017504132e-02
2.651881963855841351e-02
2.865673420911722669e-02
2.940778472022718276e-02
2.404664508668201070e-02
2.525242214454540002e-02
2.655793116100847728e-02
2.570980263010089542e-02
2.688386489826611811e-02
2.852288523360774555e-02
2.588629433916043998e-02
1.639565167816389377e-02
1.819958489726641176e-02
1.686077404978954600e-02
1.966626089684180359e-02
2.240845253167015466e-02
2.112659677875452016e-02
1.743874672982525381e-02
1.408737959253213677e-02
1.556486555838593709e-02
1.713388474262858910e-02
9.651941488763785340e-03
1.531402414983858498e-02
1.274589539799084355e-02
1.114984730730582060e-02
1.031426257245261768e-02
1.023035490444891213e-02
1.303461075045576727e-02
1.487396524088068807e-02
9.638699569162934369e-03
1.414317686680009734e-02
1.120735080803101497e-02
1.168604712568856521e-02
1.541877627330268813e-02
8.100136591148271795e-03
5.742602043967720386e-03
4.669950494721515459e-03
5.528282294849309712e-03
7.544124171852999855e-03
1.753076337775918980e-02
1.317363407780697444e-02
7.477717014435855333e-03
1.159907268865822440e-02
1.544022437299109526e-02
1.351863686031305398e-02
7.806778695922771127e-03
1.015571458419321088e-02
3.628035402730375898e-03
3.486071249320089188e-03
3.291056282751867595e-03
3.216833438715373597e-03
3.218470833104332667e-03
3.098890640741709234e-03
3.002182569826770345e-03
2.932620887466819148e-03
2.856893868587360562e-03
2.781304036879877258e-03
2.716934387618350454e-03
1.590100275907485941e-02
2.261924341435051986e-02
7.140944959166274815e-03
5.468685413378867634e-03
8.889001392293207141e-03
7.488423789385192757e-03
7.616363781593046486e-03
3.638608313674938227e-03
3.285989238092427295e-03
1.089947845650827973e-02
2.818286781990164171e-03
2.675821201799765368e-03
5.485548922444757544e-03
3.803531757876846969e-03
1.037111493346801021e-02
3.527103956057832043e-03
3.102089189429352561e-03
6.079783896583709248e-03
4.802683476477165314e-03
7.716331527588608970e-03
1.003693653364453806e-02
6.186106865804295689e-03
3.264249656359696078e-03
5.320211407310956701e-03
2.728123164558649526e-03
4.149897536622520339e-03
7.045013852843568479e-03
6.913241790384930772e-03
4.126792469785664150e-03
2.028314716271020172e-03
2.156817318125600191e-03
6.837778155840577507e-03
1.010269470929547365e-02
9.391240953141017853e-03
2.041131545302813169e-03
2.254194328349060344e-03
1.898837057872236524e-03
2.574886543023406377e-03
3.687442354337285184e-03
5.183457273016462558e-03
3.303593586008199932e-03
4.917873730030117643e-03
4.350459843772248349e-03
1.665888108472699664e-02
6.344165590265645957e-03
5.150735335021734349e-03
1.749277969336931072e-03
1.676433853664287873e-03
1.656022635019655182e-03
1.645301002623741557e-03
1.640546929874567425e-03
1.616842696967604352e-03
1.607418494494635341e-03
1.586656280015377729e-03
1.565663487586744541e-03
1.548424329911469955e-03
1.528850856902294999e-03
1.509272030757828446e-03
1.488001851144727262e-03
1.466860521927958270e-03
1.445048599183332066e-03
1.421006530125629858e-03
1.394253116581930119e-03
1.369349863232908505e-03
1.342144733450350560e-03
1.312057315762407911e-03
