5.769230797886848450e-02
2.243589758872985840e-01
4.102564156055450439e-01
4.358974397182464600e-01
4.871794879436492920e-01
5.192307829856872559e-01
5.576922893524169922e-01
5.384615659713745117e-01
6.089743375778198242e-01
5.897436141967773438e-01
6.153846383094787598e-01
6.858974099159240723e-01
6.410256624221801758e-01
7.115384340286254883e-01
6.474359035491943359e-01
6.282051205635070801e-01
7.435897588729858398e-01
7.692307829856872559e-01
6.794871687889099121e-01
7.051281929016113281e-01
6.794871687889099121e-01
7.884615659713745117e-01
7.692307829856872559e-01
6.858974099159240723e-01
7.692307829856872559e-01
7.307692170143127441e-01
7.884615659713745117e-01
8.012820482254028320e-01
8.012820482254028320e-01
7.884615659713745117e-01
8.461538553237915039e-01
8.461538553237915039e-01
8.141025900840759277e-01
8.461538553237915039e-01
7.884615659713745117e-01
8.012820482254028320e-01
8.269230723381042480e-01
9.038461446762084961e-01
9.038461446762084961e-01
8.782051205635070801e-01
8.525640964508056641e-01
8.653846383094787598e-01
8.525640964508056641e-01
8.525640964508056641e-01
8.846153616905212402e-01
8.974359035491943359e-01
8.974359035491943359e-01
9.487179517745971680e-01
8.974359035491943359e-01
9.166666865348815918e-01
9.166666865348815918e-01
9.423077106475830078e-01
9.294871687889099121e-01
9.230769276618957520e-01
8.974359035491943359e-01
9.487179517745971680e-01
9.038461446762084961e-01
9.423077106475830078e-01
9.230769276618957520e-01
8.846153616905212402e-01
9.551281929016113281e-01
9.871794581413269043e-01
9.871794581413269043e-01
9.807692170143127441e-01
9.807692170143127441e-01
8.589743375778198242e-01
9.102563858032226562e-01
9.615384340286254883e-01
9.294871687889099121e-01
9.166666865348815918e-01
9.230769276618957520e-01
9.358974099159240723e-01
9.423077106475830078e-01
9.935897588729858398e-01
1.000000000000000000e+00
1.000000000000000000e+00
1.000000000000000000e+00
1.000000000000000000e+00
1.000000000000000000e+00
1.000000000000000000e+00
1.000000000000000000e+00
1.000000000000000000e+00
1.000000000000000000e+00
1.000000000000000000e+00
9.294871687889099121e-01
8.461538553237915039e-01
9.487179517745971680e-01
9.551281929016113281e-01
9.487179517745971680e-01
9.230769276618957520e-01
9.487179517745971680e-01
9.807692170143127441e-01
9.871794581413269043e-01
9.358974099159240723e-01
9.935897588729858398e-01
9.871794581413269043e-01
9.807692170143127441e-01
9.871794581413269043e-01
9.358974099159240723e-01
9.935897588729858398e-01
9.871794581413269043e-01
9.743589758872985840e-01
9.743589758872985840e-01
9.423077106475830078e-01
9.487179517745971680e-01
9.615384340286254883e-01
9.743589758872985840e-01
9.615384340286254883e-01
9.871794581413269043e-01
9.871794581413269043e-01
9.615384340286254883e-01
9.743589758872985840e-01
9.743589758872985840e-01
1.000000000000000000e+00
9.935897588729858398e-01
9.551281929016113281e-01
9.679487347602844238e-01
9.423077106475830078e-01
1.000000000000000000e+00
9.935897588729858398e-01
1.000000000000000000e+00
9.935897588729858398e-01
9.743589758872985840e-01
9.807692170143127441e-01
9.743589758872985840e-01
9.615384340286254883e-01
9.871794581413269043e-01
9.294871687889099121e-01
9.551281929016113281e-01
9.807692170143127441e-01
1.000000000000000000e+00
1.000000000000000000e+00
1.000000000000000000e+00
1.000000000000000000e+00
1.000000000000000000e+00
1.000000000000000000e+00
1.000000000000000000e+00
1.000000000000000000e+00
1.000000000000000000e+00
1.000000000000000000e+00
1.000000000000000000e+00
1.000000000000000000e+00
1.000000000000000000e+00
1.000000000000000000e+00
1.000000000000000000e+00
1.000000000000000000e+00
1.000000000000000000e+00
1.000000000000000000e+00
1.000000000000000000e+00
1.000000000000000000e+00
