2.310797125101089478e-01
4.935467243194580078e-01
5.839598774909973145e-01
6.099502444267272949e-01
6.633266806602478027e-01
6.764705777168273926e-01
7.028133273124694824e-01
7.060590982437133789e-01
7.160181999206542969e-01
7.296072244644165039e-01
7.435768246650695801e-01
7.474696636199951172e-01
7.367101311683654785e-01
7.515212893486022949e-01
7.609030008316040039e-01
7.522704601287841797e-01
7.751268744468688965e-01
7.821732759475708008e-01
7.687746882438659668e-01
7.784522175788879395e-01
7.861069440841674805e-01
7.997025251388549805e-01
7.957256436347961426e-01
7.956457138061523438e-01
8.008849620819091797e-01
8.276543021202087402e-01
8.202970027923583984e-01
8.016856908798217773e-01
8.237338662147521973e-01
8.281023502349853516e-01
8.315217494964599609e-01
8.413724303245544434e-01
8.424926400184631348e-01
8.339032530784606934e-01
8.463044762611389160e-01
8.446078300476074219e-01
8.466796875000000000e-01
8.535402417182922363e-01
8.436293601989746094e-01
8.467469811439514160e-01
8.542568683624267578e-01
8.633301258087158203e-01
8.578947186470031738e-01
8.547459244728088379e-01
8.700673580169677734e-01
8.699148297309875488e-01
8.666347861289978027e-01
8.621183037757873535e-01
8.677725195884704590e-01
8.698533177375793457e-01
8.821274638175964355e-01
8.762983679771423340e-01
8.678268790245056152e-01
8.796033859252929688e-01
8.703879117965698242e-01
8.737137317657470703e-01
8.804500699043273926e-01
8.800926208496093750e-01
8.858082890510559082e-01
8.926579952239990234e-01
8.892523646354675293e-01
8.891487121582031250e-01
8.920796513557434082e-01
9.014345407485961914e-01
8.929236531257629395e-01
8.928900957107543945e-01
8.991166949272155762e-01
8.982036113739013672e-01
9.001380801200866699e-01
9.085532426834106445e-01
9.065462946891784668e-01
9.076638817787170410e-01
9.122727513313293457e-01
9.062500000000000000e-01
9.068716168403625488e-01
9.259593486785888672e-01
9.219954609870910645e-01
9.163292646408081055e-01
9.226618409156799316e-01
9.156950712203979492e-01
9.294328093528747559e-01
9.401251077651977539e-01
9.391921758651733398e-01
9.273447990417480469e-01
9.333333373069763184e-01
9.407114386558532715e-01
9.309282898902893066e-01
9.442493319511413574e-01
9.334791898727416992e-01
9.402008056640625000e-01
9.502164721488952637e-01
9.453836083412170410e-01
9.565217494964599609e-01
9.559336900711059570e-01
9.654874801635742188e-01
9.496123790740966797e-01
9.540180563926696777e-01
9.625967144966125488e-01
9.522580504417419434e-01
9.650766849517822266e-01
9.592356681823730469e-01
9.485543966293334961e-01
9.608010053634643555e-01
9.720457196235656738e-01
9.704496860504150391e-01
9.689889550209045410e-01
9.711252450942993164e-01
9.665820598602294922e-01
9.792987108230590820e-01
9.489235877990722656e-01
9.541011452674865723e-01
9.907602071762084961e-01
9.796782135963439941e-01
9.658227562904357910e-01
9.721518754959106445e-01
9.627591967582702637e-01
9.769488573074340820e-01
9.937212467193603516e-01
9.531915187835693359e-01
9.861402511596679688e-01
9.844276309013366699e-01
9.861577153205871582e-01
9.529860019683837891e-01
9.903239607810974121e-01
9.823899269104003906e-01
9.703640937805175781e-01
9.761306643486022949e-01
9.806641340255737305e-01
9.778149724006652832e-01
9.835996627807617188e-01
9.764011502265930176e-01
9.869692921638488770e-01
9.768810272216796875e-01
9.769392013549804688e-01
9.844602942466735840e-01
9.799079298973083496e-01
9.710205793380737305e-01
9.924654960632324219e-01
9.882943034172058105e-01
9.824267625808715820e-01
9.624060392379760742e-01
9.844864010810852051e-01
9.797724485397338867e-01
9.694305062294006348e-01
9.937291145324707031e-01
9.795150756835937500e-01
9.811162352561950684e-01
9.689987301826477051e-01
9.903765916824340820e-01
9.945788383483886719e-01
