5.386512856100377222e-01
2.363423230406093700e-01
1.636987883268400668e-01
1.302626921409784366e-01
1.135936212892512120e-01
1.057463449353143459e-01
9.884820381065251294e-02
8.975081454371801326e-02
8.190388957869426667e-02
9.493774974604489436e-02
8.359944336006051857e-02
7.637990784947513989e-02
6.679688488202165098e-02
7.274635144066357584e-02
6.905427849790510275e-02
6.896017167520321345e-02
7.629819457929179483e-02
6.431124410026925475e-02
6.501045628389773290e-02
6.079867988966609904e-02
5.468364385419365731e-02
5.257911290359106732e-02
5.333517794660735251e-02
5.288794207806062769e-02
4.899242973730881523e-02
4.732946860865860916e-02
4.607285111417982332e-02
4.576600944517026509e-02
4.879453941644119885e-02
4.384667311548934993e-02
4.230436918158359677e-02
4.542077178840405599e-02
3.911942424532222767e-02
4.189118435807195201e-02
3.909551573732186758e-02
4.086826425927826689e-02
3.684361740214313341e-02
3.389179798800017601e-02
3.576017086746576673e-02
3.260993602821489479e-02
3.237257718220825503e-02
2.815227693336647477e-02
3.220123348036981609e-02
2.931836457289046377e-02
3.257925244182127700e-02
2.604847183218718040e-02
2.748504671852949194e-02
2.396187406950817458e-02
2.623907003685611514e-02
2.531020467301503887e-02
2.791531998116767235e-02
2.711657235536716476e-02
2.884099192495987590e-02
1.952947355314585062e-02
2.027565647404932364e-02
2.810151908554562108e-02
2.663699159623137552e-02
1.931758811480777105e-02
1.982551611434219332e-02
1.897608673164569854e-02
1.784667883391233972e-02
1.613008710534073742e-02
1.745881598580620656e-02
1.420548344263314680e-02
2.058744420019819124e-02
1.681337171653581042e-02
1.263208011364127213e-02
1.260215730766665355e-02
1.146043912588321466e-02
1.302275915179267746e-02
1.806337360406873316e-02
1.621905723267705324e-02
1.446702757058763653e-02
9.843224382173687906e-03
1.044409404372910639e-02
1.157848878625788135e-02
1.376613812769190287e-02
1.016299539275199691e-02
1.295832286441175006e-02
1.029910386171798385e-02
1.414596020094420308e-02
9.112178878267995080e-03
1.114917540548656695e-02
7.762888012213699576e-03
5.862743592492243756e-03
9.443793638016690500e-03
1.206523089833069252e-02
9.478412616257625087e-03
1.362788215838766498e-02
8.860274584320064137e-03
5.520262867842365417e-03
1.552799916379232412e-02
1.417760501838196720e-02
1.090193967515086862e-02
6.139009865886880385e-03
4.930085934084262912e-03
3.736739921921088288e-03
2.797908883396118835e-03
6.273165793270345063e-03
1.398820664465868363e-02
7.862313667343768034e-03
7.981614605120007644e-03
7.231743465833381963e-03
8.121701677971722433e-03
7.687858865137584506e-03
1.006901023088389337e-02
1.287718801548503635e-02
4.629957175027996086e-03
5.712137584029115811e-03
5.760893449974866833e-03
5.885166407367864103e-03
7.770675227487061631e-03
4.171482397767126322e-03
5.786859191182300126e-03
3.473532591635325895e-03
1.085894455150730568e-02
1.039860406215155006e-02
7.137265899799465248e-03
5.492409391045160842e-03
3.625112405533156314e-03
6.585898380588747769e-03
4.158797277350285634e-03
5.748838956416614347e-03
3.045123819622110907e-03
3.287503104076088672e-03
6.083908323050884505e-03
6.517547834753186983e-03
5.879450613055890382e-03
6.607315948993030749e-03
4.670376840419673478e-03
1.330241356084387039e-02
5.461824363251128502e-03
4.196267862278519473e-03
5.194513360983504802e-03
4.436363865469777033e-03
3.050982493919027032e-03
2.305968009067372541e-03
1.534870744527299866e-03
1.447116898374738343e-03
1.364754843377915822e-03
1.314241724240398619e-03
1.213404505600243054e-03
9.088721732878722245e-03
2.184294850029933413e-02
9.987308757692717892e-03
2.306738169991803204e-03
3.146906691065833993e-03
1.112500218778895988e-02
5.546927736416443558e-03
5.870530211601020232e-03
