4.941860586404800415e-02
1.046511605381965637e-01
2.267441898584365845e-01
4.011628031730651855e-01
4.476744234561920166e-01
5.087209343910217285e-01
5.813953280448913574e-01
5.843023061752319336e-01
6.191860437393188477e-01
5.639534592628479004e-01
6.337209343910217285e-01
6.686046719551086426e-01
6.918604373931884766e-01
6.686046719551086426e-01
6.918604373931884766e-01
7.122092843055725098e-01
7.005813717842102051e-01
7.122092843055725098e-01
6.947674155235290527e-01
7.354651093482971191e-01
7.500000000000000000e-01
7.441860437393188477e-01
7.761628031730651855e-01
7.848837375640869141e-01
7.703488469123840332e-01
8.023256063461303711e-01
8.052325844764709473e-01
7.790697813034057617e-01
7.906976938247680664e-01
8.139534592628479004e-01
8.139534592628479004e-01
8.052325844764709473e-01
8.110465407371520996e-01
8.110465407371520996e-01
8.255813717842102051e-01
8.081395626068115234e-01
8.459302186965942383e-01
8.430232405662536621e-01
8.372092843055725098e-01
8.372092843055725098e-01
8.488371968269348145e-01
8.720930218696594238e-01
8.575581312179565430e-01
8.604651093482971191e-01
8.575581312179565430e-01
8.633720874786376953e-01
8.604651093482971191e-01
8.720930218696594238e-01
8.575581312179565430e-01
8.662790656089782715e-01
8.691860437393188477e-01
8.662790656089782715e-01
8.662790656089782715e-01
9.040697813034057617e-01
8.924418687820434570e-01
8.662790656089782715e-01
8.750000000000000000e-01
9.011628031730651855e-01
8.866279125213623047e-01
8.982558250427246094e-01
9.098837375640869141e-01
8.953488469123840332e-01
9.156976938247680664e-01
9.244186282157897949e-01
9.040697813034057617e-01
9.186046719551086426e-01
9.244186282157897949e-01
9.331395626068115234e-01
9.331395626068115234e-01
9.389534592628479004e-01
9.069767594337463379e-01
9.127907156944274902e-01
9.186046719551086426e-01
9.622092843055725098e-01
9.418604373931884766e-01
9.389534592628479004e-01
9.331395626068115234e-01
9.418604373931884766e-01
9.534883499145507812e-01
9.476743936538696289e-01
9.215116500854492188e-01
9.593023061752319336e-01
9.505813717842102051e-01
9.593023061752319336e-01
9.738371968269348145e-01
9.593023061752319336e-01
9.476743936538696289e-01
9.563953280448913574e-01
9.331395626068115234e-01
9.622092843055725098e-01
9.796511530876159668e-01
9.302325844764709473e-01
9.331395626068115234e-01
9.505813717842102051e-01
9.709302186965942383e-01
9.825581312179565430e-01
9.883720874786376953e-01
9.941860437393188477e-01
9.767441749572753906e-01
9.447674155235290527e-01
9.767441749572753906e-01
9.622092843055725098e-01
9.738371968269348145e-01
9.651162624359130859e-01
9.680232405662536621e-01
9.476743936538696289e-01
9.447674155235290527e-01
9.883720874786376953e-01
9.738371968269348145e-01
9.825581312179565430e-01
9.767441749572753906e-01
9.593023061752319336e-01
9.796511530876159668e-01
9.767441749572753906e-01
9.883720874786376953e-01
9.593023061752319336e-01
9.593023061752319336e-01
9.680232405662536621e-01
9.796511530876159668e-01
9.854651093482971191e-01
9.709302186965942383e-01
9.883720874786376953e-01
9.709302186965942383e-01
9.941860437393188477e-01
9.883720874786376953e-01
9.796511530876159668e-01
9.767441749572753906e-01
9.738371968269348145e-01
9.767441749572753906e-01
9.796511530876159668e-01
9.447674155235290527e-01
9.767441749572753906e-01
9.854651093482971191e-01
9.796511530876159668e-01
9.825581312179565430e-01
9.912790656089782715e-01
9.970930218696594238e-01
9.970930218696594238e-01
9.970930218696594238e-01
9.970930218696594238e-01
1.000000000000000000e+00
1.000000000000000000e+00
9.680232405662536621e-01
9.098837375640869141e-01
9.563953280448913574e-01
9.941860437393188477e-01
9.912790656089782715e-01
9.622092843055725098e-01
9.796511530876159668e-01
9.767441749572753906e-01
