1.546477675437927246e-01
2.242601066827774048e-01
3.318049311637878418e-01
3.947478234767913818e-01
4.493539035320281982e-01
4.539391398429870605e-01
4.789495766162872314e-01
4.852021634578704834e-01
4.927052855491638184e-01
5.114631056785583496e-01
5.097957253456115723e-01
5.152146816253662109e-01
5.343893170356750488e-01
5.202167630195617676e-01
5.318883061408996582e-01
5.510629415512084961e-01
5.402250885963439941e-01
5.231346487998962402e-01
5.448103547096252441e-01
5.660691857337951660e-01
5.660691857337951660e-01
5.669028759002685547e-01
5.764902234077453613e-01
5.810754299163818359e-01
5.731554627418518066e-01
5.852438807487487793e-01
5.719049572944641113e-01
5.952480435371398926e-01
5.960816740989685059e-01
6.106711030006408691e-01
5.969153642654418945e-01
6.090037226676940918e-01
6.115047931671142578e-01
6.115047931671142578e-01
6.265110373497009277e-01
6.223426461219787598e-01
6.215089559555053711e-01
6.294289231300354004e-01
6.306794285774230957e-01
6.431846618652343750e-01
6.431846618652343750e-01
6.477699279785156250e-01
6.540225148200988770e-01
6.498541235923767090e-01
6.723634600639343262e-01
6.427678465843200684e-01
6.694455742835998535e-01
6.644434928894042969e-01
6.715298295021057129e-01
6.640266776084899902e-01
6.656940579414367676e-01
6.756982207298278809e-01
6.781992316246032715e-01
6.744477152824401855e-01
6.907044649124145508e-01
6.936223506927490234e-01
6.844518780708312988e-01
6.957065463066101074e-01
6.844518780708312988e-01
7.069612145423889160e-01
6.990412473678588867e-01
6.948728561401367188e-01
7.052938938140869141e-01
6.973739266395568848e-01
7.140474915504455566e-01
7.094622850418090820e-01
7.228011488914489746e-01
7.336390018463134766e-01
7.253022193908691406e-01
7.261359095573425293e-01
7.273864150047302246e-01
7.198832631111145020e-01
7.211338281631469727e-01
7.390579581260681152e-01
7.457273602485656738e-01
7.365568876266479492e-01
7.444768548011779785e-01
7.473947405815124512e-01
7.624009847640991211e-01
7.448937296867370605e-01
7.640683650970458984e-01
7.669862508773803711e-01
7.632346749305725098e-01
7.678199410438537598e-01
7.703209519386291504e-01
7.615672945976257324e-01
7.690704464912414551e-01
7.736557126045227051e-01
7.761567234992980957e-01
7.815756797790527344e-01
7.982492446899414062e-01
7.924135327339172363e-01
8.020008206367492676e-01
8.111712932586669922e-01
7.894956469535827637e-01
7.957482337951660156e-01
8.261775970458984375e-01
8.295122981071472168e-01
8.153397440910339355e-01
8.257607221603393555e-01
8.324301838874816895e-01
8.474364280700683594e-01
8.378490805625915527e-01
8.311796784400939941e-01
8.432680368423461914e-01
8.536890149116516113e-01
8.420175313949584961e-01
8.641100525856018066e-01
8.753647208213806152e-01
8.624426722526550293e-01
8.786994814872741699e-01
8.703626394271850586e-01
8.778657913208007812e-01
8.695289492607116699e-01
8.878699541091918945e-01
8.987078070640563965e-01
8.920383453369140625e-01
9.016256928443908691e-01
9.037098884582519531e-01
9.070445895195007324e-01
9.078782796859741211e-01
9.078782796859741211e-01
9.082950949668884277e-01
9.228845238685607910e-01
9.266360998153686523e-01
9.333055615425109863e-01
9.262192845344543457e-01
9.283034801483154297e-01
9.220508337020874023e-01
9.412255287170410156e-01
9.295539855957031250e-01
9.370570778846740723e-01
9.462276101112365723e-01
9.412255287170410156e-01
9.370570778846740723e-01
9.591496586799621582e-01
9.520633816719055176e-01
9.387244582176208496e-01
9.583159685134887695e-01
9.649854302406311035e-01
9.599833488464355469e-01
9.483118057250976562e-01
9.699875116348266602e-01
9.645685553550720215e-01
9.399749636650085449e-01
9.520633816719055176e-01
9.745727181434631348e-01
9.545643925666809082e-01
9.595664739608764648e-01
9.633180499076843262e-01
