5.168475375870041910e-01
2.393357346996018986e-01
2.029098541443395964e-01
1.910817123085178371e-01
1.659944118697133653e-01
1.669666599963010589e-01
1.555463740032592135e-01
1.557993438854971546e-01
1.520776393454079112e-01
1.340949289689886970e-01
1.317481026946403233e-01
1.252842497917222575e-01
1.379072700269258211e-01
1.304902947238428534e-01
1.286908006918621450e-01
1.227849571355254105e-01
1.137254132219402553e-01
1.132879752152686770e-01
1.098857520557775108e-01
1.117562137156473540e-01
1.237968712456130466e-01
1.036268083745352231e-01
1.101334020901453686e-01
9.687037418225333263e-02
9.895146133002134803e-02
9.549078445665050430e-02
9.363278213433830210e-02
9.251250555920979834e-02
8.756931969978566654e-02
8.634330740620556333e-02
8.671772984401540652e-02
8.280896359212509827e-02
7.538673101456792869e-02
9.466890352342928472e-02
7.367871240552076317e-02
8.090548255411363077e-02
7.307109239268579082e-02
7.286036159206300822e-02
7.024140934652227386e-02
8.549086989505562395e-02
6.545071592427660623e-02
7.367945648854257179e-02
6.101405339801380112e-02
7.211850628730977208e-02
7.594736593092574206e-02
6.380028808002506657e-02
6.212386889259518402e-02
5.094885652249180052e-02
5.557660335250329958e-02
5.442233132774841609e-02
5.320869418321436811e-02
4.855881121764415997e-02
4.783475636262289610e-02
4.929706552667577346e-02
5.040819802626644863e-02
4.840225107456182230e-02
4.477910768190285218e-02
4.383862598392430227e-02
4.421373546161774803e-02
4.020769273622508411e-02
4.276973409213391530e-02
3.562612052379005023e-02
3.545586717608501665e-02
3.485011809330428034e-02
4.148725318380716565e-02
2.959061916118708307e-02
3.278205790137316000e-02
2.946727114478259191e-02
5.629988657657138129e-02
2.698770998367677407e-02
3.520728163550277540e-02
2.536902150896374122e-02
2.265315747185969036e-02
2.129780348349270130e-02
2.451841925631934385e-02
2.777647078733828587e-02
2.235740082088995273e-02
2.111508680769210236e-02
1.501928981246017022e-02
1.990024638037086666e-02
2.404325101659937625e-02
2.204684451215263574e-02
1.304967290495711967e-02
1.540747906731585251e-02
1.148682388922036765e-02
2.345004622685021092e-02
1.345215847345166554e-02
1.879749512209664269e-02
1.827224066913013534e-02
1.154104562980014584e-02
6.973384562632444113e-03
5.535799240942207260e-03
1.537365626593853972e-02
5.255229129749389855e-02
1.462614256573597886e-02
9.223816974899382709e-03
9.099225512159145671e-03
1.424680077314879716e-02
7.418670195999515701e-03
6.767485747131714302e-03
4.503567418607665011e-03
2.377274624204794504e-02
1.141769826441914847e-02
1.263912616544648516e-02
6.320482399594668649e-03
1.271875566836522080e-02
1.679065999983565122e-02
1.079647340297239765e-02
5.964721320099754948e-03
4.030944632151145512e-03
4.822380392832650332e-03
2.745777046359104082e-03
4.371955292629976959e-03
1.546442049848264014e-02
4.142627384176651023e-02
1.273337637724109538e-02
6.896270337752368959e-03
5.211032499501429271e-02
1.239483121377941456e-02
7.303194791295744039e-03
4.900072662645258217e-03
6.212228637294927962e-03
3.111278374823989428e-03
2.387433176670261756e-03
2.244253554823639162e-03
3.150561986700948450e-03
7.218380829212092155e-03
1.731199097333779857e-02
1.132409551842579291e-02
8.452305326222795540e-03
5.249110253314706424e-03
3.365986855380292270e-03
1.132631317076200107e-02
6.515277546775558731e-03
4.382626965246748559e-03
3.453396306621936244e-03
2.611779927801980913e-03
1.105681494443513241e-02
2.718205621809190176e-02
1.158895586133816893e-02
4.243844656764080708e-03
2.715338943116220836e-03
1.500864950960626061e-02
1.203529660743891082e-02
1.147941899243429612e-02
4.904294219190048071e-03
2.411578956987622552e-03
1.802497343671261064e-03
1.614351838350776367e-03
1.573376978203750018e-03
