9.899707436561584473e-01
9.991663098335266113e-01
9.787056446075439453e-01
9.794893264770507812e-01
9.941715002059936523e-01
9.962468743324279785e-01
9.991645812988281250e-01
9.883040785789489746e-01
9.803264737129211426e-01
9.820159077644348145e-01
9.979140758514404297e-01
9.849372506141662598e-01
9.975000023841857910e-01
9.849624037742614746e-01
9.870563745498657227e-01
9.879065752029418945e-01
9.920535087585449219e-01
9.945788383483886719e-01
9.937343597412109375e-01
9.841004014015197754e-01
9.953994154930114746e-01
9.966596961021423340e-01
9.916527271270751953e-01
9.933193922042846680e-01
9.916735887527465820e-01
9.883089661598205566e-01
9.841336011886596680e-01
9.937343597412109375e-01
9.954147338867187500e-01
9.862213134765625000e-01
9.949916601181030273e-01
9.945811033248901367e-01
9.958367943763732910e-01
9.866443872451782227e-01
9.908180236816406250e-01
9.878863692283630371e-01
9.878813028335571289e-01
9.912427067756652832e-01
9.958246350288391113e-01
9.895703196525573730e-01
9.870725870132446289e-01
9.937421679496765137e-01
9.970870018005371094e-01
9.849937558174133301e-01
9.904086589813232422e-01
9.891666769981384277e-01
9.929018616676330566e-01
9.933305382728576660e-01
9.854044914245605469e-01
9.937525987625122070e-01
