6.711409240961074829e-02
2.017543911933898926e-01
4.499999880790710449e-01
4.628099203109741211e-01
5.241935253143310547e-01
5.680000185966491699e-01
6.491228342056274414e-01
6.296296119689941406e-01
6.299212574958801270e-01
6.492537260055541992e-01
6.470588445663452148e-01
7.461538314819335938e-01
6.934306621551513672e-01
7.209302186965942383e-01
7.076923251152038574e-01
8.253968358039855957e-01
7.851851582527160645e-01
7.969924807548522949e-01
7.647058963775634766e-01
7.816901206970214844e-01
7.878788113594055176e-01
7.956204414367675781e-01
7.777777910232543945e-01
8.129496574401855469e-01
8.000000119209289551e-01
8.098591566085815430e-01
8.214285969734191895e-01
8.175182342529296875e-01
8.805969953536987305e-01
8.888888955116271973e-01
8.767123222351074219e-01
8.345323801040649414e-01
8.714285492897033691e-01
8.273381590843200684e-01
8.802816867828369141e-01
9.290780425071716309e-01
9.136690497398376465e-01
9.097222089767456055e-01
8.639456033706665039e-01
8.741258978843688965e-01
9.225352406501770020e-01
8.321678042411804199e-01
9.172413945198059082e-01
9.041095972061157227e-01
9.361702203750610352e-01
9.517241120338439941e-01
9.387755393981933594e-01
8.896551728248596191e-01
8.767123222351074219e-01
9.366196990013122559e-01
9.530201554298400879e-01
9.527027010917663574e-01
9.793103337287902832e-01
9.797297120094299316e-01
9.054054021835327148e-01
9.589040875434875488e-01
8.620689511299133301e-01
9.444444179534912109e-01
9.591836929321289062e-01
9.722222089767456055e-01
9.864864945411682129e-01
9.720279574394226074e-01
9.452054500579833984e-01
9.589040875434875488e-01
9.931507110595703125e-01
9.797297120094299316e-01
9.864864945411682129e-01
9.160839319229125977e-01
9.452054500579833984e-01
9.652777910232543945e-01
9.655172228813171387e-01
9.795918464660644531e-01
9.183673262596130371e-01
9.178082346916198730e-01
9.722222089767456055e-01
9.795918464660644531e-01
9.664429426193237305e-01
9.659863710403442383e-01
9.729729890823364258e-01
9.722222089767456055e-01
9.797297120094299316e-01
9.863945841789245605e-01
9.448275566101074219e-01
9.722222089767456055e-01
9.726027250289916992e-01
9.863013625144958496e-01
1.000000000000000000e+00
1.000000000000000000e+00
1.000000000000000000e+00
1.000000000000000000e+00
1.000000000000000000e+00
1.000000000000000000e+00
1.000000000000000000e+00
1.000000000000000000e+00
1.000000000000000000e+00
1.000000000000000000e+00
1.000000000000000000e+00
1.000000000000000000e+00
1.000000000000000000e+00
1.000000000000000000e+00
1.000000000000000000e+00
1.000000000000000000e+00
1.000000000000000000e+00
1.000000000000000000e+00
1.000000000000000000e+00
1.000000000000000000e+00
1.000000000000000000e+00
1.000000000000000000e+00
1.000000000000000000e+00
1.000000000000000000e+00
1.000000000000000000e+00
1.000000000000000000e+00
1.000000000000000000e+00
1.000000000000000000e+00
1.000000000000000000e+00
1.000000000000000000e+00
8.911564350128173828e-01
9.020978808403015137e-01
9.097222089767456055e-01
9.659863710403442383e-01
9.586206674575805664e-01
9.664429426193237305e-01
9.931507110595703125e-01
9.931972622871398926e-01
9.795918464660644531e-01
9.795918464660644531e-01
9.795918464660644531e-01
9.726027250289916992e-01
9.794520735740661621e-01
9.724137783050537109e-01
9.591836929321289062e-01
9.315068721771240234e-01
9.863945841789245605e-01
9.931972622871398926e-01
1.000000000000000000e+00
1.000000000000000000e+00
1.000000000000000000e+00
1.000000000000000000e+00
1.000000000000000000e+00
1.000000000000000000e+00
1.000000000000000000e+00
9.932432174682617188e-01
1.000000000000000000e+00
1.000000000000000000e+00
1.000000000000000000e+00
1.000000000000000000e+00
1.000000000000000000e+00
1.000000000000000000e+00
1.000000000000000000e+00
1.000000000000000000e+00
