6.802721321582794189e-02
1.564625799655914307e-01
3.673469424247741699e-01
3.809523880481719971e-01
4.421768784523010254e-01
4.829931855201721191e-01
5.034013390541076660e-01
5.782312750816345215e-01
5.442177057266235352e-01
5.918367505073547363e-01
5.986394286155700684e-01
6.598639488220214844e-01
6.462585330009460449e-01
6.326530575752258301e-01
6.258503198623657227e-01
7.074829936027526855e-01
7.210884094238281250e-01
7.210884094238281250e-01
7.074829936027526855e-01
7.551020383834838867e-01
7.074829936027526855e-01
7.414966225624084473e-01
7.142857313156127930e-01
7.687074542045593262e-01
7.619047760963439941e-01
7.823129296302795410e-01
7.823129296302795410e-01
7.619047760963439941e-01
8.027210831642150879e-01
8.707482814788818359e-01
8.707482814788818359e-01
7.891156673431396484e-01
8.299319744110107422e-01
7.823129296302795410e-01
8.503401279449462891e-01
8.911564350128173828e-01
8.639456033706665039e-01
8.911564350128173828e-01
8.639456033706665039e-01
8.503401279449462891e-01
8.911564350128173828e-01
8.095238208770751953e-01
9.047619104385375977e-01
8.979591727256774902e-01
8.979591727256774902e-01
9.387755393981933594e-01
9.387755393981933594e-01
8.775510191917419434e-01
8.707482814788818359e-01
9.047619104385375977e-01
9.659863710403442383e-01
9.591836929321289062e-01
9.659863710403442383e-01
9.863945841789245605e-01
9.115646481513977051e-01
9.523809552192687988e-01
8.503401279449462891e-01
9.251700639724731445e-01
9.591836929321289062e-01
9.523809552192687988e-01
9.931972622871398926e-01
9.455782175064086914e-01
9.387755393981933594e-01
9.523809552192687988e-01
9.863945841789245605e-01
9.863945841789245605e-01
9.931972622871398926e-01
8.911564350128173828e-01
9.387755393981933594e-01
9.455782175064086914e-01
9.523809552192687988e-01
9.795918464660644531e-01
9.183673262596130371e-01
9.115646481513977051e-01
9.523809552192687988e-01
9.795918464660644531e-01
9.795918464660644531e-01
9.659863710403442383e-01
9.795918464660644531e-01
9.523809552192687988e-01
9.863945841789245605e-01
9.863945841789245605e-01
9.319728016853332520e-01
9.523809552192687988e-01
9.659863710403442383e-01
9.795918464660644531e-01
1.000000000000000000e+00
1.000000000000000000e+00
1.000000000000000000e+00
1.000000000000000000e+00
1.000000000000000000e+00
1.000000000000000000e+00
1.000000000000000000e+00
1.000000000000000000e+00
1.000000000000000000e+00
1.000000000000000000e+00
1.000000000000000000e+00
1.000000000000000000e+00
1.000000000000000000e+00
1.000000000000000000e+00
1.000000000000000000e+00
1.000000000000000000e+00
1.000000000000000000e+00
1.000000000000000000e+00
1.000000000000000000e+00
1.000000000000000000e+00
1.000000000000000000e+00
1.000000000000000000e+00
1.000000000000000000e+00
1.000000000000000000e+00
1.000000000000000000e+00
1.000000000000000000e+00
1.000000000000000000e+00
1.000000000000000000e+00
1.000000000000000000e+00
1.000000000000000000e+00
8.911564350128173828e-01
8.775510191917419434e-01
8.911564350128173828e-01
9.659863710403442383e-01
9.455782175064086914e-01
9.795918464660644531e-01
9.863945841789245605e-01
9.931972622871398926e-01
9.795918464660644531e-01
9.795918464660644531e-01
9.795918464660644531e-01
9.659863710403442383e-01
9.727891087532043457e-01
9.591836929321289062e-01
9.591836929321289062e-01
9.251700639724731445e-01
9.863945841789245605e-01
9.931972622871398926e-01
9.931972622871398926e-01
1.000000000000000000e+00
1.000000000000000000e+00
1.000000000000000000e+00
1.000000000000000000e+00
1.000000000000000000e+00
1.000000000000000000e+00
1.000000000000000000e+00
1.000000000000000000e+00
1.000000000000000000e+00
1.000000000000000000e+00
1.000000000000000000e+00
1.000000000000000000e+00
1.000000000000000000e+00
1.000000000000000000e+00
1.000000000000000000e+00
