3.485032157083257920e-02
2.657543980153863686e-02
2.162510491628515802e-02
2.069469387132268773e-02
1.422837923354263248e-02
2.016082465769059723e-02
1.447295515631812426e-02
1.546758496161456178e-02
1.883366170647855081e-02
1.170796897596529731e-02
1.174856779381721998e-02
7.114718682274834630e-03
3.423817797704036946e-03
1.075179546023938455e-02
1.337090346246432547e-02
1.012625426188802115e-02
2.424580652455953986e-02
8.133673994353302072e-03
6.054333189309810299e-03
3.377766646669466168e-03
8.746638419270716391e-03
2.125063619131093914e-02
1.160540751420604567e-02
2.769746101200524536e-03
4.234782584194800477e-03
6.137538951336480621e-03
7.918697025420131860e-03
1.596899570583825909e-02
8.753787733689392947e-03
6.069337940749231289e-03
4.950888096861284261e-03
4.427395637879583991e-03
1.780132812975642126e-03
1.293665833837576292e-03
3.408180623784973131e-03
1.479319506954075887e-02
1.562351391046412283e-02
5.125905802030056128e-03
6.094049971740793555e-03
4.662410054938418910e-03
5.906351358592728217e-03
1.007460301780660310e-02
6.484749971405745494e-03
3.851530398742414665e-03
1.193731127520868650e-02
2.938545388343353874e-03
8.034777907901954896e-03
7.405789822373887166e-03
8.281846762758731870e-03
9.898649626388679457e-03
