9.431939721107482910e-01
9.528403282165527344e-01
9.657020568847656250e-01
9.581993818283081055e-01
9.624866247177124023e-01
9.614148139953613281e-01
9.732047319412231445e-01
9.657020568847656250e-01
9.539121389389038086e-01
9.732047319412231445e-01
9.710611104965209961e-01
9.849946498870849609e-01
9.946409463882446289e-01
9.732047319412231445e-01
9.753483533859252930e-01
9.785637855529785156e-01
9.474812150001525879e-01
9.753483533859252930e-01
9.860664606094360352e-01
9.914255142211914062e-01
9.785637855529785156e-01
9.571275711059570312e-01
9.710611104965209961e-01
9.946409463882446289e-01
9.946409463882446289e-01
9.849946498870849609e-01
9.807074069976806641e-01
9.710611104965209961e-01
9.774919748306274414e-01
9.860664606094360352e-01
9.871382713317871094e-01
9.892818927764892578e-01
9.978563785552978516e-01
1.000000000000000000e+00
9.957127571105957031e-01
9.678456783294677734e-01
9.699892997741699219e-01
9.860664606094360352e-01
9.828510284423828125e-01
9.903537034988403320e-01
9.882100820541381836e-01
9.817792177200317383e-01
9.871382713317871094e-01
9.882100820541381836e-01
9.753483533859252930e-01
9.946409463882446289e-01
9.785637855529785156e-01
9.807074069976806641e-01
9.796355962753295898e-01
9.785637855529785156e-01
