8.290043473243713379e-01
8.744588494300842285e-01
8.809523582458496094e-01
9.090909361839294434e-01
9.242424368858337402e-01
9.069263935089111328e-01
9.393939375877380371e-01
9.155844449996948242e-01
9.545454382896423340e-01
9.718614816665649414e-01
9.588744640350341797e-01
9.610389471054077148e-01
9.112554192543029785e-01
9.567099809646606445e-01
9.675324559211730957e-01
9.718614816665649414e-01
9.112554192543029785e-01
9.480519294738769531e-01
9.415584206581115723e-01
9.199134111404418945e-01
9.740259647369384766e-01
9.891774654388427734e-01
9.913420081138610840e-01
1.000000000000000000e+00
1.000000000000000000e+00
1.000000000000000000e+00
1.000000000000000000e+00
1.000000000000000000e+00
1.000000000000000000e+00
1.000000000000000000e+00
9.978355169296264648e-01
8.290043473243713379e-01
8.614718317985534668e-01
9.285714030265808105e-01
9.783549904823303223e-01
9.545454382896423340e-01
9.935064911842346191e-01
1.000000000000000000e+00
1.000000000000000000e+00
1.000000000000000000e+00
9.978355169296264648e-01
9.632034897804260254e-01
9.134199023246765137e-01
9.567099809646606445e-01
9.848484992980957031e-01
9.978355169296264648e-01
9.978355169296264648e-01
1.000000000000000000e+00
1.000000000000000000e+00
9.978355169296264648e-01
