8.993288874626159668e-01
9.391891956329345703e-01
9.459459185600280762e-01
9.463087320327758789e-01
9.102563858032226562e-01
9.662162065505981445e-01
9.735099077224731445e-01
9.867549538612365723e-01
9.545454382896423340e-01
9.733333587646484375e-01
9.350649118423461914e-01
9.671052694320678711e-01
9.866666793823242188e-01
9.933775067329406738e-01
1.000000000000000000e+00
1.000000000000000000e+00
1.000000000000000000e+00
9.215686321258544922e-01
9.668874144554138184e-01
9.354838728904724121e-01
9.261745214462280273e-01
9.671052694320678711e-01
9.868420958518981934e-01
9.867549538612365723e-01
9.801324605941772461e-01
1.000000000000000000e+00
1.000000000000000000e+00
1.000000000000000000e+00
1.000000000000000000e+00
1.000000000000000000e+00
1.000000000000000000e+00
1.000000000000000000e+00
1.000000000000000000e+00
1.000000000000000000e+00
1.000000000000000000e+00
1.000000000000000000e+00
1.000000000000000000e+00
1.000000000000000000e+00
1.000000000000000000e+00
1.000000000000000000e+00
1.000000000000000000e+00
1.000000000000000000e+00
1.000000000000000000e+00
1.000000000000000000e+00
1.000000000000000000e+00
1.000000000000000000e+00
1.000000000000000000e+00
8.807947039604187012e-01
8.618420958518981934e-01
9.599999785423278809e-01
