1.000000014901161194e-01
1.818181872367858887e-01
4.807692170143127441e-01
5.714285969734191895e-01
6.527777910232543945e-01
5.853658318519592285e-01
6.590909361839294434e-01
6.344085931777954102e-01
6.842105388641357422e-01
7.241379022598266602e-01
7.653061151504516602e-01
7.346938848495483398e-01
7.653061151504516602e-01
7.572815418243408203e-01
7.755101919174194336e-01
7.766990065574645996e-01
8.113207817077636719e-01
8.787878751754760742e-01
8.301886916160583496e-01
7.592592835426330566e-01
8.113207817077636719e-01
7.837837934494018555e-01
8.000000119209289551e-01
6.964285969734191895e-01
7.692307829856872559e-01
8.055555820465087891e-01
8.425925970077514648e-01
8.407079577445983887e-01
7.909091114997863770e-01
8.508771657943725586e-01
8.571428656578063965e-01
8.468468189239501953e-01
8.623853325843811035e-01
8.319327831268310547e-01
8.545454740524291992e-01
8.482142686843872070e-01
8.660714030265808105e-01
8.151260614395141602e-01
8.793103694915771484e-01
8.508771657943725586e-01
8.974359035491943359e-01
9.145299196243286133e-01
8.666666746139526367e-01
9.327731132507324219e-01
8.655462265014648438e-01
8.869565129280090332e-01
9.115044474601745605e-01
8.799999952316284180e-01
9.396551847457885742e-01
8.803418874740600586e-01
8.823529481887817383e-01
8.750000000000000000e-01
9.322034120559692383e-01
8.503937125205993652e-01
9.069767594337463379e-01
9.008264541625976562e-01
8.974359035491943359e-01
9.285714030265808105e-01
8.760330677032470703e-01
9.586777091026306152e-01
9.512194991111755371e-01
8.759689927101135254e-01
8.925619721412658691e-01
9.349593520164489746e-01
9.440000057220458984e-01
8.799999952316284180e-01
9.512194991111755371e-01
9.674796462059020996e-01
9.512194991111755371e-01
9.224806427955627441e-01
9.354838728904724121e-01
9.430894255638122559e-01
9.516128897666931152e-01
9.444444179534912109e-01
9.370078444480895996e-01
9.590163826942443848e-01
9.603174328804016113e-01
9.689922332763671875e-01
9.236640930175781250e-01
9.516128897666931152e-01
9.534883499145507812e-01
9.609375000000000000e-01
9.274193644523620605e-01
9.687500000000000000e-01
9.921259880065917969e-01
9.679999947547912598e-01
9.534883499145507812e-01
9.687500000000000000e-01
9.398496150970458984e-01
9.606299400329589844e-01
9.384615421295166016e-01
9.694656729698181152e-01
9.769230484962463379e-01
9.689922332763671875e-01
9.453125000000000000e-01
9.457364082336425781e-01
9.461538195610046387e-01
9.679999947547912598e-01
8.769230842590332031e-01
9.457364082336425781e-01
9.682539701461791992e-01
9.769230484962463379e-01
9.453125000000000000e-01
9.612402915954589844e-01
9.609375000000000000e-01
9.848484992980957031e-01
9.769230484962463379e-01
9.218750000000000000e-01
9.701492786407470703e-01
9.694656729698181152e-01
9.923076629638671875e-01
9.921875000000000000e-01
9.692307710647583008e-01
9.365079402923583984e-01
9.302325844764709473e-01
9.692307710647583008e-01
9.847328066825866699e-01
9.531250000000000000e-01
1.000000000000000000e+00
9.692307710647583008e-01
9.769230484962463379e-01
9.606299400329589844e-01
9.621211886405944824e-01
9.694656729698181152e-01
9.772727489471435547e-01
9.694656729698181152e-01
9.844961166381835938e-01
9.615384340286254883e-01
9.923076629638671875e-01
9.846153855323791504e-01
1.000000000000000000e+00
1.000000000000000000e+00
9.531250000000000000e-01
9.618320465087890625e-01
9.545454382896423340e-01
9.689922332763671875e-01
9.696969985961914062e-01
1.000000000000000000e+00
9.696969985961914062e-01
9.924242496490478516e-01
9.772727489471435547e-01
9.847328066825866699e-01
9.846153855323791504e-01
9.473684430122375488e-01
9.922480583190917969e-01
9.689922332763671875e-01
9.923076629638671875e-01
9.772727489471435547e-01
9.847328066825866699e-01
9.848484992980957031e-01
