3.795926962955368800e-01
1.266237678033662051e-01
1.038942221330287213e-01
9.093286457766144859e-02
7.165547281976181182e-02
7.292984545011900466e-02
6.915001188277368482e-02
6.219459251894659396e-02
5.391492452313986772e-02
5.445954884702811083e-02
4.715459064306073284e-02
5.130485121134815280e-02
6.130437549759690935e-02
4.258775062807198392e-02
4.170464562383254664e-02
4.610566970044480822e-02
4.453240202600100561e-02
4.362276894287461793e-02
3.069923099703735295e-02
3.556115136028765306e-02
3.745497910382207529e-02
3.163803980757078083e-02
2.817549743622610459e-02
3.240680062606043216e-02
3.041021891258086432e-02
3.201906790788309337e-02
2.625675481000060846e-02
2.390323485963029293e-02
2.565489845150146705e-02
2.477066277627878663e-02
2.002621720107783734e-02
1.791859617815493369e-02
2.301513331770113288e-02
2.072917339258754585e-02
2.395973218589076206e-02
1.487879390912584185e-02
3.065594051779468865e-02
1.393137256523388316e-02
1.366508968479856513e-02
1.363251935179242251e-02
1.656613328219704723e-02
3.010815562830182132e-02
1.637864448072508250e-02
1.662929543947306785e-02
1.207241036677812220e-02
1.474169324017479167e-02
2.714790002142539529e-02
1.231017424951884494e-02
1.458666575042572716e-02
1.032029580950091611e-02
7.419370626562548157e-03
1.447738680451221040e-02
1.384335043224270596e-02
1.132202809907017702e-02
8.955521298369302496e-03
1.355974753232412101e-02
1.228776085604636227e-02
1.311885851542685111e-02
5.678300732099908314e-03
9.872772891509468823e-03
6.782178061870945684e-03
1.348111771691046061e-02
1.026929149761427254e-02
1.782827465438441630e-02
7.037851865470339842e-03
4.876942653461069539e-03
7.453201797827559670e-03
9.755770504951464736e-03
1.430943884583563142e-02
1.039174005024751622e-02
7.710890976275617398e-03
8.433173025424511859e-03
5.399105535230937225e-03
6.275594777377914435e-03
3.413216350456067111e-03
8.032280466629498211e-03
8.678082961586217059e-03
9.708551503069647731e-03
7.319862183258340690e-03
9.319508458867276426e-03
6.455036341367550480e-03
5.200943122499053842e-03
8.027055499029373334e-03
4.396879878248054381e-03
6.698908151414789507e-03
5.451431538087113567e-03
4.012585053622307919e-03
1.697752106184253693e-02
7.855102948539034735e-03
2.730642601866375887e-03
3.494991253368550776e-03
1.015814382378343352e-02
3.686391069623659502e-03
2.046875487645686068e-03
7.407864417242605165e-03
1.087918908231548173e-02
4.897888083038282395e-03
7.669407873445429312e-03
1.559103306821185177e-02
4.992886264815679133e-03
2.598126772546251878e-03
2.089892868788110342e-03
2.044389223354333481e-03
1.784763386532843034e-03
1.746194413196863185e-03
1.679619053041609984e-03
1.642918098776990866e-03
1.623679847133829282e-03
1.575990011721088930e-03
1.541419127057122888e-03
1.508144585524483390e-03
1.464957624082493170e-03
1.433264343583004127e-03
1.391533793908906200e-03
1.351802135376174718e-03
1.317683929845414039e-03
1.272452004615445050e-03
1.233409193278868802e-03
1.191895443867612477e-03
1.151460555489394700e-03
1.109495530501353839e-03
1.068311107790779080e-03
1.026881984485441407e-03
9.863015210431729917e-04
9.447440839237882405e-04
9.049371714388255647e-04
4.211299739461478453e-02
5.595811249973498512e-03
3.926575211914327089e-03
3.600986019513020137e-03
1.962493973289315945e-03
1.004596466626410216e-03
1.083268811177153955e-03
3.528521287547423113e-03
2.087727250693018587e-03
1.908410891922218081e-03
1.558733035726379184e-03
2.508982972031976490e-03
5.571247440419244135e-03
1.766860847963180187e-02
2.738834284292786247e-03
8.782000244992705469e-04
8.806841662592973042e-04
1.121644120152365471e-03
4.611313917876883571e-03
4.500071120528362049e-03
5.582113080733287769e-03
1.858462598725824956e-03
5.090931244401588306e-03
7.835228678306502617e-04
