4.724409431219100952e-02
2.283464521169662476e-01
3.070866167545318604e-01
4.566929042339324951e-01
4.645669162273406982e-01
4.881889820098876953e-01
5.039370059967041016e-01
5.118110179901123047e-01
6.220472455024719238e-01
5.748031735420227051e-01
6.062992215156555176e-01
5.826771855354309082e-01
5.669291615486145020e-01
6.771653294563293457e-01
6.692913174629211426e-01
6.299212574958801270e-01
6.692913174629211426e-01
6.141732335090637207e-01
7.480314970016479492e-01
7.322834730148315430e-01
7.322834730148315430e-01
7.480314970016479492e-01
7.795275449752807617e-01
7.244094610214233398e-01
7.874015569686889648e-01
7.401574850082397461e-01
8.031495809555053711e-01
7.952755689620971680e-01
8.188976645469665527e-01
8.267716765403747559e-01
8.503937125205993652e-01
8.503937125205993652e-01
8.031495809555053711e-01
8.346456885337829590e-01
8.188976645469665527e-01
8.976377844810485840e-01
7.637795209884643555e-01
8.976377844810485840e-01
9.133858084678649902e-01
9.055117964744567871e-01
8.661417365074157715e-01
8.031495809555053711e-01
8.740157485008239746e-01
8.818897604942321777e-01
9.133858084678649902e-01
8.976377844810485840e-01
7.874015569686889648e-01
9.055117964744567871e-01
8.740157485008239746e-01
9.291338324546813965e-01
9.685039520263671875e-01
8.661417365074157715e-01
8.818897604942321777e-01
9.212598204612731934e-01
9.448819160461425781e-01
9.055117964744567871e-01
8.976377844810485840e-01
9.055117964744567871e-01
9.685039520263671875e-01
8.897637724876403809e-01
9.527559280395507812e-01
9.055117964744567871e-01
8.976377844810485840e-01
8.582677245140075684e-01
9.448819160461425781e-01
9.842519760131835938e-01
9.606299400329589844e-01
9.212598204612731934e-01
8.582677245140075684e-01
9.133858084678649902e-01
9.448819160461425781e-01
9.291338324546813965e-01
9.527559280395507812e-01
9.527559280395507812e-01
9.921259880065917969e-01
9.606299400329589844e-01
9.291338324546813965e-01
9.055117964744567871e-01
9.370078444480895996e-01
9.212598204612731934e-01
9.606299400329589844e-01
9.763779640197753906e-01
9.291338324546813965e-01
9.606299400329589844e-01
9.527559280395507812e-01
9.606299400329589844e-01
9.842519760131835938e-01
8.897637724876403809e-01
9.370078444480895996e-01
9.921259880065917969e-01
9.842519760131835938e-01
9.133858084678649902e-01
9.763779640197753906e-01
1.000000000000000000e+00
9.370078444480895996e-01
9.291338324546813965e-01
9.763779640197753906e-01
9.527559280395507812e-01
8.346456885337829590e-01
9.685039520263671875e-01
9.921259880065917969e-01
1.000000000000000000e+00
9.921259880065917969e-01
1.000000000000000000e+00
1.000000000000000000e+00
1.000000000000000000e+00
1.000000000000000000e+00
1.000000000000000000e+00
1.000000000000000000e+00
1.000000000000000000e+00
1.000000000000000000e+00
1.000000000000000000e+00
1.000000000000000000e+00
1.000000000000000000e+00
1.000000000000000000e+00
1.000000000000000000e+00
1.000000000000000000e+00
1.000000000000000000e+00
1.000000000000000000e+00
1.000000000000000000e+00
1.000000000000000000e+00
1.000000000000000000e+00
1.000000000000000000e+00
1.000000000000000000e+00
1.000000000000000000e+00
1.000000000000000000e+00
7.952755689620971680e-01
9.448819160461425781e-01
9.606299400329589844e-01
9.685039520263671875e-01
9.842519760131835938e-01
1.000000000000000000e+00
9.921259880065917969e-01
9.606299400329589844e-01
9.763779640197753906e-01
9.842519760131835938e-01
9.842519760131835938e-01
9.842519760131835938e-01
9.370078444480895996e-01
8.740157485008239746e-01
9.842519760131835938e-01
1.000000000000000000e+00
1.000000000000000000e+00
9.921259880065917969e-01
9.763779640197753906e-01
9.606299400329589844e-01
9.370078444480895996e-01
9.921259880065917969e-01
9.527559280395507812e-01
1.000000000000000000e+00
