5.705442701077072520e-01
2.750594257409735288e-01
2.290800145543940292e-01
1.928679073346681039e-01
1.755040130627478767e-01
1.657750880632856971e-01
1.594414557704173230e-01
1.357884215524499394e-01
1.272191650550454356e-01
1.205697863600387054e-01
1.115520424132656202e-01
1.028602879650292595e-01
9.873439833504993324e-02
9.790697727918265536e-02
9.394434445488129837e-02
8.900204473313770570e-02
8.099151934615360371e-02
8.153906033437206824e-02
8.241748983680055596e-02
7.344910980978418269e-02
7.580519753974808428e-02
7.241666225995201100e-02
7.113976558895772351e-02
6.843531713089065494e-02
6.326531659358185233e-02
6.538932490384763430e-02
6.059133125756243493e-02
5.975511864261597028e-02
5.835677984044590483e-02
5.774454219337683131e-02
5.408322636193928917e-02
5.140440556288462109e-02
4.846384469932243921e-02
5.397595863184118103e-02
5.062618176482654164e-02
5.311279970656868077e-02
4.429295284447498648e-02
4.765730320991680424e-02
4.627640875540126042e-02
4.499111150030174477e-02
4.301698479142855580e-02
4.577741577696157332e-02
3.929134694142551176e-02
3.723096040270933160e-02
3.225239147992065014e-02
3.920463610439088586e-02
3.812810027549907305e-02
3.481813572881455043e-02
3.107861050454105434e-02
3.103141821962997204e-02
2.822988490632686448e-02
2.965540109276687195e-02
2.966175814518333745e-02
2.793352140697850233e-02
2.972680375519178020e-02
2.815365803400261824e-02
3.068983259709475234e-02
2.420019034676806902e-02
2.077473484157330713e-02
2.403927142993373886e-02
2.860835718417163026e-02
2.332349994932110190e-02
2.078445080335645373e-02
2.026190567987030608e-02
1.850842609204691666e-02
1.767365950629426821e-02
2.521517399719207589e-02
1.954521590800267078e-02
1.549905062794595424e-02
1.683938374393224510e-02
1.620100802775996038e-02
2.167480421216391034e-02
1.619917598735194295e-02
1.953810498755898309e-02
1.603055404896907080e-02
1.123944929814267406e-02
1.842594557251153384e-02
1.364583236379833184e-02
1.450839664731237884e-02
1.446330618521193649e-02
1.238065953247103126e-02
1.257628694380630990e-02
1.087697270892201001e-02
1.085896182891656764e-02
9.688061429205207381e-03
9.030503848121075594e-03
1.543737794330523987e-02
1.600969263843565749e-02
1.180196623100249372e-02
6.330662190315972972e-03
1.316651026188240398e-02
1.555607350893484404e-02
1.735584298111891507e-02
1.175281424122756081e-02
1.596430405915412465e-02
9.143737044088511359e-03
9.223678467926543778e-03
6.972309738089380732e-03
4.030755424996310295e-03
6.750522435846736426e-03
4.276304677566895689e-03
1.031035148960605247e-02
1.548159532687780164e-02
1.004660239213599551e-02
1.129272057272176499e-02
1.658850177119233771e-02
6.861256135580587161e-03
5.983198513292671723e-03
4.354688926409302357e-03
4.400568605810291356e-03
7.652312282861104854e-03
1.035240285419407845e-02
9.659237327082927788e-03
1.250377321402379796e-02
8.002633862323775202e-03
3.167372947218949006e-03
2.327032013990397961e-03
2.538426704806564550e-03
7.362500251728242538e-03
1.723712653315198282e-02
5.387040654487298616e-03
1.620754599546654975e-02
5.675771109769636551e-03
7.848356822888232290e-03
5.766041349876591636e-03
4.837900776640030077e-03
2.449964861449765476e-03
3.344827291416688827e-03
1.463424573910288885e-02
2.016876726808841669e-02
4.871755469937257693e-03
1.227569594216465325e-02
7.072708539944177510e-03
6.257336315706995764e-03
9.284560064705495164e-03
2.443259612245002668e-03
2.608075967378692406e-03
1.935162171807464559e-03
2.091966028322802228e-03
1.850061200106642260e-03
1.780975170412809694e-03
1.796722343480063565e-03
1.968548196667009934e-02
6.424153494017456438e-03
5.166457530603942028e-03
3.342408803870842993e-03
1.402359080065253803e-02
2.950546797573821989e-02
4.630663872645908799e-03
2.684556441148128712e-03
