2.399999946355819702e-01
5.460122823715209961e-01
6.066584587097167969e-01
6.464285850524902344e-01
6.875000000000000000e-01
7.076735496520996094e-01
7.312722802162170410e-01
7.651966810226440430e-01
7.920094132423400879e-01
8.026004433631896973e-01
8.111239671707153320e-01
8.219653367996215820e-01
8.296383023262023926e-01
8.463302850723266602e-01
8.456299901008605957e-01
8.521046638488769531e-01
8.791714906692504883e-01
8.715909123420715332e-01
8.764302134513854980e-01
8.916761875152587891e-01
8.804100155830383301e-01
8.897727131843566895e-01
8.921679854393005371e-01
9.126891493797302246e-01
9.002267718315124512e-01
9.050343036651611328e-01
9.056179523468017578e-01
9.109588861465454102e-01
9.125993251800537109e-01
9.135380983352661133e-01
9.300458431243896484e-01
9.222972989082336426e-01
9.302586913108825684e-01
9.304447174072265625e-01
9.315375685691833496e-01
9.189497828483581543e-01
9.357384443283081055e-01
9.235954880714416504e-01
9.309954643249511719e-01
9.358108043670654297e-01
9.379232525825500488e-01
9.268018007278442383e-01
9.417693018913269043e-01
9.439461827278137207e-01
9.466073513031005859e-01
9.320712685585021973e-01
9.440089464187622070e-01
9.508928656578063965e-01
9.534883499145507812e-01
9.490022063255310059e-01
9.530201554298400879e-01
9.501108527183532715e-01
9.535911679267883301e-01
9.609375000000000000e-01
9.523809552192687988e-01
9.515418410301208496e-01
9.459757208824157715e-01
9.614537358283996582e-01
9.821228981018066406e-01
9.656319022178649902e-01
9.589345455169677734e-01
9.625962376594543457e-01
9.661940932273864746e-01
9.711751937866210938e-01
9.714912176132202148e-01
9.737704992294311523e-01
9.508196711540222168e-01
9.758771657943725586e-01
9.802414774894714355e-01
9.790979027748107910e-01
9.758507013320922852e-01
9.609120488166809082e-01
9.790979027748107910e-01
9.604395627975463867e-01
9.684095978736877441e-01
9.868708848953247070e-01
9.759036302566528320e-01
9.791894555091857910e-01
9.760348796844482422e-01
9.802847504615783691e-01
9.835526347160339355e-01
9.814410209655761719e-01
9.857767820358276367e-01
9.868708848953247070e-01
9.923580884933471680e-01
9.859002232551574707e-01
9.768977165222167969e-01
9.760087132453918457e-01
9.836423397064208984e-01
9.967319965362548828e-01
9.760348796844482422e-01
9.739413857460021973e-01
9.652928709983825684e-01
9.793702363967895508e-01
9.737130403518676758e-01
9.847991466522216797e-01
9.858695864677429199e-01
9.902279973030090332e-01
9.967497587203979492e-01
9.902597665786743164e-01
9.945945739746093750e-01
9.836601018905639648e-01
9.674620628356933594e-01
9.847660660743713379e-01
9.836065769195556641e-01
9.738562107086181641e-01
9.902279973030090332e-01
9.913232326507568359e-01
9.967426657676696777e-01
9.956616163253784180e-01
9.869989156723022461e-01
9.815217256546020508e-01
9.815618395805358887e-01
9.814814925193786621e-01
9.848320484161376953e-01
9.989153742790222168e-01
1.000000000000000000e+00
9.989177584648132324e-01
9.891774654388427734e-01
9.728555679321289062e-01
9.924077987670898438e-01
9.802847504615783691e-01
9.880952239036560059e-01
9.891186356544494629e-01
9.945887327194213867e-01
9.956474304199218750e-01
9.978401660919189453e-01
9.967567324638366699e-01
9.718918800354003906e-01
9.664865136146545410e-01
9.945769906044006348e-01
9.815418124198913574e-01
9.869565367698669434e-01
9.913138151168823242e-01
9.880304932594299316e-01
9.989177584648132324e-01
9.989153742790222168e-01
1.000000000000000000e+00
1.000000000000000000e+00
1.000000000000000000e+00
1.000000000000000000e+00
1.000000000000000000e+00
9.707158207893371582e-01
9.891657829284667969e-01
9.913325905799865723e-01
9.967497587203979492e-01
9.815016388893127441e-01
9.491341710090637207e-01
9.978260993957519531e-01
9.967532753944396973e-01
