2.077922075986862183e-01
4.816017448902130127e-01
5.324675440788269043e-01
5.876623392105102539e-01
6.190476417541503906e-01
6.287878751754760742e-01
6.655844449996948242e-01
6.948052048683166504e-01
7.294372320175170898e-01
7.348484992980957031e-01
7.575757503509521484e-01
7.694805264472961426e-01
7.694805264472961426e-01
7.987012863159179688e-01
8.062770366668701172e-01
8.106060624122619629e-01
8.268398046493530273e-01
8.300865888595581055e-01
8.290043473243713379e-01
8.463203310966491699e-01
8.365800976753234863e-01
8.474025726318359375e-01
8.506493568420410156e-01
8.484848737716674805e-01
8.593073487281799316e-01
8.560606241226196289e-01
8.722943663597106934e-01
8.636363744735717773e-01
8.701298832893371582e-01
8.690476417541503906e-01
8.777056336402893066e-01
8.863636255264282227e-01
8.950216174125671387e-01
8.831169009208679199e-01
8.982684016227722168e-01
8.712121248245239258e-01
8.982684016227722168e-01
8.896104097366333008e-01
8.906926512718200684e-01
8.993506431579589844e-01
8.993506431579589844e-01
8.906926512718200684e-01
9.101731777191162109e-01
9.112554192543029785e-01
9.209956526756286621e-01
9.058441519737243652e-01
9.123376607894897461e-01
9.220778942108154297e-01
9.318181872367858887e-01
9.264069199562072754e-01
9.220778942108154297e-01
9.274891614913940430e-01
9.339826703071594238e-01
9.318181872367858887e-01
9.307359457015991211e-01
9.350649118423461914e-01
9.285714030265808105e-01
9.448052048683166504e-01
9.512987136840820312e-01
9.426407217979431152e-01
9.350649118423461914e-01
9.469696879386901855e-01
9.588744640350341797e-01
9.480519294738769531e-01
9.588744640350341797e-01
9.642857313156127930e-01
9.415584206581115723e-01
9.632034897804260254e-01
9.664502143859863281e-01
9.632034897804260254e-01
9.621211886405944824e-01
9.577922224998474121e-01
9.632034897804260254e-01
9.458874464035034180e-01
9.621211886405944824e-01
9.761904478073120117e-01
9.642857313156127930e-01
9.675324559211730957e-01
9.696969985961914062e-01
9.686146974563598633e-01
9.707792401313781738e-01
9.729437232017517090e-01
9.751082062721252441e-01
9.761904478073120117e-01
9.837662577629089355e-01
9.837662577629089355e-01
9.610389471054077148e-01
9.686146974563598633e-01
9.761904478073120117e-01
9.902597665786743164e-01
9.696969985961914062e-01
9.707792401313781738e-01
9.632034897804260254e-01
9.761904478073120117e-01
9.621211886405944824e-01
9.816017150878906250e-01
9.816017150878906250e-01
9.870129823684692383e-01
9.956709742546081543e-01
9.902597665786743164e-01
9.956709742546081543e-01
9.772727489471435547e-01
9.653679728507995605e-01
9.794372320175170898e-01
9.740259647369384766e-01
9.675324559211730957e-01
9.870129823684692383e-01
9.891774654388427734e-01
9.935064911842346191e-01
9.935064911842346191e-01
9.859307408332824707e-01
9.772727489471435547e-01
9.794372320175170898e-01
9.751082062721252441e-01
9.837662577629089355e-01
9.967532753944396973e-01
1.000000000000000000e+00
9.989177584648132324e-01
9.891774654388427734e-01
9.696969985961914062e-01
9.902597665786743164e-01
9.686146974563598633e-01
9.880952239036560059e-01
9.837662577629089355e-01
9.945887327194213867e-01
9.902597665786743164e-01
1.000000000000000000e+00
9.978355169296264648e-01
9.729437232017517090e-01
9.675324559211730957e-01
9.924242496490478516e-01
9.783549904823303223e-01
9.826839566230773926e-01
9.880952239036560059e-01
9.826839566230773926e-01
9.989177584648132324e-01
9.967532753944396973e-01
9.989177584648132324e-01
9.989177584648132324e-01
1.000000000000000000e+00
1.000000000000000000e+00
1.000000000000000000e+00
9.686146974563598633e-01
9.880952239036560059e-01
9.902597665786743164e-01
9.956709742546081543e-01
9.761904478073120117e-01
9.491341710090637207e-01
9.935064911842346191e-01
9.967532753944396973e-01
