8.904899358749389648e-01
9.446064233779907227e-01
9.492957592010498047e-01
9.739130139350891113e-01
9.517045617103576660e-01
9.716714024543762207e-01
9.772727489471435547e-01
9.887955188751220703e-01
9.716714024543762207e-01
9.629629850387573242e-01
9.463276863098144531e-01
9.859550595283508301e-01
9.607843160629272461e-01
9.859550595283508301e-01
9.860334992408752441e-01
9.887640476226806641e-01
9.860334992408752441e-01
9.523809552192687988e-01
9.607843160629272461e-01
9.749303460121154785e-01
9.802817106246948242e-01
9.748603105545043945e-01
9.861878156661987305e-01
9.745762944221496582e-01
9.494382143020629883e-01
1.000000000000000000e+00
9.859943985939025879e-01
9.860724210739135742e-01
9.887640476226806641e-01
9.526462554931640625e-01
9.888268113136291504e-01
9.887955188751220703e-01
9.750000238418579102e-01
9.664804339408874512e-01
9.916897416114807129e-01
1.000000000000000000e+00
9.972299337387084961e-01
9.944444298744201660e-01
1.000000000000000000e+00
9.748603105545043945e-01
9.293785095214843750e-01
9.636871218681335449e-01
9.888579249382019043e-01
1.000000000000000000e+00
1.000000000000000000e+00
1.000000000000000000e+00
1.000000000000000000e+00
1.000000000000000000e+00
1.000000000000000000e+00
1.000000000000000000e+00
