8.524590134620666504e-01
8.790322542190551758e-01
9.166666865348815918e-01
8.934426307678222656e-01
9.495798349380493164e-01
9.268292784690856934e-01
9.576271176338195801e-01
9.596773982048034668e-01
9.745762944221496582e-01
9.576271176338195801e-01
9.193548560142517090e-01
9.590163826942443848e-01
9.426229596138000488e-01
9.663865566253662109e-01
9.098360538482666016e-01
9.669421315193176270e-01
9.338843226432800293e-01
9.482758641242980957e-01
9.268292784690856934e-01
9.349593520164489746e-01
9.747899174690246582e-01
9.747899174690246582e-01
9.504132270812988281e-01
9.491525292396545410e-01
9.754098653793334961e-01
9.674796462059020996e-01
9.421487450599670410e-01
9.590163826942443848e-01
9.663865566253662109e-01
9.512194991111755371e-01
9.833333492279052734e-01
9.504132270812988281e-01
9.834710955619812012e-01
9.833333492279052734e-01
9.917355179786682129e-01
9.516128897666931152e-01
9.274193644523620605e-01
9.593495726585388184e-01
9.349593520164489746e-01
9.661017060279846191e-01
9.593495726585388184e-01
9.834710955619812012e-01
9.758064746856689453e-01
9.836065769195556641e-01
9.499999880790710449e-01
9.186992049217224121e-01
9.747899174690246582e-01
9.834710955619812012e-01
9.672130942344665527e-01
9.915966391563415527e-01
