2.797094652358519951e-02
1.513534359507551219e-02
1.413409176393064411e-02
1.599533848378465253e-02
7.436521139441801612e-03
1.079128144122032049e-02
5.533630305779746461e-03
4.435251237715316479e-03
1.034869984838294316e-02
6.171176032716743816e-03
1.458017824860857736e-02
9.023059533040731287e-03
1.286197042954251822e-02
2.864576221868217823e-02
4.852903368249551069e-03
6.337791888760403551e-03
3.241379379108396113e-03
2.602019898864248778e-03
4.910371107294511130e-03
3.067303984423582972e-03
8.479285465900352620e-03
5.643057653510013399e-03
2.693153010066353346e-03
2.634977317368835358e-03
1.149510788611662025e-02
1.951251210779681583e-02
3.588421654087589705e-03
4.167461956636029849e-03
6.694358124258667671e-03
4.216349763492936720e-03
6.950716924046863344e-03
8.372314695128604475e-03
9.070001551132529649e-03
6.336915653792369457e-03
4.239399395999177492e-03
1.299472665040714422e-03
1.691314499654714056e-03
1.631435686519233045e-03
9.798683671643678914e-03
9.000117394626784562e-03
7.270231180258809010e-03
7.439287364027733461e-03
4.488476152769510508e-03
8.932084586107145313e-03
3.626122778863753292e-03
9.150685684331414868e-03
9.193834485646017879e-03
3.606835799467774176e-03
1.571558836409906856e-03
1.784299715060774522e-03
