9.808253645896911621e-01
9.670696258544921875e-01
9.774906039237976074e-01
9.708212018013000488e-01
9.841600656509399414e-01
9.824926853179931641e-01
9.820758700370788574e-01
9.841600656509399414e-01
9.883284568786621094e-01
9.891621470451354980e-01
9.570654630661010742e-01
9.812421798706054688e-01
9.908295273780822754e-01
9.966652989387512207e-01
9.812421798706054688e-01
9.591496586799621582e-01
9.829095602035522461e-01
9.749895930290222168e-01
9.891621470451354980e-01
9.870779514312744141e-01
9.829095602035522461e-01
9.712380170822143555e-01
9.916632175445556641e-01
9.845768809318542480e-01
9.749895930290222168e-01
9.870779514312744141e-01
9.837432503700256348e-01
9.958316087722778320e-01
9.945811033248901367e-01
9.762400984764099121e-01
9.741559028625488281e-01
9.858274459838867188e-01
9.824926853179931641e-01
9.749895930290222168e-01
9.945811033248901367e-01
9.991663098335266113e-01
1.000000000000000000e+00
1.000000000000000000e+00
9.487286210060119629e-01
9.766569137573242188e-01
9.895789623260498047e-01
9.870779514312744141e-01
9.870779514312744141e-01
9.995831847190856934e-01
9.991663098335266113e-01
1.000000000000000000e+00
1.000000000000000000e+00
1.000000000000000000e+00
1.000000000000000000e+00
8.991246223449707031e-01
