1.706349253654479980e-01
4.347274899482727051e-01
5.759493708610534668e-01
6.162097454071044922e-01
6.650774478912353516e-01
6.781472563743591309e-01
7.087264060974121094e-01
7.288941740989685059e-01
7.396449446678161621e-01
7.509112954139709473e-01
7.691415548324584961e-01
7.692307829856872559e-01
7.453051805496215820e-01
7.898966670036315918e-01
8.095238208770751953e-01
8.034285902976989746e-01
8.209302425384521484e-01
8.356643319129943848e-01
8.149425387382507324e-01
8.039215803146362305e-01
8.395784497261047363e-01
8.367816209793090820e-01
8.499427437782287598e-01
8.502857089042663574e-01
8.533791303634643555e-01
8.522336483001708984e-01
8.693181872367858887e-01
8.867276906967163086e-01
8.901472091674804688e-01
8.730337023735046387e-01
8.638985157012939453e-01
8.677965998649597168e-01
8.928164243698120117e-01
8.865168690681457520e-01
8.683914542198181152e-01
8.901472091674804688e-01
9.058957099914550781e-01
8.818283081054687500e-01
8.976377844810485840e-01
8.945578336715698242e-01
8.993135094642639160e-01
9.134396314620971680e-01
9.125560522079467773e-01
9.141243100166320801e-01
9.209039807319641113e-01
9.072397947311401367e-01
9.114349484443664551e-01
9.400452375411987305e-01
9.251396656036376953e-01
9.109357595443725586e-01
9.298642277717590332e-01
9.266365766525268555e-01
9.101123809814453125e-01
9.335585832595825195e-01
9.250559210777282715e-01
9.175027608871459961e-01
9.315375685691833496e-01
9.191011190414428711e-01
9.323725104331970215e-01
9.430803656578063965e-01
9.354838728904724121e-01
9.364548325538635254e-01
9.262926578521728516e-01
9.328107237815856934e-01
9.477196931838989258e-01
9.420935511589050293e-01
9.611542820930480957e-01
9.378468394279479980e-01
9.508379697799682617e-01
9.457964897155761719e-01
9.386845231056213379e-01
9.620535969734191895e-01
9.525909423828125000e-01
9.576365947723388672e-01
9.590254426002502441e-01
9.475446343421936035e-01
9.383260011672973633e-01
9.493392109870910645e-01
9.547461271286010742e-01
9.711751937866210938e-01
9.592959284782409668e-01
9.647188782691955566e-01
9.593406319618225098e-01
9.704271554946899414e-01
9.713656306266784668e-01
9.565217494964599609e-01
9.636963605880737305e-01
9.716157317161560059e-01
9.650273323059082031e-01
9.660831689834594727e-01
9.714285731315612793e-01
9.682365655899047852e-01
9.659714698791503906e-01
9.520696997642517090e-01
9.705882072448730469e-01
9.725274443626403809e-01
9.760087132453918457e-01
9.790979027748107910e-01
9.784017205238342285e-01
9.693654179573059082e-01
9.628008604049682617e-01
9.708108305931091309e-01
9.565689563751220703e-01
9.771987199783325195e-01
9.891892075538635254e-01
9.902808070182800293e-01
9.640914201736450195e-01
9.615806937217712402e-01
9.739696383476257324e-01
9.838535785675048828e-01
9.805405139923095703e-01
9.870129823684692383e-01
9.739978313446044922e-01
9.750000238418579102e-01
9.673913121223449707e-01
9.815818071365356445e-01
9.761904478073120117e-01
9.707475900650024414e-01
9.924405813217163086e-01
9.763695001602172852e-01
9.837837815284729004e-01
9.749727845191955566e-01
9.881592988967895508e-01
9.721029996871948242e-01
9.794594645500183105e-01
9.762161970138549805e-01
9.644779562950134277e-01
9.793926477432250977e-01
9.881720542907714844e-01
9.709677696228027344e-01
9.783080220222473145e-01
9.849137663841247559e-01
9.946120977401733398e-01
9.903017282485961914e-01
9.913793206214904785e-01
9.783783555030822754e-01
9.675324559211730957e-01
9.838187694549560547e-01
9.848974943161010742e-01
9.719222187995910645e-01
9.859762787818908691e-01
9.935553073883056641e-01
9.860664606094360352e-01
9.903121590614318848e-01
9.892125129699707031e-01
9.795479178428649902e-01
9.913700222969055176e-01
9.935414195060729980e-01
9.804983735084533691e-01
9.710300564765930176e-01
