3.749355752826787069e-02
2.793486419042394073e-02
2.565887764886461489e-02
2.044365445120141858e-02
1.717759936019668671e-02
1.328225645500832712e-02
1.274878607897857348e-02
1.357747704585053269e-02
1.266551696870432675e-02
1.080117320290595317e-02
1.441094276003876060e-02
1.015228240228449076e-02
6.128931340839608062e-03
9.436263371180182366e-03
5.029785786065003178e-03
9.451458296940587825e-03
4.683551734098404667e-03
9.226613099851141073e-03
1.749899129866579195e-02
1.235157791257728357e-02
4.537700555408439272e-03
1.616452353598426747e-02
1.863254289333533820e-02
6.459386558516027818e-03
9.752530037916288738e-03
3.039550834517711683e-03
2.623510036239355171e-03
2.531612072804379637e-03
8.419728891505703916e-03
7.880077273117194747e-03
7.290046352480028351e-03
1.257804999110569838e-02
7.081424710769489497e-03
8.607539196394587214e-03
5.405054970673343201e-03
8.368850669145957988e-03
1.095458726201239096e-02
1.039633858932578585e-02
5.870058937809004111e-03
4.165670801592335701e-03
7.267475777825326520e-03
2.517842412466162090e-03
3.180670088387913767e-03
8.451905122853353367e-03
5.489352646202825051e-03
1.925094292248475877e-03
3.464498222332904141e-03
3.788884982103760905e-03
4.282840420147517035e-03
2.296711094970538616e-02
