9.022988677024841309e-01
9.302325844764709473e-01
9.232954382896423340e-01
9.344729185104370117e-01
9.463276863098144531e-01
9.740633964538574219e-01
9.571428298950195312e-01
9.627507328987121582e-01
9.743589758872985840e-01
9.472222328186035156e-01
9.601139426231384277e-01
9.715099930763244629e-01
9.857549667358398438e-01
9.745042324066162109e-01
9.859550595283508301e-01
9.716714024543762207e-01
9.915966391563415527e-01
9.691011309623718262e-01
9.487179517745971680e-01
9.605633616447448730e-01
9.832402467727661133e-01
9.467787146568298340e-01
9.519773721694946289e-01
9.721448421478271484e-01
9.801699519157409668e-01
9.916434288024902344e-01
9.944289922714233398e-01
9.972066879272460938e-01
9.773371219635009766e-01
9.802817106246948242e-01
9.746478796005249023e-01
9.604519605636596680e-01
9.721448421478271484e-01
9.802259802818298340e-01
9.777777791023254395e-01
9.803370833396911621e-01
9.636871218681335449e-01
9.715099930763244629e-01
9.832402467727661133e-01
9.860724210739135742e-01
9.888268113136291504e-01
9.944289922714233398e-01
9.943977594375610352e-01
9.777777791023254395e-01
9.776536226272583008e-01
9.944598078727722168e-01
9.915966391563415527e-01
9.971910119056701660e-01
9.887955188751220703e-01
9.350282549858093262e-01
