5.194993779730100458e-01
2.348639172343612302e-01
1.794984564116627879e-01
1.803599704976976970e-01
1.708992650222154741e-01
1.522472062992881459e-01
1.420912696968806288e-01
1.436972655881208760e-01
1.291768966451830869e-01
1.218848196283185276e-01
1.194220736521560966e-01
1.141818203264205051e-01
1.238295570456684480e-01
1.218256032199224737e-01
1.092471420655299758e-01
1.056092687181826167e-01
1.149748046481354757e-01
1.017572232587254377e-01
9.872767266334839253e-02
1.012135764276200639e-01
1.038570124848183507e-01
9.509468021517793190e-02
9.146886607901341670e-02
9.162175758212996735e-02
9.847542432065369000e-02
9.301528533386041464e-02
8.127564234830171597e-02
8.459550872805950139e-02
9.650223759382954569e-02
8.139704379781317889e-02
8.538832382540804955e-02
8.265246169991229130e-02
7.728062614781798512e-02
7.790922196232726027e-02
7.836017295827815698e-02
8.608399148102835463e-02
6.922689893278097251e-02
7.605763370574854243e-02
7.274500525291867359e-02
6.745653796289773074e-02
6.785671187760188017e-02
7.272261580983500895e-02
6.096581892328607061e-02
6.144021745819510522e-02
5.555414355912750846e-02
6.025340408239031331e-02
6.060147700583690122e-02
5.576737883242968707e-02
5.335172096194450847e-02
5.879221667798337214e-02
5.635638490450191329e-02
4.679412187657670807e-02
5.265324214181989204e-02
4.910158967180382195e-02
4.874081203233078530e-02
5.644566747515517013e-02
4.585812316890194862e-02
4.593585607277624744e-02
3.858399406028659162e-02
4.025694061341122953e-02
5.448677533476421059e-02
4.570322117377219329e-02
4.028037002983312492e-02
3.408733212343470487e-02
3.654102745343273950e-02
3.163529593894138375e-02
4.412319215996238914e-02
3.112794431308030241e-02
2.988169756412043312e-02
3.262168200957016317e-02
2.932408266968486790e-02
4.857253696514639979e-02
3.115925508000042671e-02
3.005043957947686056e-02
3.063225326188920294e-02
2.997387456305608891e-02
2.725973438566334228e-02
2.961711445214293414e-02
2.380035503878671910e-02
3.013957896216283225e-02
3.191703278014686174e-02
2.685256191819854546e-02
2.226486830332475436e-02
2.030057965919030566e-02
2.044097717628347299e-02
3.146808702309117356e-02
1.738493170033859891e-02
1.943807706466743959e-02
2.437057248455637426e-02
1.740780277722001751e-02
2.433601555333517533e-02
3.978499854513557754e-02
1.897904592954631833e-02
2.335759253527836324e-02
1.635315883902792311e-02
1.676183382622632029e-02
2.592153303540045695e-02
1.826367958096167601e-02
1.855813599593843927e-02
1.462967489253970584e-02
1.554758059251240901e-02
1.588092341446603606e-02
1.773842519920068583e-02
1.269063914042543699e-02
1.482185446844228038e-02
1.309284770169841759e-02
1.629321726140491727e-02
1.665244828534708649e-02
1.431553350635732420e-02
1.286224399374907672e-02
9.135250462953938347e-03
2.519786606930159156e-02
2.153775573286466696e-02
1.054571605242957816e-02
6.537896243250525263e-03
1.776032199997683650e-02
2.076165118547145319e-02
6.015581465577945867e-03
6.218888807714082791e-03
1.666721101791082335e-02
1.192094407015708256e-02
1.139759970124713112e-02
8.032094006193207444e-03
1.990813262324762564e-02
1.791206075441344539e-02
8.162003038963984089e-03
5.676826681586613806e-03
1.076107786016188006e-02
7.901451143178632452e-03
1.460600363998119586e-02
1.077979219112672020e-02
1.363406399004385948e-02
1.112592952123060870e-02
3.458389962175115705e-03
4.042194166989705739e-03
9.566518009293992209e-03
1.624005289332084920e-02
7.565628156264632767e-03
3.476741640463900003e-03
1.010582945868639289e-02
1.000137936839263011e-02
2.188993272274242230e-02
1.488803827192486211e-02
1.179640577031984376e-02
8.375633895645362079e-03
5.605087890083704574e-03
2.616070818857898009e-03
2.930427296924546354e-03
3.495565632199658466e-03
5.797499661823262221e-03
