1.317674091780229872e-01
8.121138513851723639e-02
7.285386699622595219e-02
6.007981574195613711e-02
5.408853980206955459e-02
4.611600868383023549e-02
4.687828669318754721e-02
4.301537991154216062e-02
4.021496919728527464e-02
3.689121139543354022e-02
3.635220279680689143e-02
3.357286380415916427e-02
3.499670544162403890e-02
3.305814201221134868e-02
2.998539292095452405e-02
3.269072049545888869e-02
2.755464746131311773e-02
3.267443746850377112e-02
3.066467325442974109e-02
3.363109853444855302e-02
2.902382364864967285e-02
2.850949185911554398e-02
2.753818355468195395e-02
2.685276986847430838e-02
2.358880199723187646e-02
2.418998051504982552e-02
2.579550507793718778e-02
2.368669551134553256e-02
2.449552599111627996e-02
2.015091973045021051e-02
2.574424404041929584e-02
2.376544030025970131e-02
2.346934318654213952e-02
2.075780056871350324e-02
2.033685120504186844e-02
2.136982880150182715e-02
1.985157294773654338e-02
2.072063755669072138e-02
1.883006732042393286e-02
1.737026406678227747e-02
1.626652068264156786e-02
1.862519043522050527e-02
1.858565449769109326e-02
1.503448227584943363e-02
1.695079668614997426e-02
1.897178001637276831e-02
1.866246386011954222e-02
1.700859776296744300e-02
1.645201755417849410e-02
1.478310059321846608e-02
1.488066044500477997e-02
1.564512821712323379e-02
1.509705614123914123e-02
1.778378524759543708e-02
1.204713737516674259e-02
1.636313159885882662e-02
1.414119924971623567e-02
1.622238224555038952e-02
1.173521815705090045e-02
1.408507427372101758e-02
1.504225369266159497e-02
1.522802893075045176e-02
1.232648582150187334e-02
1.091861710081014521e-02
1.262164462611613247e-02
1.187196701230432312e-02
1.473922006499636846e-02
9.469089248413784313e-03
1.019982623380871062e-02
9.289612698586883696e-03
1.367922511200209135e-02
9.934736020141065466e-03
9.528865223404377541e-03
9.369013842600160472e-03
9.317188397705719605e-03
9.554958032279445290e-03
1.083365379270945054e-02
9.257959974331406855e-03
9.358805637147462816e-03
8.329835478543011484e-03
1.034518541399589812e-02
7.781348973097025265e-03
9.436395495733001723e-03
6.851095442911305476e-03
6.655874946305350044e-03
8.139949932127485063e-03
8.942695037987401924e-03
6.355433594584911430e-03
8.503414725692616180e-03
5.904405759193711960e-03
5.069950407347335701e-03
5.886012641629741020e-03
6.927699597905761196e-03
5.590802891854754729e-03
5.808903706112626512e-03
6.591166238787614547e-03
8.762121006696361666e-03
1.258846817891040235e-02
7.793812353227724636e-03
7.297851862429381546e-03
7.097594714118997915e-03
7.286497715612912963e-03
4.761686251294919119e-03
6.541122791154939213e-03
4.145347069045207666e-03
6.362978448954679025e-03
8.017747689076483789e-03
5.467914352728016000e-03
5.332711971453101517e-03
3.566071762177379888e-03
3.937218777510325361e-03
5.858095071529285762e-03
6.503212154586740512e-03
5.132909808765742481e-03
5.305438672319918482e-03
5.448978766708023613e-03
4.029227312993795621e-03
4.799538624759252907e-03
4.527314959676339429e-03
3.261232766121895284e-03
4.787680942340413054e-03
3.317954909549442836e-03
4.353337135634223129e-03
3.337956726794127481e-03
5.285691265839799306e-03
4.576680458614248645e-03
3.447942449972589852e-03
1.798248643417881812e-03
2.353369409993446432e-03
4.715656762532162774e-03
3.643077754168329990e-03
2.643278737612354216e-03
4.293845278094629916e-03
4.464364181475617699e-03
8.648120920084005972e-03
4.232847030053870502e-03
1.796834766148027156e-03
1.961425528969993823e-03
3.244877471655930636e-03
4.532623719170701670e-03
5.875062246510431331e-03
3.343665154019145967e-03
1.241734034289982292e-03
2.832356367798058352e-03
4.656417434112039219e-03
3.800526884180708068e-03
3.097557275601437420e-03
5.359596066316033719e-03
5.983699715089329206e-03
2.935566537900827742e-03
