2.592432710406161050e-02
9.858592526869708675e-03
1.008275024253435168e-02
1.172536400900506259e-02
6.053430436847991210e-03
4.445593505889710619e-03
7.893033762261717975e-03
7.666589156741638461e-03
3.050008539283225600e-03
4.724818272452764763e-03
7.106759082272501131e-03
5.155767083917129658e-03
3.183426308394596369e-03
2.985358774548470956e-03
1.311921445594956080e-03
4.547356848402716797e-03
9.030189615447908880e-03
5.614474666849156997e-03
3.450045386776629495e-03
6.152426488128939081e-03
2.111400016722224555e-03
1.953982619237998493e-03
8.340827590138892708e-04
2.249188206580567811e-03
1.369948673292202546e-03
4.855244821864041112e-03
8.915851718894952926e-03
9.772151418485134321e-04
6.547885301571549450e-04
1.251616051356174838e-03
2.995962739654766272e-03
3.553841496657123705e-03
2.461624238948341512e-03
2.316220787310313209e-03
4.159545398618013333e-03
3.694697100685929471e-03
5.032634490660935732e-03
5.788322762897359260e-04
7.260513115623220756e-04
1.175125282254455656e-03
5.029102420639356384e-03
6.588106621303412187e-03
1.042902437427056231e-03
5.883411815275758861e-04
4.671922897597697352e-04
4.782729892884958131e-04
4.633608376790549280e-04
4.582198521854652590e-04
4.521976578948144667e-04
4.493269164069977587e-04
