8.741722106933593750e-01
9.150326848030090332e-01
9.387755393981933594e-01
8.866666555404663086e-01
9.470198750495910645e-01
9.664429426193237305e-01
9.395973086357116699e-01
9.407894611358642578e-01
9.736841917037963867e-01
9.729729890823364258e-01
9.602649211883544922e-01
9.411764740943908691e-01
9.867549538612365723e-01
9.736841917037963867e-01
9.869281053543090820e-01
9.668874144554138184e-01
9.470198750495910645e-01
9.605262875556945801e-01
9.736841917037963867e-01
9.539473652839660645e-01
9.933775067329406738e-01
9.802631735801696777e-01
1.000000000000000000e+00
9.867549538612365723e-01
9.868420958518981934e-01
9.542483687400817871e-01
9.395973086357116699e-01
1.000000000000000000e+00
1.000000000000000000e+00
9.933775067329406738e-01
9.738562107086181641e-01
9.735099077224731445e-01
9.673202633857727051e-01
1.000000000000000000e+00
9.480519294738769531e-01
9.735099077224731445e-01
9.733333587646484375e-01
1.000000000000000000e+00
1.000000000000000000e+00
9.934210777282714844e-01
9.673202633857727051e-01
9.602649211883544922e-01
9.933775067329406738e-01
1.000000000000000000e+00
1.000000000000000000e+00
1.000000000000000000e+00
1.000000000000000000e+00
1.000000000000000000e+00
1.000000000000000000e+00
1.000000000000000000e+00
