5.546328844741369446e-01
2.453500975605082124e-01
2.365443520524851684e-01
2.011121093441517460e-01
1.647635367983272536e-01
1.612833073095282510e-01
1.574111881697077275e-01
1.538880947363734653e-01
1.565464600089308544e-01
1.374736493359263179e-01
1.370809669907027406e-01
1.488508747223661055e-01
1.271717195352978780e-01
1.187142659425810126e-01
1.219233675988758703e-01
1.243197930715234517e-01
1.178869874428425391e-01
1.138468730476310115e-01
1.136924609259377106e-01
1.167962042633330505e-01
1.186200761158698463e-01
1.030926871526752081e-01
1.039897551722585023e-01
1.115425241614661500e-01
1.075855814252485304e-01
1.011788259950078123e-01
1.002169853459197735e-01
1.052679245763978727e-01
9.422986060776084027e-02
9.687236252779188317e-02
9.087712719948141948e-02
8.841802646019168710e-02
9.441850592201712911e-02
9.135264258475171706e-02
8.862804002972121675e-02
8.528726148241498606e-02
8.510494277199825985e-02
8.084683435918728345e-02
7.885362636058362851e-02
7.308334335768784662e-02
7.958815854750925234e-02
8.109018654580968377e-02
7.882672799307008371e-02
6.849299351189490348e-02
7.185497806054910730e-02
6.491637862181129370e-02
6.828936684064913776e-02
7.667095553439341737e-02
6.001122164558894689e-02
5.552760111898430440e-02
6.016045211070950721e-02
6.375347432823319505e-02
6.507140974954683799e-02
5.703157976829464210e-02
5.812087576341011530e-02
5.708914787825833392e-02
5.339960382956036866e-02
5.117788662503373887e-02
5.478818319477486015e-02
5.483297761769262424e-02
5.003789787415711260e-02
4.647919917780186233e-02
4.647227072053589092e-02
4.638797985159973103e-02
5.104723666337765420e-02
4.592024552405448573e-02
4.612593231185216358e-02
4.233505736192030161e-02
4.122028386944205647e-02
3.940683601948836989e-02
3.519155938902247815e-02
4.034634255974470923e-02
3.670717119220991143e-02
3.929838973487129183e-02
3.589307464255742097e-02
3.151165048063941931e-02
3.479407623355853379e-02
3.354758329133804978e-02
6.126502478342936431e-02
3.378665982553069602e-02
2.919931939473954449e-02
2.581971397273852969e-02
3.158370378957469499e-02
2.306360075230666148e-02
2.668502957016869945e-02
2.190382240370760888e-02
4.484903789798225238e-02
2.189796878895197002e-02
1.961660765591070194e-02
2.533814746438137547e-02
1.797986006586730842e-02
1.823783000691720987e-02
1.746461986018280760e-02
1.987449791702688984e-02
1.810834323232848181e-02
1.547159452140978511e-02
1.781495670508702334e-02
1.705204131652488311e-02
1.569279205855777029e-02
2.077589822934789235e-02
1.273968351412084477e-02
1.662309105873386803e-02
1.336778797893422785e-02
1.488110373429982029e-02
5.961311235572748501e-02
1.932504842734400138e-02
9.356757619442395216e-03
1.472227652466574430e-02
1.280052572610751969e-02
1.092290812218316663e-02
9.488799150194326612e-03
8.968275928150953175e-03
8.560146819669458423e-03
1.011858153163781339e-02
5.600823998507782966e-03
1.094507454331473603e-02
1.415502276076496292e-02
5.720958144554975228e-02
7.285994582949598813e-03
8.368853941318034687e-03
5.378145747403846252e-03
6.809380016734038060e-03
7.772402650935148101e-03
8.231820021290449374e-03
1.134899632846112817e-02
6.966489957810284399e-03
1.291124596280556619e-02
1.496513330794256059e-02
1.077352901503747344e-02
9.017697258306447278e-03
3.383366794888654355e-02
1.133170735944586185e-02
6.046054565191304707e-03
5.985454738986098304e-03
5.140743014020528363e-03
1.456068116387606443e-02
5.107598867473345412e-03
6.465674069277434731e-03
3.016668013149618240e-03
2.155003970596871925e-03
1.374492854018230644e-03
1.311184256541769342e-03
1.843046649247700400e-03
2.234709316488595748e-02
8.403116285926634510e-02
3.114982625472637739e-02
1.084621937998067956e-02
7.774338091218094271e-03
5.336025165112988702e-03
4.622089892257417489e-03
