9.513274580240249634e-02
1.858407109975814819e-01
2.809734642505645752e-01
3.075221180915832520e-01
3.296460211277008057e-01
3.473451435565948486e-01
3.672566413879394531e-01
3.694690167903900146e-01
3.650442361831665039e-01
4.070796370506286621e-01
4.336283206939697266e-01
3.805309832096099854e-01
4.225663840770721436e-01
4.623893797397613525e-01
4.535398185253143311e-01
4.469026625156402588e-01
4.557522237300872803e-01
4.668141603469848633e-01
4.778760969638824463e-01
4.535398185253143311e-01
4.623893797397613525e-01
5.221238732337951660e-01
4.977876245975494385e-01
4.712389409542083740e-01
4.889380633831024170e-01
5.309734344482421875e-01
5.265486836433410645e-01
5.154867172241210938e-01
5.331858396530151367e-01
5.221238732337951660e-01
5.619469285011291504e-01
5.553097128868103027e-01
5.353982448577880859e-01
5.597345232963562012e-01
5.575221180915832520e-01
5.862832069396972656e-01
5.840708017349243164e-01
6.017699241638183594e-01
6.194690465927124023e-01
6.216813921928405762e-01
6.216813921928405762e-01
6.039823293685913086e-01
6.172566413879394531e-01
6.526548862457275391e-01
6.238937973976135254e-01
6.570796370506286621e-01
6.438053250312805176e-01
6.238937973976135254e-01
6.946902871131896973e-01
6.946902871131896973e-01
7.035398483276367188e-01
6.703540086746215820e-01
6.659291982650756836e-01
7.101770043373107910e-01
7.190265655517578125e-01
7.101770043373107910e-01
7.455752491950988770e-01
7.146017551422119141e-01
7.146017551422119141e-01
7.234513163566589355e-01
7.411504387855529785e-01
7.632743120193481445e-01
7.610619664192199707e-01
7.455752491950988770e-01
7.345132827758789062e-01
7.676991224288940430e-01
7.632743120193481445e-01
7.566371560096740723e-01
7.964601516723632812e-01
7.942478060722351074e-01
8.053097128868103027e-01
7.743362784385681152e-01
8.119469285011291504e-01
8.008849620819091797e-01
8.008849620819091797e-01
8.340708017349243164e-01
8.207964897155761719e-01
8.141592741012573242e-01
6.703540086746215820e-01
8.230088353157043457e-01
8.274336457252502441e-01
8.517699241638183594e-01
8.340708017349243164e-01
8.672566413879394531e-01
8.650442361831665039e-01
8.849557638168334961e-01
7.743362784385681152e-01
8.783186078071594238e-01
8.915929198265075684e-01
8.495575189590454102e-01
8.982300758361816406e-01
8.960176706314086914e-01
9.070796370506286621e-01
9.026548862457275391e-01
9.159291982650756836e-01
9.159291982650756836e-01
9.048672318458557129e-01
9.247787594795227051e-01
9.137167930603027344e-01
8.982300758361816406e-01
9.402654767036437988e-01
9.159291982650756836e-01
9.203540086746215820e-01
9.247787594795227051e-01
7.455752491950988770e-01
9.004424810409545898e-01
9.601770043373107910e-01
9.292035102844238281e-01
9.292035102844238281e-01
9.446902871131896973e-01
9.557521939277648926e-01
9.579645991325378418e-01
9.623894095420837402e-01
9.491150379180908203e-01
9.800884723663330078e-01
9.469026327133178711e-01
9.314159154891967773e-01
7.809734344482421875e-01
9.646017551422119141e-01
9.579645991325378418e-01
9.778761267662048340e-01
9.646017551422119141e-01
9.601770043373107910e-01
9.601770043373107910e-01
9.491150379180908203e-01
9.623894095420837402e-01
9.336283206939697266e-01
9.314159154891967773e-01
9.579645991325378418e-01
9.646017551422119141e-01
8.738937973976135254e-01
9.380530714988708496e-01
9.712389111518859863e-01
9.756637215614318848e-01
9.823008775711059570e-01
9.292035102844238281e-01
9.800884723663330078e-01
9.668141603469848633e-01
9.933628439903259277e-01
9.955752491950988770e-01
9.977875947952270508e-01
1.000000000000000000e+00
9.977875947952270508e-01
9.026548862457275391e-01
6.814159154891967773e-01
8.584070801734924316e-01
9.380530714988708496e-01
9.646017551422119141e-01
9.756637215614318848e-01
9.800884723663330078e-01
