3.189258559053108066e-01
1.189211162883389711e-01
8.614240739934363178e-02
7.092858641194306479e-02
7.324087559497281796e-02
8.410023781154120359e-02
6.699830629602869514e-02
5.323932482372886049e-02
6.397821071361434186e-02
6.200819112957839385e-02
4.849498318086963022e-02
4.790632813653773747e-02
4.677257077571836397e-02
5.153370003581441566e-02
4.624423140515383085e-02
4.143827928572005326e-02
3.953848804616783702e-02
4.030735936918737605e-02
3.861470624623643960e-02
3.693247418001201210e-02
3.308139246542166761e-02
3.894278926842679317e-02
3.556687226734778912e-02
3.681000063326668459e-02
3.663374136677118031e-02
3.234755788197101606e-02
2.549288535313204776e-02
2.702381271963480783e-02
2.595915557811829394e-02
3.068638510786958831e-02
2.700935922489090812e-02
2.472124746875613288e-02
2.328448229732759875e-02
2.830529755817842025e-02
2.307542646612044390e-02
2.138789167162544885e-02
2.268409428541912076e-02
2.433664116541929892e-02
1.948598209623303434e-02
1.716614741494289220e-02
1.769919372799094726e-02
1.615728497088678856e-02
1.365316590262044723e-02
1.657307461611775765e-02
1.581079132684361579e-02
1.247368128706521917e-02
1.553488840698735544e-02
1.520399026861794442e-02
1.393013768536547313e-02
1.357856427763601444e-02
1.054200725718981886e-02
7.818371909453029553e-03
7.948959180513213985e-03
1.427853483312467760e-02
9.008669758023047508e-03
6.784106987354158319e-03
7.572235664405523731e-03
6.674549937554446512e-03
8.080394157633574020e-03
1.485795432200936843e-02
1.668643089480226910e-02
8.371968467714029430e-03
8.365680476884882616e-03
5.231867032279727790e-03
3.181318100558956381e-03
3.494981884937178526e-03
2.908729474735352247e-03
2.470855468232629852e-03
2.444669383373515668e-03
2.744244698622771463e-03
3.271226601078475876e-02
1.301030639480935114e-02
7.182537968095451149e-03
6.567070659256186473e-03
4.974858600368128013e-03
4.273018295526964834e-03
5.173779702378877160e-03
7.803919975890402649e-03
3.547106003104467595e-03
4.153639917366711010e-03
4.737114881615059336e-03
5.888078660302072283e-03
3.768262904866606210e-03
3.611103037619533846e-03
2.138467685013952044e-03
4.823903079648509187e-03
6.528135266936986418e-03
1.133068100764728255e-02
6.349316568316980096e-03
3.434586716802471001e-03
3.168092403276924398e-03
2.841293832178269814e-03
2.170798057140854373e-03
6.031299583646754572e-03
7.309410004503545666e-03
4.566766433835676466e-03
1.733193460226116608e-03
4.307234811743172742e-03
1.899420011257009402e-03
1.351920119204166881e-03
1.291602178014001094e-03
1.397470724585686422e-03
3.183006576997813187e-03
3.932681253300476451e-03
1.608622680454500908e-02
2.344807467340146150e-03
5.003756566362612020e-03
6.054735086105062641e-03
1.444616498219745970e-03
1.180139803641029345e-03
1.157974410797330597e-03
1.162555129272413099e-03
6.721470858312598301e-03
8.709773606550168246e-03
2.449178063627860131e-03
1.265353382160560453e-03
1.096742364383395361e-03
1.079760343535128867e-03
1.061022451624230424e-03
1.046448202893472158e-03
1.040287276112713188e-03
1.017488561054803297e-03
1.007902328106162005e-03
9.827234304628912603e-04
9.661372956511903205e-04
9.508477081638891815e-04
9.315600900017834834e-04
9.079448283715403547e-04
8.879105737566421333e-04
8.674187568542467098e-04
8.458131567618537702e-04
8.233186092291748873e-04
7.994385631972496589e-04
7.775848936570418143e-04
7.611161021287263153e-04
7.254111805075108728e-04
7.025168586279834180e-04
6.826293196228756105e-04
6.503535262228521841e-04
6.224664767591660134e-04
5.962115755236531769e-04
5.773021152798592497e-04
5.442680881018556590e-04
5.176426835230380982e-04
4.915342076939132427e-04
4.656431117247818922e-04
1.818576876367190495e-02
9.586896939913366888e-03
4.520429019253110678e-03
3.025386640059605278e-03
