8.661417663097381592e-02
3.675213754177093506e-01
5.080645084381103516e-01
5.476190447807312012e-01
5.658914446830749512e-01
4.895104765892028809e-01
6.074073910713195801e-01
7.142857313156127930e-01
6.201550364494323730e-01
6.976743936538696289e-01
7.279411554336547852e-01
7.185184955596923828e-01
7.187500000000000000e-01
6.594203114509582520e-01
7.132353186607360840e-01
7.720588445663452148e-01
8.000000119209289551e-01
7.819548845291137695e-01
7.744361162185668945e-01
7.819548845291137695e-01
8.285714387893676758e-01
7.642857432365417480e-01
8.358209133148193359e-01
8.148148059844970703e-01
8.217054009437561035e-01
7.878788113594055176e-01
8.686131238937377930e-01
8.796992301940917969e-01
8.666666746139526367e-01
8.059701323509216309e-01
8.705036044120788574e-01
9.029850959777832031e-01
8.633093237876892090e-01
8.115941882133483887e-01
8.472222089767456055e-01
8.880596756935119629e-01
8.285714387893676758e-01
8.633093237876892090e-01
8.978102207183837891e-01
9.318181872367858887e-01
8.811188936233520508e-01
9.208633303642272949e-01
9.295774698257446289e-01
8.905109763145446777e-01
8.928571343421936035e-01
9.420289993286132812e-01
8.750000000000000000e-01
9.148936271667480469e-01
8.873239159584045410e-01
8.888888955116271973e-01
9.361702203750610352e-01
9.647887349128723145e-01
9.436619877815246582e-01
9.160839319229125977e-01
9.375000000000000000e-01
9.645389914512634277e-01
9.444444179534912109e-01
9.652777910232543945e-01
9.503546357154846191e-01
8.958333134651184082e-01
8.978102207183837891e-01
9.300699234008789062e-01
9.448275566101074219e-01
9.784172773361206055e-01
9.930555820465087891e-01
9.930555820465087891e-01
1.000000000000000000e+00
1.000000000000000000e+00
1.000000000000000000e+00
1.000000000000000000e+00
7.891156673431396484e-01
9.064748287200927734e-01
9.428571462631225586e-01
9.503546357154846191e-01
9.657534360885620117e-01
9.790209531784057617e-01
9.586206674575805664e-01
9.513888955116271973e-01
9.859154820442199707e-01
9.652777910232543945e-01
9.790209531784057617e-01
9.589040875434875488e-01
9.655172228813171387e-01
9.726027250289916992e-01
9.930555820465087891e-01
9.583333134651184082e-01
9.517241120338439941e-01
9.166666865348815918e-01
9.650349617004394531e-01
9.724137783050537109e-01
9.790209531784057617e-01
9.929577708244323730e-01
9.862068891525268555e-01
9.650349617004394531e-01
9.310345053672790527e-01
9.791666865348815918e-01
9.931034445762634277e-01
9.652777910232543945e-01
9.862068891525268555e-01
1.000000000000000000e+00
1.000000000000000000e+00
9.931507110595703125e-01
9.930555820465087891e-01
9.720279574394226074e-01
8.958333134651184082e-01
9.931034445762634277e-01
9.580419659614562988e-01
9.517241120338439941e-01
1.000000000000000000e+00
1.000000000000000000e+00
1.000000000000000000e+00
1.000000000000000000e+00
9.586206674575805664e-01
9.251700639724731445e-01
9.794520735740661621e-01
1.000000000000000000e+00
1.000000000000000000e+00
1.000000000000000000e+00
1.000000000000000000e+00
1.000000000000000000e+00
1.000000000000000000e+00
1.000000000000000000e+00
1.000000000000000000e+00
1.000000000000000000e+00
1.000000000000000000e+00
1.000000000000000000e+00
1.000000000000000000e+00
1.000000000000000000e+00
1.000000000000000000e+00
1.000000000000000000e+00
1.000000000000000000e+00
1.000000000000000000e+00
1.000000000000000000e+00
1.000000000000000000e+00
1.000000000000000000e+00
1.000000000000000000e+00
1.000000000000000000e+00
1.000000000000000000e+00
1.000000000000000000e+00
1.000000000000000000e+00
1.000000000000000000e+00
1.000000000000000000e+00
1.000000000000000000e+00
1.000000000000000000e+00
1.000000000000000000e+00
1.000000000000000000e+00
9.020978808403015137e-01
9.172413945198059082e-01
9.513888955116271973e-01
9.657534360885620117e-01
