7.586207240819931030e-02
2.965517342090606689e-01
4.344827532768249512e-01
4.758620560169219971e-01
5.034482479095458984e-01
4.827586114406585693e-01
5.655172467231750488e-01
6.206896305084228516e-01
5.517241358757019043e-01
6.206896305084228516e-01
6.827586293220520020e-01
6.689655184745788574e-01
6.344827413558959961e-01
6.275861859321594238e-01
6.689655184745788574e-01
7.241379022598266602e-01
7.448275685310363770e-01
7.172414064407348633e-01
7.103448510169982910e-01
7.172414064407348633e-01
8.000000119209289551e-01
7.379310131072998047e-01
7.724137902259826660e-01
7.586206793785095215e-01
7.310344576835632324e-01
7.172414064407348633e-01
8.206896781921386719e-01
8.068965673446655273e-01
8.068965673446655273e-01
7.448275685310363770e-01
8.344827294349670410e-01
8.344827294349670410e-01
8.275862336158752441e-01
7.724137902259826660e-01
8.413792848587036133e-01
8.206896781921386719e-01
8.000000119209289551e-01
8.275862336158752441e-01
8.482758402824401855e-01
8.482758402824401855e-01
8.689655065536499023e-01
8.827586174011230469e-01
9.103448390960693359e-01
8.413792848587036133e-01
8.620689511299133301e-01
8.965517282485961914e-01
8.689655065536499023e-01
8.896551728248596191e-01
8.689655065536499023e-01
8.827586174011230469e-01
9.103448390960693359e-01
9.448275566101074219e-01
9.241379499435424805e-01
9.034482836723327637e-01
9.310345053672790527e-01
9.379310607910156250e-01
9.379310607910156250e-01
9.586206674575805664e-01
9.241379499435424805e-01
8.896551728248596191e-01
8.482758402824401855e-01
9.172413945198059082e-01
9.448275566101074219e-01
9.379310607910156250e-01
9.862068891525268555e-01
9.862068891525268555e-01
9.931034445762634277e-01
1.000000000000000000e+00
1.000000000000000000e+00
9.931034445762634277e-01
8.000000119209289551e-01
8.689655065536499023e-01
9.103448390960693359e-01
9.241379499435424805e-01
9.724137783050537109e-01
9.655172228813171387e-01
9.586206674575805664e-01
9.448275566101074219e-01
9.655172228813171387e-01
9.586206674575805664e-01
9.655172228813171387e-01
9.655172228813171387e-01
9.655172228813171387e-01
9.793103337287902832e-01
9.862068891525268555e-01
9.517241120338439941e-01
9.517241120338439941e-01
9.103448390960693359e-01
9.517241120338439941e-01
9.724137783050537109e-01
9.655172228813171387e-01
9.724137783050537109e-01
9.862068891525268555e-01
9.517241120338439941e-01
9.310345053672790527e-01
9.724137783050537109e-01
9.931034445762634277e-01
9.586206674575805664e-01
9.862068891525268555e-01
1.000000000000000000e+00
1.000000000000000000e+00
1.000000000000000000e+00
9.862068891525268555e-01
9.586206674575805664e-01
8.896551728248596191e-01
9.931034445762634277e-01
9.448275566101074219e-01
9.517241120338439941e-01
9.931034445762634277e-01
1.000000000000000000e+00
1.000000000000000000e+00
1.000000000000000000e+00
9.586206674575805664e-01
9.379310607910156250e-01
9.862068891525268555e-01
1.000000000000000000e+00
1.000000000000000000e+00
1.000000000000000000e+00
1.000000000000000000e+00
1.000000000000000000e+00
1.000000000000000000e+00
1.000000000000000000e+00
1.000000000000000000e+00
1.000000000000000000e+00
1.000000000000000000e+00
1.000000000000000000e+00
1.000000000000000000e+00
1.000000000000000000e+00
1.000000000000000000e+00
1.000000000000000000e+00
1.000000000000000000e+00
1.000000000000000000e+00
1.000000000000000000e+00
1.000000000000000000e+00
1.000000000000000000e+00
1.000000000000000000e+00
1.000000000000000000e+00
1.000000000000000000e+00
1.000000000000000000e+00
1.000000000000000000e+00
1.000000000000000000e+00
1.000000000000000000e+00
1.000000000000000000e+00
1.000000000000000000e+00
1.000000000000000000e+00
1.000000000000000000e+00
8.896551728248596191e-01
9.172413945198059082e-01
9.448275566101074219e-01
9.724137783050537109e-01
