1.304347813129425049e-02
4.347825888544321060e-03
4.347825888544321060e-03
4.347825888544321060e-03
8.695651777088642120e-03
2.173913083970546722e-02
3.478260710835456848e-02
4.347826167941093445e-02
3.043478168547153473e-02
2.608695626258850098e-02
5.217391252517700195e-02
3.043478168547153473e-02
7.826086878776550293e-02
4.782608523964881897e-02
8.260869234800338745e-02
1.347826123237609863e-01
8.260869234800338745e-02
1.217391267418861389e-01
1.217391267418861389e-01
1.347826123237609863e-01
1.782608628273010254e-01
1.260869503021240234e-01
1.782608628273010254e-01
1.739130467176437378e-01
1.956521719694137573e-01
1.956521719694137573e-01
2.217391282320022583e-01
2.260869592428207397e-01
2.260869592428207397e-01
2.391304373741149902e-01
2.217391282320022583e-01
2.434782534837722778e-01
2.913043498992919922e-01
2.391304373741149902e-01
2.869565188884735107e-01
3.000000119209289551e-01
2.869565188884735107e-01
3.347826004028320312e-01
2.913043498992919922e-01
2.739130556583404541e-01
3.565217256546020508e-01
3.695652186870574951e-01
3.652173876762390137e-01
3.869565129280090332e-01
3.478260934352874756e-01
4.043478369712829590e-01
4.304347932338714600e-01
4.043478369712829590e-01
4.000000059604644775e-01
4.565217494964599609e-01
4.521739184856414795e-01
5.130434632301330566e-01
4.826087057590484619e-01
4.391304254531860352e-01
4.956521689891815186e-01
4.782608747482299805e-01
5.000000000000000000e-01
5.043478012084960938e-01
5.000000000000000000e-01
5.478261113166809082e-01
5.782608985900878906e-01
5.565217137336730957e-01
5.434782505035400391e-01
5.478261113166809082e-01
5.695652365684509277e-01
6.043478250503540039e-01
5.739130377769470215e-01
5.304347872734069824e-01
6.173912882804870605e-01
6.260869503021240234e-01
6.478260755538940430e-01
6.521739363670349121e-01
6.347826123237609863e-01
6.869565248489379883e-01
7.173913121223449707e-01
6.478260755538940430e-01
7.086956501007080078e-01
7.260869741439819336e-01
7.304347753524780273e-01
6.826087236404418945e-01
7.434782385826110840e-01
6.913043260574340820e-01
7.478260993957519531e-01
7.782608866691589355e-01
7.565217614173889160e-01
7.608695626258850098e-01
7.695652246475219727e-01
7.347826361656188965e-01
7.652173638343811035e-01
8.043478131294250488e-01
8.478260636329650879e-01
7.565217614173889160e-01
8.347826004028320312e-01
8.173912763595581055e-01
7.869565486907958984e-01
8.304347991943359375e-01
8.347826004028320312e-01
8.434782624244689941e-01
8.521739244461059570e-01
9.043478369712829590e-01
8.130434751510620117e-01
8.260869383811950684e-01
8.869565129280090332e-01
8.391304612159729004e-01
8.956521749496459961e-01
8.956521749496459961e-01
8.652173876762390137e-01
8.478260636329650879e-01
9.043478369712829590e-01
8.999999761581420898e-01
8.304347991943359375e-01
9.086956381797790527e-01
8.695651888847351074e-01
8.999999761581420898e-01
8.739130496978759766e-01
9.173913002014160156e-01
9.173913002014160156e-01
9.173913002014160156e-01
9.043478369712829590e-01
8.782608509063720703e-01
9.347826242446899414e-01
8.956521749496459961e-01
9.086956381797790527e-01
9.217391014099121094e-01
9.695652127265930176e-01
9.260869622230529785e-01
9.565217494964599609e-01
8.565217256546020508e-01
9.391304254531860352e-01
8.956521749496459961e-01
9.434782862663269043e-01
8.826087117195129395e-01
9.521738886833190918e-01
9.304347634315490723e-01
9.130434989929199219e-01
9.434782862663269043e-01
9.608695507049560547e-01
9.913043379783630371e-01
9.695652127265930176e-01
9.217391014099121094e-01
8.826087117195129395e-01
9.173913002014160156e-01
9.434782862663269043e-01
9.086956381797790527e-01
9.391304254531860352e-01
9.782608747482299805e-01
9.347826242446899414e-01
9.739130139350891113e-01
8.826087117195129395e-01
9.521738886833190918e-01
