2.500324956844314148e-02
1.372773922635081405e-02
9.073106932880938350e-03
6.459253376638640284e-03
8.146386125606922685e-03
5.050299039876767100e-03
4.886657818487810494e-03
9.341414819628928237e-03
6.851362482670392100e-03
4.330409609923483588e-03
3.146974824391389220e-03
5.965196744872119580e-03
7.217446721755598621e-04
1.993110757074502241e-03
4.509227468824659850e-03
6.531956354329111411e-03
7.020035755189300841e-03
4.724891392695904600e-03
7.912479778390367827e-03
4.508505040582672964e-03
1.163468155652831303e-03
1.614762507975046630e-03
4.794549491507716851e-03
1.519680795242304983e-03
2.673897140054152036e-03
4.963723418961164769e-04
2.817112984839291153e-04
2.559476623709994333e-04
9.502752492307579846e-04
1.690851774268518817e-03
5.864627213996902524e-03
2.853641952401689708e-03
3.138011927146902233e-03
6.299815331942786034e-04
6.157218531256346966e-03
3.597179329203103841e-03
6.346848500716034160e-03
6.952069032110178189e-03
3.949061230320994719e-04
3.691518479270046145e-04
4.019943659813610755e-04
2.759424501955259272e-04
3.010191691763809923e-04
2.448921776902438820e-03
3.094181947018944160e-04
2.497838499866605411e-04
2.407477341625536714e-04
2.369335461229787518e-04
2.344410600175885016e-04
2.326270966764413552e-04
