5.772790588743781370e-01
2.069982799925111916e-01
1.789923402180744194e-01
1.785885795906735629e-01
1.499932024110638973e-01
1.387461541871244097e-01
1.300817225335859084e-01
1.453560626706563441e-01
1.223213980595778266e-01
1.145807164442850384e-01
1.210843462139578192e-01
1.231222281608735508e-01
1.160656715108246695e-01
1.124143376238465192e-01
1.045452820859781723e-01
9.815936970169641951e-02
9.754804015933060679e-02
9.480347350099679882e-02
1.094979946229873713e-01
9.759821901041750014e-02
8.558082255578886022e-02
8.633906485063130853e-02
8.551584326223343746e-02
7.880700697727091586e-02
8.316692041106239774e-02
7.542215999856452524e-02
7.802614650739594926e-02
7.065484830634799485e-02
6.880515373430981518e-02
6.487956837666945809e-02
8.307753815891852356e-02
6.944520848353975817e-02
6.538230317160509397e-02
5.845758952546792342e-02
5.722367753242098981e-02
5.968910037460251061e-02
5.986000852655728316e-02
5.341223713885633051e-02
5.411748262678954535e-02
4.878627786334233801e-02
5.033087424061871706e-02
5.408708073325928234e-02
4.420055030308693567e-02
4.525292972168420969e-02
4.023237140898525133e-02
4.259366804816280133e-02
3.650488146353610824e-02
3.886502440662924912e-02
4.842006705706679986e-02
4.072658442184626248e-02
4.710713805763264844e-02
4.273501467033938989e-02
3.436562242141503326e-02
3.285915597845441571e-02
3.222658090758545590e-02
2.772310678031144476e-02
2.587317974989219657e-02
2.818543413744180673e-02
2.733866653116892934e-02
2.512087542633142934e-02
3.387119652707400869e-02
3.350957516511163248e-02
2.508317601802407051e-02
2.540206092057605697e-02
2.284070911005640220e-02
2.336745872830775506e-02
2.019069777711992794e-02
2.274060010507701277e-02
2.492033131829796827e-02
2.319993303017790776e-02
1.981743839915293265e-02
1.567576406109643175e-02
1.915361593721320865e-02
2.223222376383811316e-02
2.413148729538287449e-02
2.272952319936176122e-02
1.579426123934877038e-02
1.457310620974359115e-02
1.098315350550907281e-02
1.541227281240713405e-02
1.628199476904575518e-02
1.061460990632868105e-02
1.739380647988535492e-02
1.147716971283851452e-02
1.306417240314257898e-02
1.121428556102432167e-02
1.436365862140327049e-02
1.639584437180818810e-02
1.444636121783544544e-02
9.993882809536398792e-03
7.761307712011529872e-03
1.123021992671973356e-02
1.785109303202706693e-02
1.449518063350392107e-02
9.309224052885872389e-03
7.963328453255116152e-03
8.736526466837746946e-03
7.199628790759621429e-03
1.197094432874498508e-02
1.290281259161125613e-02
1.065777284886352573e-02
9.241144144347106931e-03
1.553105995780510069e-02
6.475548257320835020e-03
8.152151400954387589e-03
8.348735738699814349e-03
8.120797275125643533e-03
3.215739944232436608e-03
2.743853335730793083e-03
2.480700455721697104e-03
2.496527144940413959e-03
2.589865313783703670e-03
7.010116804310450971e-03
3.527491391891743322e-02
1.489480811084067935e-02
1.015503959246097723e-02
6.336645344599603318e-03
5.133615640313030255e-03
5.972651694404080940e-03
3.798561919932758654e-03
8.119644536366042373e-03
1.727557831411587197e-02
2.219245173901097240e-02
3.815886131768982115e-03
2.611783382617381688e-03
2.039465256551280942e-03
2.066715759973331012e-03
8.218747110797763530e-03
1.820210684580446381e-02
7.487243523139324591e-03
5.709973218880956894e-03
5.140511494157872993e-03
7.456071713577323845e-03
1.497114548158993801e-02
4.298377746112452130e-03
2.673570284200465792e-03
2.460931211955867323e-03
2.580587692653258606e-03
1.882216302305250635e-03
1.780707975189580643e-03
1.729996001760033663e-03
1.723911798786274168e-03
1.677977336320637556e-03
1.657237078160157156e-03
1.645766128157857919e-03
1.623936919602041520e-03
1.587008540747915407e-03
1.562786488191432845e-03
1.538712609418176535e-03
1.507736396795203221e-03
