1.288813321744851532e-02
1.209222225740335180e-02
6.281420827699386693e-03
8.391000851805054464e-03
8.253135904172797382e-03
1.591983495492870979e-02
1.073020318942855336e-02
9.701225492882938409e-03
4.853921455350925993e-03
7.820778536760424754e-03
5.628968970818827057e-03
9.244920198743736967e-03
2.873929060014203396e-02
5.039944700039268935e-03
9.047586791676236542e-03
5.939227530508503494e-03
2.691943049640324430e-03
1.161686400844291062e-02
1.229938992207943622e-02
6.858074409245932743e-03
6.383200064683816795e-03
5.116687607655857895e-03
1.355675360553839845e-02
5.424761025070247260e-03
1.391835513376433672e-02
7.675467660884778380e-03
7.177625864831422599e-03
1.045047794941410778e-02
3.593349140399676716e-03
1.397664624789148437e-03
7.129708771241677302e-04
6.491838018606714035e-04
6.274511643815561170e-04
5.716253879095045155e-04
2.918825479561467859e-02
2.253540729969373199e-02
5.858000733383587726e-03
2.505815346256871478e-03
7.821411606092029331e-03
2.718380749884895774e-03
5.211082313782686160e-03
2.044822180615978383e-02
1.124975733034339065e-02
3.285308545757870992e-03
1.802510565239543979e-03
1.209082588431226917e-03
6.889615884276676814e-04
1.590894897662778126e-02
1.587196892210195748e-02
8.525677515367301521e-03
