9.811951518058776855e-01
9.836820363998413086e-01
9.908218383789062500e-01
9.883040785789489746e-01
9.895659685134887695e-01
9.803017377853393555e-01
9.828595519065856934e-01
9.866108894348144531e-01
9.937395453453063965e-01
9.895703196525573730e-01
9.895746707916259766e-01
9.866220951080322266e-01
9.600831866264343262e-01
9.933193922042846680e-01
9.882894158363342285e-01
9.908180236816406250e-01
9.966624975204467773e-01
9.829095602035522461e-01
9.841402173042297363e-01
9.903886318206787109e-01
9.916492700576782227e-01
9.929048418998718262e-01
9.823899269104003906e-01
9.929284453392028809e-01
9.811951518058776855e-01
9.879116415977478027e-01
9.912096858024597168e-01
9.866332411766052246e-01
9.958229064941406250e-01
9.987499713897705078e-01
1.000000000000000000e+00
1.000000000000000000e+00
1.000000000000000000e+00
1.000000000000000000e+00
9.657477140426635742e-01
9.697352051734924316e-01
9.903966784477233887e-01
9.962484240531921387e-01
9.895572066307067871e-01
9.974926710128784180e-01
9.933193922042846680e-01
9.765984416007995605e-01
9.849561452865600586e-01
9.954090118408203125e-01
9.970833063125610352e-01
9.987489581108093262e-01
9.995833039283752441e-01
9.811715483665466309e-01
9.733110666275024414e-01
9.878965020179748535e-01
