9.787411689758300781e-01
9.799916744232177734e-01
9.899958372116088867e-01
9.862442612648010254e-01
9.883284568786621094e-01
9.749895930290222168e-01
9.799916744232177734e-01
9.829095602035522461e-01
9.924968481063842773e-01
9.887453317642211914e-01
9.891621470451354980e-01
9.837432503700256348e-01
9.624843597412109375e-01
9.916632175445556641e-01
9.849937558174133301e-01
9.895789623260498047e-01
9.958316087722778320e-01
9.829095602035522461e-01
9.829095602035522461e-01
9.879116415977478027e-01
9.899958372116088867e-01
9.916632175445556641e-01
9.766569137573242188e-01
9.949979186058044434e-01
9.787411689758300781e-01
9.879116415977478027e-01
9.870779514312744141e-01
9.845768809318542480e-01
9.937474131584167480e-01
9.991663098335266113e-01
1.000000000000000000e+00
1.000000000000000000e+00
1.000000000000000000e+00
1.000000000000000000e+00
9.637348651885986328e-01
9.616506695747375488e-01
9.887453317642211914e-01
9.962484240531921387e-01
9.874947667121887207e-01
9.949979186058044434e-01
9.916632175445556641e-01
9.741559028625488281e-01
9.824926853179931641e-01
9.941642284393310547e-01
9.974989295005798340e-01
9.983326196670532227e-01
1.000000000000000000e+00
9.774906039237976074e-01
9.729053974151611328e-01
9.866611361503601074e-01
