1.432510493510479738e-02
7.782582384037186295e-03
7.727498750793707766e-03
6.026927127945110735e-03
3.984347173990213792e-03
4.675583131157570564e-03
1.041033743653440712e-03
3.108133382334288264e-03
7.507761372013805126e-03
7.705880670650874266e-03
2.120162646456535960e-03
1.117232092746230261e-02
7.085361915200441563e-03
8.059238880650880163e-03
5.345705586265158890e-03
2.697522439790438816e-03
1.042280857374190120e-03
9.401814413094159882e-04
6.303948898023975685e-03
8.249874905613232765e-03
4.043477224290503887e-03
7.024209212068085323e-03
1.104379170518426153e-03
2.192415006038115396e-03
1.094437441903858745e-03
9.319955005983218254e-04
2.248522795962597676e-03
3.931169662021723014e-03
3.105745226582720935e-03
8.023091210956323147e-03
2.836461380276791584e-03
6.542410952485996564e-03
3.417917670954338447e-03
2.222509255511390808e-03
1.782332153195675083e-03
9.917139497240580470e-04
7.125805804202706411e-04
1.655796127792156808e-03
7.650615164036995725e-04
4.401482361327779293e-03
7.548161097787816102e-04
6.898689017669288725e-04
6.728585871953548679e-04
3.189587537626025100e-03
1.989660572776699027e-02
7.326048627657468469e-03
5.466208997062261057e-03
3.801593429330456849e-03
1.999616419670675448e-03
6.653512715058053665e-04
