8.770492076873779297e-01
9.327731132507324219e-01
9.576271176338195801e-01
9.504132270812988281e-01
9.583333134651184082e-01
9.669421315193176270e-01
1.000000000000000000e+00
9.836065769195556641e-01
9.186992049217224121e-01
9.230769276618957520e-01
9.756097793579101562e-01
9.243697524070739746e-01
9.180327653884887695e-01
9.327731132507324219e-01
9.354838728904724121e-01
9.752066135406494141e-01
1.000000000000000000e+00
1.000000000000000000e+00
9.416666626930236816e-01
9.112903475761413574e-01
9.435483813285827637e-01
9.421487450599670410e-01
1.000000000000000000e+00
9.754098653793334961e-01
9.918032884597778320e-01
9.918699264526367188e-01
9.674796462059020996e-01
9.583333134651184082e-01
9.752066135406494141e-01
9.421487450599670410e-01
9.834710955619812012e-01
9.504132270812988281e-01
9.831932783126831055e-01
9.672130942344665527e-01
9.836065769195556641e-01
1.000000000000000000e+00
1.000000000000000000e+00
9.918032884597778320e-01
1.000000000000000000e+00
9.831932783126831055e-01
1.000000000000000000e+00
1.000000000000000000e+00
1.000000000000000000e+00
9.677419066429138184e-01
9.059829115867614746e-01
9.344262480735778809e-01
9.349593520164489746e-01
9.833333492279052734e-01
9.916666746139526367e-01
1.000000000000000000e+00
