2.398348586592453230e-02
9.557973562432630840e-03
9.055349286242011728e-03
7.581306964111756905e-03
5.074868133403833727e-03
1.104501413554051688e-02
9.556140945613951151e-03
1.479615072340726215e-02
5.585901571194549012e-03
1.169645777160211245e-02
6.230228470872701922e-03
3.012706925787315276e-03
1.243402599288154697e-03
1.696501759788608113e-03
2.898473459995897211e-03
7.154582733195865608e-03
7.328009732632679261e-03
8.152177504659581520e-03
3.173726674875177421e-03
3.499864556986137434e-03
5.492907927507420691e-03
6.100311699027026122e-03
3.212931336850778641e-03
4.236664618650967488e-03
3.363756964994244099e-03
7.693462348228072116e-04
6.930910274839268727e-04
7.312727955723256163e-04
6.892373248635462078e-04
7.230156141847183041e-04
6.903419354497346240e-04
8.505616314634366001e-03
1.049302663817513505e-02
1.133973009581136157e-02
1.195949050716969136e-02
5.589996959347609019e-03
9.601170840047016557e-04
1.191409402531837551e-03
3.747181072831153904e-03
5.071841588782355012e-03
3.796192543521074384e-03
1.674741535353027307e-03
1.599899415477094248e-03
8.604589744616717622e-04
6.487513841602392467e-04
6.382232626514158531e-04
6.180482357149711444e-04
6.286110495410103484e-04
5.952604445205492926e-04
5.910594198098662391e-04
