1.111111119389533997e-01
3.411764800548553467e-01
4.059405922889709473e-01
5.760869383811950684e-01
4.455445408821105957e-01
5.851063728332519531e-01
6.326530575752258301e-01
6.132075190544128418e-01
5.961538553237915039e-01
5.480769276618957520e-01
6.415094137191772461e-01
6.310679316520690918e-01
5.283018946647644043e-01
7.474747300148010254e-01
7.551020383834838867e-01
7.647058963775634766e-01
6.633663177490234375e-01
7.128713130950927734e-01
6.944444179534912109e-01
7.475728392601013184e-01
7.326732873916625977e-01
7.128713130950927734e-01
7.428571581840515137e-01
8.090909123420715332e-01
8.365384340286254883e-01
7.870370149612426758e-01
8.446602225303649902e-01
8.224298954010009766e-01
8.349514603614807129e-01
8.867924809455871582e-01
8.807339668273925781e-01
8.571428656578063965e-01
8.440366983413696289e-01
8.396226167678833008e-01
8.571428656578063965e-01
8.240740895271301270e-01
8.165137767791748047e-01
9.158878326416015625e-01
8.771929740905761719e-01
8.504672646522521973e-01
8.440366983413696289e-01
9.266055226325988770e-01
9.090909361839294434e-01
8.888888955116271973e-01
9.464285969734191895e-01
9.439252614974975586e-01
9.174311757087707520e-01
9.292035102844238281e-01
9.272727370262145996e-01
9.065420627593994141e-01
9.724770784378051758e-01
9.642857313156127930e-01
8.392857313156127930e-01
8.715596199035644531e-01
8.857142925262451172e-01
9.369369149208068848e-01
9.130434989929199219e-01
8.999999761581420898e-01
9.369369149208068848e-01
9.549549818038940430e-01
9.122806787490844727e-01
9.174311757087707520e-01
9.729729890823364258e-01
9.642857313156127930e-01
9.633027315139770508e-01
9.351851940155029297e-01
8.928571343421936035e-01
9.549549818038940430e-01
9.537037014961242676e-01
9.292035102844238281e-01
8.672566413879394531e-01
9.553571343421936035e-01
8.909090757369995117e-01
9.639639854431152344e-01
9.469026327133178711e-01
9.459459185600280762e-01
9.633027315139770508e-01
9.385964870452880859e-01
9.636363387107849121e-01
9.818181991577148438e-01
9.553571343421936035e-01
9.369369149208068848e-01
9.285714030265808105e-01
9.646017551422119141e-01
9.722222089767456055e-01
9.727272987365722656e-01
9.729729890823364258e-01
9.642857313156127930e-01
9.911504387855529785e-01
9.639639854431152344e-01
9.369369149208068848e-01
9.469026327133178711e-01
9.909090995788574219e-01
9.639639854431152344e-01
9.473684430122375488e-01
9.375000000000000000e-01
9.553571343421936035e-01
9.369369149208068848e-01
9.909909963607788086e-01
9.821428656578063965e-01
9.375000000000000000e-01
9.732142686843872070e-01
9.196428656578063965e-01
9.459459185600280762e-01
9.821428656578063965e-01
9.823008775711059570e-01
9.469026327133178711e-01
9.639639854431152344e-01
1.000000000000000000e+00
1.000000000000000000e+00
9.734513163566589355e-01
9.217391014099121094e-01
9.074074029922485352e-01
9.639639854431152344e-01
1.000000000000000000e+00
9.910714030265808105e-01
1.000000000000000000e+00
1.000000000000000000e+00
1.000000000000000000e+00
1.000000000000000000e+00
1.000000000000000000e+00
1.000000000000000000e+00
1.000000000000000000e+00
1.000000000000000000e+00
1.000000000000000000e+00
1.000000000000000000e+00
1.000000000000000000e+00
1.000000000000000000e+00
1.000000000000000000e+00
1.000000000000000000e+00
1.000000000000000000e+00
1.000000000000000000e+00
1.000000000000000000e+00
1.000000000000000000e+00
1.000000000000000000e+00
9.189189076423645020e-01
8.303571343421936035e-01
9.821428656578063965e-01
9.363636374473571777e-01
9.473684430122375488e-01
1.000000000000000000e+00
9.469026327133178711e-01
9.469026327133178711e-01
9.819819927215576172e-01
9.729729890823364258e-01
9.819819927215576172e-01
9.380530714988708496e-01
9.646017551422119141e-01
9.642857313156127930e-01
1.000000000000000000e+00
