8.898305296897888184e-01
9.008264541625976562e-01
9.090909361839294434e-01
9.661017060279846191e-01
9.590163826942443848e-01
9.008264541625976562e-01
9.583333134651184082e-01
9.499999880790710449e-01
9.661017060279846191e-01
9.750000238418579102e-01
9.669421315193176270e-01
9.508196711540222168e-01
9.674796462059020996e-01
9.316239356994628906e-01
9.344262480735778809e-01
9.674796462059020996e-01
9.834710955619812012e-01
9.586777091026306152e-01
9.344262480735778809e-01
9.262295365333557129e-01
9.593495726585388184e-01
9.834710955619812012e-01
9.754098653793334961e-01
9.917355179786682129e-01
9.915966391563415527e-01
9.047619104385375977e-01
9.416666626930236816e-01
9.672130942344665527e-01
9.674796462059020996e-01
1.000000000000000000e+00
9.593495726585388184e-01
9.836065769195556641e-01
9.516128897666931152e-01
9.754098653793334961e-01
9.579831957817077637e-01
1.000000000000000000e+00
9.916666746139526367e-01
1.000000000000000000e+00
1.000000000000000000e+00
1.000000000000000000e+00
9.834710955619812012e-01
8.960000276565551758e-01
9.586777091026306152e-01
9.586777091026306152e-01
1.000000000000000000e+00
1.000000000000000000e+00
9.918032884597778320e-01
9.834710955619812012e-01
9.354838728904724121e-01
9.752066135406494141e-01
