6.250000000000000000e-02
1.162790730595588684e-01
3.953488469123840332e-01
5.087719559669494629e-01
4.600000083446502686e-01
5.735294222831726074e-01
7.049180269241333008e-01
6.133333444595336914e-01
6.710526347160339355e-01
6.944444179534912109e-01
6.823529601097106934e-01
7.073170542716979980e-01
7.142857313156127930e-01
7.032967209815979004e-01
7.195122241973876953e-01
6.999999880790710449e-01
6.956521868705749512e-01
7.684210538864135742e-01
7.553191781044006348e-01
6.947368383407592773e-01
8.023256063461303711e-01
7.446808218955993652e-01
7.525773048400878906e-01
7.391304373741149902e-01
7.916666865348815918e-01
7.070707082748413086e-01
7.872340679168701172e-01
7.395833134651184082e-01
8.421052694320678711e-01
7.956989407539367676e-01
8.191489577293395996e-01
8.736842274665832520e-01
7.676767706871032715e-01
7.777777910232543945e-01
8.021978139877319336e-01
8.269230723381042480e-01
8.137254714965820312e-01
7.714285850524902344e-01
8.349514603614807129e-01
8.399999737739562988e-01
8.613861203193664551e-01
7.549019455909729004e-01
8.272727131843566895e-01
8.600000143051147461e-01
8.899999856948852539e-01
8.454545736312866211e-01
8.380952477455139160e-01
7.884615659713745117e-01
7.821782231330871582e-01
8.235294222831726074e-01
8.543689250946044922e-01
8.679245114326477051e-01
8.446602225303649902e-01
8.558558821678161621e-01
8.962264060974121094e-01
8.750000000000000000e-01
8.518518805503845215e-01
9.215686321258544922e-01
8.518518805503845215e-01
8.750000000000000000e-01
9.047619104385375977e-01
9.333333373069763184e-01
9.174311757087707520e-01
8.365384340286254883e-01
9.357798099517822266e-01
9.082568883895874023e-01
9.245283007621765137e-01
8.623853325843811035e-01
9.357798099517822266e-01
8.727272748947143555e-01
9.363636374473571777e-01
9.541284441947937012e-01
8.611111044883728027e-01
9.009009003639221191e-01
9.035087823867797852e-01
9.629629850387573242e-01
8.909090757369995117e-01
9.150943160057067871e-01
9.181818366050720215e-01
9.345794320106506348e-01
9.444444179534912109e-01
9.339622855186462402e-01
9.449541568756103516e-01
9.203540086746215820e-01
9.464285969734191895e-01
9.545454382896423340e-01
9.549549818038940430e-01
9.541284441947937012e-01
9.292035102844238281e-01
9.333333373069763184e-01
9.561403393745422363e-01
9.727272987365722656e-01
9.557521939277648926e-01
9.166666865348815918e-01
9.557521939277648926e-01
8.938053250312805176e-01
9.545454382896423340e-01
9.304347634315490723e-01
9.629629850387573242e-01
9.385964870452880859e-01
9.821428656578063965e-01
9.454545378684997559e-01
9.272727370262145996e-01
9.130434989929199219e-01
9.174311757087707520e-01
9.561403393745422363e-01
9.464285969734191895e-01
9.380530714988708496e-01
9.732142686843872070e-01
9.910714030265808105e-01
9.557521939277648926e-01
9.912280440330505371e-01
9.661017060279846191e-01
8.938053250312805176e-01
9.823008775711059570e-01
9.826086759567260742e-01
9.210526347160339355e-01
9.469026327133178711e-01
9.909090995788574219e-01
9.646017551422119141e-01
1.000000000000000000e+00
9.292035102844238281e-01
1.000000000000000000e+00
9.736841917037963867e-01
9.910714030265808105e-01
9.391304254531860352e-01
9.913043379783630371e-01
9.823008775711059570e-01
9.375000000000000000e-01
9.652174115180969238e-01
9.736841917037963867e-01
9.819819927215576172e-01
9.652174115180969238e-01
9.391304254531860352e-01
9.911504387855529785e-01
9.739130139350891113e-01
9.565217494964599609e-01
9.646017551422119141e-01
9.736841917037963867e-01
9.732142686843872070e-01
9.826086759567260742e-01
9.826086759567260742e-01
9.130434989929199219e-01
9.292035102844238281e-01
9.912280440330505371e-01
9.824561476707458496e-01
9.741379022598266602e-01
9.661017060279846191e-01
8.648648858070373535e-01
9.636363387107849121e-01
