3.789466282782040230e-01
2.156378225342667765e-01
1.842812709606412025e-01
1.407207979825788047e-01
1.290852818749923803e-01
1.072928504126016425e-01
9.871971055707770559e-02
9.328538094716141982e-02
8.909821345772098167e-02
7.529558810446781991e-02
8.463542367073748074e-02
7.168786990970184292e-02
7.558323604958505637e-02
6.909324773380544349e-02
6.302516107547863344e-02
6.073305292531501476e-02
6.064291382220280552e-02
5.686737533540604794e-02
5.365062045669832802e-02
5.428325817548132481e-02
5.043596213073105183e-02
5.376157647774536946e-02
5.096566757049419277e-02
3.793110095988368180e-02
4.462036429575583218e-02
4.404844265738325215e-02
4.232260855603924010e-02
4.386556975984547829e-02
4.684451597437545856e-02
4.080565338225810440e-02
3.615240634724214280e-02
3.462827441209718332e-02
3.736130933964479373e-02
3.086663216257952078e-02
3.320385818430724584e-02
3.715350598411882449e-02
3.122479337041146261e-02
3.311051976821733495e-02
3.141406233463806680e-02
2.871384545896855933e-02
2.739093796836397296e-02
3.172440951851532992e-02
3.301886684798790994e-02
2.626437962748283395e-02
3.236774281864438635e-02
2.565804428596199158e-02
2.328844228637332037e-02
2.332080298199871657e-02
2.550363628796240706e-02
2.287455759970097313e-02
2.050741259559957577e-02
2.873822451338770359e-02
2.361040353719893320e-02
2.258794775173603511e-02
2.079898573851988661e-02
2.019465471316625113e-02
2.037432053116549832e-02
1.956455630996514414e-02
2.063077060226154238e-02
2.256550139922798223e-02
1.904610099383171121e-02
1.418344197211980108e-02
1.687034501936325939e-02
2.333064651912192602e-02
1.525193826638036182e-02
2.066734126101525681e-02
1.576740257646770324e-02
1.357737582271434373e-02
1.373816553310315894e-02
1.287549892397120942e-02
1.368857870209198163e-02
1.200246207463312800e-02
1.101741559344716036e-02
1.488443609563354190e-02
1.450594844969962244e-02
1.608194563577215394e-02
1.525735450300130108e-02
1.115665236547053706e-02
1.184767206447557425e-02
1.245319156633812110e-02
1.008385395464816113e-02
1.321548517516776822e-02
1.201138229067998456e-02
1.580259338111850848e-02
1.108947648882401167e-02
1.185728003297505107e-02
1.481966985779446279e-02
1.062193757429104671e-02
1.348017842636835446e-02
1.591863475566686684e-02
1.297839141919437077e-02
2.089033140398239077e-02
1.080621506333603182e-02
8.938298236566888377e-03
8.585687031768592797e-03
9.752203916981186382e-03
7.268670195158389961e-03
5.684418127562921273e-03
8.172923108911335152e-03
4.039859620895607309e-03
1.207241494326712419e-02
1.229354454712434236e-02
8.270893669145745405e-03
1.088605726598496082e-02
7.704665776791078807e-03
5.681260328397281199e-03
1.174080325168484588e-02
1.710466057595739706e-02
1.091410676499801093e-02
6.159970839409428973e-03
3.972158423993130474e-03
2.758892454831107007e-03
4.905046006028656452e-03
1.720481786552036790e-02
1.100204603782959333e-02
5.532236110298928249e-03
3.816436912025665800e-03
5.687938478753663471e-03
1.053884957576402964e-02
6.052823897577176357e-03
6.981845032837218600e-03
4.436153163523049239e-03
3.898267922716227175e-03
3.261452756672467493e-03
4.621596344673797700e-03
2.004517522761617779e-02
7.553396605675838892e-03
7.489790288174237587e-03
1.109385656959812304e-02
5.855045936594128336e-03
5.285043543161348049e-03
2.363082282570039272e-03
4.939335722940921096e-03
5.056835181546450592e-03
6.264362882106046942e-03
1.210660059020773720e-02
4.262100142076312090e-03
2.974043855390434699e-03
3.570900738306233106e-03
5.601703832743110123e-03
6.468344613886093872e-03
1.002880937177156283e-02
4.047543360668591148e-03
1.393127412043992323e-03
4.009893325494157286e-03
9.873221276709948091e-03
1.355325760945961210e-02
4.868480069173921482e-03
4.322172932126943333e-03
1.776956878651728957e-03
