6.766917556524276733e-02
1.568627506494522095e-01
2.770562767982482910e-01
3.879310488700866699e-01
4.819277226924896240e-01
5.547170042991638184e-01
6.174242496490478516e-01
6.459854245185852051e-01
6.468531489372253418e-01
7.272727489471435547e-01
6.965517401695251465e-01
7.500000000000000000e-01
7.291666865348815918e-01
7.278911471366882324e-01
7.548387050628662109e-01
7.803278565406799316e-01
7.759197354316711426e-01
7.734627723693847656e-01
8.071895241737365723e-01
7.898089289665222168e-01
8.274760246276855469e-01
8.133333325386047363e-01
8.167202472686767578e-01
8.782051205635070801e-01
8.474025726318359375e-01
8.717948794364929199e-01
8.511326909065246582e-01
8.434504866600036621e-01
8.205128312110900879e-01
8.823529481887817383e-01
8.802589178085327148e-01
8.925081491470336914e-01
8.611987233161926270e-01
8.964401483535766602e-01
8.817891478538513184e-01
8.681672215461730957e-01
8.906752467155456543e-01
8.957654833793640137e-01
8.730158805847167969e-01
9.012739062309265137e-01
9.035369753837585449e-01
8.832807540893554688e-01
8.794788122177124023e-01
9.113923907279968262e-01
8.810289502143859863e-01
9.126213788986206055e-01
9.140127301216125488e-01
9.235668778419494629e-01
9.116719365119934082e-01
9.065420627593994141e-01
9.156249761581420898e-01
8.785046935081481934e-01
9.073482155799865723e-01
9.088050127029418945e-01
9.062500000000000000e-01
9.216300845146179199e-01
9.190031290054321289e-01
9.206349253654479980e-01
9.127725958824157715e-01
8.978328108787536621e-01
9.310345053672790527e-01
9.496855139732360840e-01
9.245283007621765137e-01
9.093750119209289551e-01
9.281250238418579102e-01
9.281250238418579102e-01
9.432176947593688965e-01
9.440993666648864746e-01
9.535603523254394531e-01
9.501557350158691406e-01
9.261538386344909668e-01
9.563862681388854980e-01
9.565217494964599609e-01
9.504643678665161133e-01
9.314641952514648438e-01
9.197530746459960938e-01
9.442724585533142090e-01
9.592476487159729004e-01
9.507692456245422363e-01
9.470404982566833496e-01
9.628483057022094727e-01
9.496855139732360840e-01
9.388379454612731934e-01
9.266055226325988770e-01
9.537037014961242676e-01
9.496855139732360840e-01
9.529780745506286621e-01
9.596273303031921387e-01
9.473684430122375488e-01
9.444444179534912109e-01
9.442724585533142090e-01
9.079754352569580078e-01
9.598765373229980469e-01
9.719626307487487793e-01
9.571865200996398926e-01
9.627329111099243164e-01
9.721361994743347168e-01
9.756838679313659668e-01
9.723926186561584473e-01
9.907692074775695801e-01
9.331306815147399902e-01
9.622641801834106445e-01
9.752321839332580566e-01
9.473684430122375488e-01
9.723926186561584473e-01
9.755351543426513672e-01
9.506173133850097656e-01
9.285714030265808105e-01
9.510703086853027344e-01
9.695122241973876953e-01
9.938650131225585938e-01
9.909090995788574219e-01
9.877300858497619629e-01
9.197530746459960938e-01
9.476923346519470215e-01
9.815950989723205566e-01
9.938650131225585938e-01
9.815950989723205566e-01
9.516616463661193848e-01
9.784615635871887207e-01
9.692307710647583008e-01
9.787234067916870117e-01
9.787234067916870117e-01
9.878787994384765625e-01
9.907692074775695801e-01
9.088146090507507324e-01
9.753845930099487305e-01
9.599999785423278809e-01
9.510703086853027344e-01
9.755351543426513672e-01
9.815384745597839355e-01
9.939024448394775391e-01
9.787234067916870117e-01
9.785932898521423340e-01
9.727272987365722656e-01
9.512194991111755371e-01
9.877300858497619629e-01
9.908536672592163086e-01
9.787878990173339844e-01
9.815950989723205566e-01
9.726443886756896973e-01
9.542682766914367676e-01
9.818181991577148438e-01
9.969696998596191406e-01
9.847095012664794922e-01
9.723076820373535156e-01
9.475308656692504883e-01
9.727272987365722656e-01
9.816513657569885254e-01
9.939209818840026855e-01
