2.761155028478880502e-01
1.576925993800039616e-01
1.337886196339282963e-01
1.128145914427490515e-01
1.029473731545073323e-01
9.862873255426617136e-02
9.488472929473147632e-02
9.123370525428220468e-02
8.806772028719890566e-02
8.726207263974097850e-02
8.071276920242485831e-02
7.860105541634369863e-02
7.642434625158217587e-02
7.617896430386408846e-02
6.946228922087736846e-02
7.310284742725813023e-02
6.685008978521650436e-02
7.189443937576790733e-02
6.820196330779830507e-02
6.281343659804772273e-02
6.610588825544191915e-02
5.957861704927417540e-02
6.026406768034001799e-02
5.463046989740868997e-02
5.677985794213544213e-02
5.524030744857284098e-02
4.977486339837661200e-02
5.396008804798808900e-02
5.176461318804206208e-02
5.592911763827912441e-02
5.043078217682459008e-02
4.599513956158691325e-02
4.605823671499052058e-02
4.663635028358528029e-02
4.638599058914746887e-02
4.500569924818864642e-02
4.176040759543911407e-02
3.967493786199151329e-02
4.097442299279143579e-02
4.116092033311596204e-02
3.836329805154221895e-02
3.893439145954182001e-02
3.803687115242491285e-02
3.745995037651665693e-02
3.742602674476039337e-02
3.833874768949484257e-02
3.804173398116768301e-02
3.445781566140469765e-02
3.391395405014711872e-02
3.595091965168512732e-02
3.368974322466269933e-02
3.381168164615600685e-02
3.120987352004202589e-02
3.337774825395654205e-02
3.248187779879432857e-02
3.434914923323839631e-02
3.072039216748727319e-02
3.037364003692492528e-02
3.068102832819402312e-02
2.986336547547701822e-02
2.879970010716922588e-02
2.790467494552691108e-02
3.053771794767154435e-02
2.711396379665006323e-02
2.594879014654785654e-02
2.744784770012990635e-02
2.458880953815614084e-02
2.302508922035867087e-02
2.399634345005709213e-02
2.420639604750728438e-02
2.207527936810135122e-02
2.207647773036976527e-02
2.332124341933362183e-02
2.294056059614954166e-02
2.436672482836456377e-02
2.503469996820162705e-02
2.124392155816579378e-02
1.921131143671814603e-02
1.614145749301308316e-02
1.996932201291093736e-02
2.144341001946220571e-02
1.872921952582218622e-02
1.753244862104606783e-02
1.552543934596638253e-02
1.766003587062974639e-02
1.470383091994387388e-02
1.541847810230125362e-02
1.439627685853464394e-02
1.280317081069790898e-02
1.444670096071409317e-02
1.733355111732805959e-02
1.795981949415611720e-02
1.465179374290468718e-02
1.050571917265414983e-02
1.150083083595653151e-02
9.780805769876835948e-03
1.044883562806221688e-02
1.244719450628494969e-02
8.573141870400787304e-03
1.003165156060653769e-02
1.161228619569559632e-02
8.161577388507368358e-03
1.053650032892201188e-02
8.863518001732051052e-03
1.066840673475665836e-02
8.928391916885849294e-03
1.162304256797654957e-02
1.111559089271972785e-02
6.966573013179344111e-03
8.392708358374731392e-03
4.663002914656427279e-03
5.212202107093787812e-03
9.143422547012789239e-03
9.762424301467452145e-03
5.483120049170325111e-03
6.232668351840907339e-03
6.393695032951854373e-03
9.025711656449917492e-03
7.339090704047881997e-03
5.170235613575219734e-03
4.777650308394530872e-03
5.001220787887747030e-03
5.577309458687002355e-03
8.284918245478658724e-03
5.014483452794035907e-03
6.286978838144624375e-03
8.424437139460626972e-03
4.692397000153508344e-03
2.231104225198593527e-03
2.525912795646443210e-03
1.071010657747171850e-02
4.933255162861716406e-03
4.897692043007112125e-03
6.682949163332489555e-03
5.675812141644069435e-03
3.762015237677168375e-03
2.435375090000379151e-03
1.890123249676879712e-03
4.655836563915743097e-03
8.441549297925355841e-03
8.560351839020910805e-03
3.803284872378662890e-03
1.189904536826695818e-03
5.528032296914614204e-04
1.891062160888834368e-03
5.784690213510667797e-03
1.205202142153155402e-02
2.660387744351612200e-03
9.051478457770854380e-04
1.173608001432756070e-03
