5.649717524647712708e-03
6.756756920367479324e-03
2.830188721418380737e-02
1.212121248245239258e-01
1.216216236352920532e-01
8.333333581686019897e-02
1.358024626970291138e-01
1.410256475210189819e-01
1.756756752729415894e-01
1.428571492433547974e-01
2.051282078027725220e-01
2.716049253940582275e-01
2.337662279605865479e-01
2.417582422494888306e-01
3.906250000000000000e-01
3.125000000000000000e-01
3.253012001514434814e-01
3.333333432674407959e-01
3.000000119209289551e-01
4.062500000000000000e-01
3.333333432674407959e-01
4.215686321258544922e-01
3.958333432674407959e-01
4.893617033958435059e-01
4.000000059604644775e-01
4.444444477558135986e-01
5.306122303009033203e-01
4.150943458080291748e-01
5.436893105506896973e-01
3.928571343421936035e-01
5.585585832595825195e-01
5.865384340286254883e-01
5.145630836486816406e-01
5.371900796890258789e-01
5.563910007476806641e-01
5.736433863639831543e-01
5.923076868057250977e-01
6.616541147232055664e-01
6.693548560142517090e-01
6.719999909400939941e-01
6.510066986083984375e-01
6.642335653305053711e-01
6.621621847152709961e-01
6.946564912796020508e-01
6.595744490623474121e-01
6.291390657424926758e-01
6.418918967247009277e-01
7.372262477874755859e-01
7.092198729515075684e-01
6.778523325920104980e-01
7.171052694320678711e-01
7.032257914543151855e-01
7.368420958518981934e-01
7.189542651176452637e-01
7.516778707504272461e-01
7.371794581413269043e-01
7.792207598686218262e-01
7.651006579399108887e-01
7.546012401580810547e-01
7.106918096542358398e-01
6.878980994224548340e-01
7.484276890754699707e-01
7.235293984413146973e-01
7.485380172729492188e-01
8.011695742607116699e-01
7.528735399246215820e-01
7.528735399246215820e-01
8.424242138862609863e-01
7.931034564971923828e-01
7.953216433525085449e-01
8.245614171028137207e-01
8.409090638160705566e-01
7.828571200370788574e-01
8.228571414947509766e-01
7.740113139152526855e-01
8.033707737922668457e-01
8.232043981552124023e-01
8.469945192337036133e-01
8.556149601936340332e-01
8.268156647682189941e-01
8.315217494964599609e-01
8.333333134651184082e-01
8.297872543334960938e-01
8.743455410003662109e-01
8.402062058448791504e-01
8.622449040412902832e-01
8.390243649482727051e-01
8.775510191917419434e-01
8.888888955116271973e-01
8.522167205810546875e-01
8.316831588745117188e-01
8.316326737403869629e-01
8.606964945793151855e-01
9.107981324195861816e-01
8.916256427764892578e-01
9.245283007621765137e-01
8.935185074806213379e-01
8.551402091979980469e-01
9.036697149276733398e-01
9.027777910232543945e-01
8.904761672019958496e-01
9.166666865348815918e-01
9.205607771873474121e-01
9.082568883895874023e-01
9.069767594337463379e-01
8.959276080131530762e-01
9.120370149612426758e-01
8.920187950134277344e-01
9.200000166893005371e-01
8.999999761581420898e-01
9.683257937431335449e-01
9.515418410301208496e-01
8.933333158493041992e-01
9.032257795333862305e-01
9.482758641242980957e-01
9.385964870452880859e-01
9.324324131011962891e-01
9.017857313156127930e-01
9.454545378684997559e-01
9.557521939277648926e-01
9.480519294738769531e-01
9.385964870452880859e-01
9.411764740943908691e-01
9.078947305679321289e-01
9.353448152542114258e-01
9.385964870452880859e-01
8.995633125305175781e-01
9.478260874748229980e-01
9.825327396392822266e-01
9.698275923728942871e-01
9.136363863945007324e-01
9.393939375877380371e-01
9.601770043373107910e-01
9.298245906829833984e-01
9.391304254531860352e-01
9.736841917037963867e-01
9.737991094589233398e-01
9.787234067916870117e-01
9.644444584846496582e-01
9.260869622230529785e-01
9.008620977401733398e-01
9.606986641883850098e-01
1.000000000000000000e+00
9.957627058029174805e-01
9.785407781600952148e-01
9.304347634315490723e-01
8.805309534072875977e-01
9.620253443717956543e-01
9.957264661788940430e-01
9.829787015914916992e-01
