19
[0.09008023764293355, 0.94871795, 0.5522388]

21
[0.06058856529685167, 0.95, 0.8507463]

23
[0.046732004216979615, 0.87096775, 0.80597013]

25
[0.06788798283937816, 0.91071427, 0.76119405]

27
[0.09013323647825298, 0.9285714, 0.58208954]

29
[0.1640852044701415, 0.95454544, 0.6268657]

31
[0.06401769991162627, 0.91071427, 0.76119405]

33
[0.04236883578974252, 0.884058, 0.9104478]

vote:
precision= 0.7125
recall= 0.8507462686567164
f1= 0.7755102040816327

probability:
precision= 1.0
recall= 0.7611940298507462
f1= 0.864406779661017

