8.888888955116271973e-01
8.595041036605834961e-01
8.828828930854797363e-01
8.974359035491943359e-01
8.974359035491943359e-01
9.008264541625976562e-01
8.938053250312805176e-01
8.991596698760986328e-01
9.743589758872985840e-01
9.396551847457885742e-01
9.051724076271057129e-01
9.333333373069763184e-01
9.426229596138000488e-01
9.217391014099121094e-01
9.652174115180969238e-01
9.316239356994628906e-01
8.739495873451232910e-01
9.557521939277648926e-01
9.663865566253662109e-01
9.173553586006164551e-01
9.658119678497314453e-01
9.830508232116699219e-01
9.576271176338195801e-01
9.430894255638122559e-01
9.504132270812988281e-01
9.159663915634155273e-01
9.406779408454895020e-01
9.741379022598266602e-01
9.491525292396545410e-01
9.572649598121643066e-01
9.661017060279846191e-01
9.504132270812988281e-01
9.256198406219482422e-01
9.250000119209289551e-01
9.914529919624328613e-01
9.827586412429809570e-01
9.583333134651184082e-01
9.833333492279052734e-01
9.747899174690246582e-01
9.672130942344665527e-01
9.586777091026306152e-01
9.421487450599670410e-01
9.576271176338195801e-01
9.833333492279052734e-01
9.672130942344665527e-01
9.752066135406494141e-01
9.833333492279052734e-01
9.421487450599670410e-01
9.421487450599670410e-01
9.750000238418579102e-01
