4.529018298148740351e-01
1.406468486129569262e-01
1.072099020175941164e-01
9.593057319124309590e-02
9.434420894759390497e-02
6.635091536911023880e-02
7.843085490772176704e-02
7.158133121349971595e-02
6.377435731143335507e-02
5.911974136826379789e-02
5.401669640874826039e-02
5.280268896437392140e-02
5.213442350444596335e-02
4.925893966543609670e-02
5.478859029865873476e-02
4.781812320521702103e-02
4.932637996928390667e-02
4.781099787228276082e-02
3.984447697297095747e-02
3.857426742078810117e-02
4.711530283266320007e-02
3.939435077933428619e-02
4.187585807449348968e-02
4.028313469836072164e-02
3.878910207943753186e-02
4.315774265477939631e-02
3.637183602965578938e-02
3.641271444969599452e-02
3.685379246421221361e-02
3.098761914362763506e-02
2.980880137988166714e-02
3.225011498957573025e-02
2.977384695436082265e-02
2.884607367384645765e-02
3.014657163253516362e-02
3.030075137456626766e-02
2.028973233199635878e-02
2.765840340379772597e-02
2.174549450851510218e-02
2.196968418646139815e-02
2.613357096414923794e-02
2.307779801330959307e-02
2.660919475741540391e-02
2.344943648629172969e-02
2.251918103447946018e-02
2.568512439168845612e-02
1.476473854573793522e-02
2.205902153564140086e-02
1.588119598421032508e-02
1.395840183215911641e-02
1.540349968273281925e-02
3.154296910841153379e-02
1.584935648264529026e-02
1.119554214422970560e-02
1.777108704738970119e-02
1.895722556118806593e-02
1.349527790223385877e-02
5.962706351766545489e-03
1.448074773412085479e-02
1.839681156195717426e-02
9.397246629793458428e-03
1.192065715618368174e-02
1.468173733318897320e-02
1.082544935592043289e-02
1.061116704790747087e-02
6.857639668424370984e-03
1.321488241423771429e-02
1.138926661167832637e-02
9.683127946465953928e-03
8.514548578765603407e-03
9.507370716730119062e-03
8.482186508538562889e-03
8.190141254654247083e-03
1.294275114909880509e-02
1.351247424596873151e-02
6.863907656264300536e-03
8.388800362135122313e-03
7.399190452608171362e-03
1.462681239689804687e-02
1.555906791399879092e-02
6.159730211846754962e-03
4.389939044961634930e-03
3.299910625751142391e-03
5.010227327021120163e-03
1.193034830099808617e-02
6.397258219498584524e-03
4.495353124187992898e-03
6.690828314040947987e-03
5.498411649336054467e-03
1.072704994565557360e-02
2.649115743900649911e-03
2.761387781669333123e-03
6.623818207573943344e-03
5.978501981847443407e-03
9.671347799378879340e-03
5.201904641209373174e-03
7.999192679132358444e-03
7.949224606315530295e-03
3.924025616742532301e-03
5.790821103197619536e-03
2.932298182828923724e-03
1.325256316792954546e-02
6.393793887874343537e-03
1.667314017179284506e-03
1.602428768814036448e-03
4.834129940718412399e-03
7.318871757354118018e-03
2.599368380668608518e-03
6.800852803753261455e-03
1.744793960824608803e-03
3.072942880091055103e-03
1.720325770620069472e-02
1.122789779801875408e-02
1.931992623622241735e-03
1.216346094667859583e-03
1.025014787938298942e-02
6.522632073265286629e-03
6.346552363544276376e-03
7.000343789643991704e-03
3.931409379086339868e-03
2.394418535921189525e-03
4.916821648953777907e-03
1.420978006650387530e-03
2.357611232253521878e-03
6.604557369827751372e-03
4.446558358633209695e-03
3.487571645729756632e-03
5.398073508360978073e-03
1.593873717343868325e-03
4.154923633612513621e-03
1.592284261950558917e-03
2.917533202441834062e-03
6.979899312753434608e-03
5.404028040609032586e-03
7.023376128313975342e-03
4.046492091978252763e-03
3.791664035472952412e-03
2.120640690489589142e-03
4.536356314397665089e-03
5.138803038718027863e-03
1.418905928266383717e-03
1.098403470444493657e-03
9.128277016982251938e-04
9.008159879245705064e-04
8.834697391149247620e-04
8.735447098866209190e-04
8.594142825883645687e-04
8.470026440093724341e-04
8.407846495724511857e-04
8.192229163811354546e-04
