3.225806355476379395e-02
1.048387065529823303e-01
1.774193495512008667e-01
3.790322542190551758e-01
4.596774280071258545e-01
4.112903177738189697e-01
4.838709533214569092e-01
5.403226017951965332e-01
5.403226017951965332e-01
5.080645084381103516e-01
5.564516186714172363e-01
5.806451439857482910e-01
5.725806355476379395e-01
6.048387289047241211e-01
5.645161271095275879e-01
5.806451439857482910e-01
6.451612710952758789e-01
6.290322542190551758e-01
6.693548560142517090e-01
6.370967626571655273e-01
7.258064746856689453e-01
7.016128897666931152e-01
6.774193644523620605e-01
6.451612710952758789e-01
6.854838728904724121e-01
7.419354915618896484e-01
6.774193644523620605e-01
6.532257795333862305e-01
7.096773982048034668e-01
7.177419066429138184e-01
6.935483813285827637e-01
7.096773982048034668e-01
7.096773982048034668e-01
7.500000000000000000e-01
7.177419066429138184e-01
6.774193644523620605e-01
7.338709831237792969e-01
7.661290168762207031e-01
7.500000000000000000e-01
8.064516186714172363e-01
7.741935253143310547e-01
7.741935253143310547e-01
7.983871102333068848e-01
7.822580933570861816e-01
8.306451439857482910e-01
7.903226017951965332e-01
8.064516186714172363e-01
8.064516186714172363e-01
8.145161271095275879e-01
8.225806355476379395e-01
8.306451439857482910e-01
8.709677457809448242e-01
7.983871102333068848e-01
8.548387289047241211e-01
8.790322542190551758e-01
8.467742204666137695e-01
7.822580933570861816e-01
8.870967626571655273e-01
8.306451439857482910e-01
8.709677457809448242e-01
9.112903475761413574e-01
8.790322542190551758e-01
8.790322542190551758e-01
8.709677457809448242e-01
8.951612710952758789e-01
8.790322542190551758e-01
8.629032373428344727e-01
8.790322542190551758e-01
8.548387289047241211e-01
8.790322542190551758e-01
8.870967626571655273e-01
8.790322542190551758e-01
9.274193644523620605e-01
9.274193644523620605e-01
9.112903475761413574e-01
9.354838728904724121e-01
9.435483813285827637e-01
9.274193644523620605e-01
9.112903475761413574e-01
8.387096524238586426e-01
9.112903475761413574e-01
9.193548560142517090e-01
9.112903475761413574e-01
9.112903475761413574e-01
9.354838728904724121e-01
9.516128897666931152e-01
9.032257795333862305e-01
9.677419066429138184e-01
9.435483813285827637e-01
8.870967626571655273e-01
9.435483813285827637e-01
9.354838728904724121e-01
9.354838728904724121e-01
9.274193644523620605e-01
9.516128897666931152e-01
9.435483813285827637e-01
9.435483813285827637e-01
9.516128897666931152e-01
9.193548560142517090e-01
9.193548560142517090e-01
9.919354915618896484e-01
9.516128897666931152e-01
9.274193644523620605e-01
9.758064746856689453e-01
9.758064746856689453e-01
9.677419066429138184e-01
9.596773982048034668e-01
9.677419066429138184e-01
9.354838728904724121e-01
9.677419066429138184e-01
9.758064746856689453e-01
1.000000000000000000e+00
9.838709831237792969e-01
9.596773982048034668e-01
9.193548560142517090e-01
8.870967626571655273e-01
9.274193644523620605e-01
9.354838728904724121e-01
9.516128897666931152e-01
9.758064746856689453e-01
1.000000000000000000e+00
1.000000000000000000e+00
9.838709831237792969e-01
9.596773982048034668e-01
9.274193644523620605e-01
9.193548560142517090e-01
9.758064746856689453e-01
9.838709831237792969e-01
9.677419066429138184e-01
9.112903475761413574e-01
9.838709831237792969e-01
9.112903475761413574e-01
9.838709831237792969e-01
9.516128897666931152e-01
9.758064746856689453e-01
9.838709831237792969e-01
9.838709831237792969e-01
9.758064746856689453e-01
9.919354915618896484e-01
1.000000000000000000e+00
9.758064746856689453e-01
9.354838728904724121e-01
9.274193644523620605e-01
9.758064746856689453e-01
9.919354915618896484e-01
9.919354915618896484e-01
9.919354915618896484e-01
1.000000000000000000e+00
9.758064746856689453e-01
9.677419066429138184e-01
