3.745437967761244824e-02
1.974458033529654863e-02
1.328838715305017543e-02
9.943917235292851209e-03
1.853812471487798971e-02
8.098476579064581293e-03
9.989941704848376292e-03
5.287125769088482294e-03
5.905113485940165739e-03
3.863780692839679978e-03
2.713666906558564323e-03
2.430130169989139048e-03
9.443537414981746994e-03
1.175140955896477289e-02
1.425335126088407740e-02
1.217186982239516942e-02
3.101700234287964233e-03
3.401624852467765008e-03
1.718132157495496064e-03
1.287031997758031690e-03
1.371105718482573633e-03
1.353005506537076829e-03
9.072690697790913167e-03
2.047053613930609195e-02
1.301905392600511899e-02
7.369172390379415648e-03
2.709612862849057092e-03
3.910338696368990431e-03
6.992174200278338490e-03
1.391858080773422310e-02
9.742664624022406503e-03
2.438257388486935861e-03
1.733627186902429035e-03
1.136108243008082013e-03
1.086532295714183471e-03
1.057070612491772376e-03
6.637990828264747449e-03
1.446482079327204850e-02
8.000136818649030215e-03
1.381138124442815585e-02
3.394241363218751181e-03
3.932478041928704100e-03
5.955826038940709166e-03
4.400002433719373864e-03
1.984551427579602997e-03
7.125027960981110582e-03
2.654214355869227975e-03
1.329065647067153265e-03
1.073068225084211841e-03
9.474047760814751241e-04
