9.603430032730102539e-01
9.699892997741699219e-01
9.699892997741699219e-01
9.796355962753295898e-01
9.667738676071166992e-01
9.828510284423828125e-01
9.796355962753295898e-01
9.903537034988403320e-01
9.871382713317871094e-01
9.935691356658935547e-01
9.967845678329467773e-01
9.967845678329467773e-01
9.796355962753295898e-01
9.753483533859252930e-01
9.689174890518188477e-01
9.753483533859252930e-01
9.946409463882446289e-01
9.935691356658935547e-01
9.978563785552978516e-01
1.000000000000000000e+00
1.000000000000000000e+00
9.989281892776489258e-01
9.871382713317871094e-01
9.581993818283081055e-01
9.796355962753295898e-01
9.849946498870849609e-01
9.946409463882446289e-01
9.957127571105957031e-01
9.828510284423828125e-01
9.807074069976806641e-01
9.742765426635742188e-01
9.989281892776489258e-01
9.967845678329467773e-01
1.000000000000000000e+00
1.000000000000000000e+00
1.000000000000000000e+00
9.903537034988403320e-01
9.721329212188720703e-01
9.871382713317871094e-01
9.774919748306274414e-01
9.935691356658935547e-01
9.935691356658935547e-01
9.849946498870849609e-01
9.924973249435424805e-01
9.978563785552978516e-01
9.860664606094360352e-01
9.967845678329467773e-01
1.000000000000000000e+00
1.000000000000000000e+00
1.000000000000000000e+00
