9.621621370315551758e-01
9.655543565750122070e-01
9.805194735527038574e-01
9.795037508010864258e-01
9.783549904823303223e-01
9.698600769042968750e-01
9.753218889236450195e-01
9.816810488700866699e-01
9.881847500801086426e-01
9.860215187072753906e-01
9.935135245323181152e-01
9.881209731101989746e-01
9.956849813461303711e-01
9.892703890800476074e-01
9.827400445938110352e-01
9.827957153320312500e-01
9.784250259399414062e-01
9.839055538177490234e-01
9.924973249435424805e-01
9.795479178428649902e-01
9.803921580314636230e-01
9.806867241859436035e-01
9.956989288330078125e-01
9.946351647377014160e-01
9.881974458694458008e-01
9.978517889976501465e-01
9.956942796707153320e-01
9.677419066429138184e-01
9.806034564971923828e-01
9.935691356658935547e-01
9.946178793907165527e-01
9.881847500801086426e-01
9.967845678329467773e-01
9.828141927719116211e-01
9.795699119567871094e-01
9.946351647377014160e-01
1.000000000000000000e+00
9.989258646965026855e-01
9.935691356658935547e-01
9.522258639335632324e-01
9.827400445938110352e-01
9.882227182388305664e-01
9.925133585929870605e-01
9.914163351058959961e-01
9.892241358757019043e-01
9.893048405647277832e-01
9.935622215270996094e-01
9.957081675529479980e-01
9.978563785552978516e-01
9.903329610824584961e-01
