7.982261478900909424e-02
1.951219439506530762e-01
2.372505515813827515e-01
2.949002087116241455e-01
2.572062015533447266e-01
3.015521168708801270e-01
3.126385807991027832e-01
3.104212880134582520e-01
3.547671735286712646e-01
3.569844663143157959e-01
3.303769528865814209e-01
3.813747167587280273e-01
3.991130888462066650e-01
3.880265951156616211e-01
3.880265951156616211e-01
4.101995527744293213e-01
4.412416815757751465e-01
4.212860167026519775e-01
4.345898032188415527e-01
4.168514311313629150e-01
4.345898032188415527e-01
4.412416815757751465e-01
5.033259391784667969e-01
4.745011031627655029e-01
4.811529815196990967e-01
4.966740608215332031e-01
4.944567680358886719e-01
5.099778175354003906e-01
4.855875968933105469e-01
5.232815742492675781e-01
5.388026833534240723e-01
5.587583184242248535e-01
5.498891472816467285e-01
5.521064400672912598e-01
5.654101967811584473e-01
5.432372689247131348e-01
5.787139534950256348e-01
6.008869409561157227e-01
5.875831246376037598e-01
5.920177102088928223e-01
6.053215265274047852e-01
6.230598688125610352e-01
6.097561120986938477e-01
6.740576624870300293e-01
6.274944543838500977e-01
6.629711985588073730e-01
6.784922480583190918e-01
6.895787119865417480e-01
6.563193202018737793e-01
6.895787119865417480e-01
7.139689326286315918e-01
6.873614192008972168e-01
7.161862254142761230e-01
7.139689326286315918e-01
7.028824687004089355e-01
7.272727489471435547e-01
7.694013118743896484e-01
7.694013118743896484e-01
8.004434704780578613e-01
7.627494335174560547e-01
7.760531902313232422e-01
7.937915921211242676e-01
7.671840190887451172e-01
6.607539057731628418e-01
7.538802623748779297e-01
7.982261776924133301e-01
7.804877758026123047e-01
8.248336911201477051e-01
8.159645199775695801e-01
8.048780560493469238e-01
8.381374478340148926e-01
8.447893857955932617e-01
8.314855694770812988e-01
8.891352415084838867e-01
8.780487775802612305e-01
8.691796064376831055e-01
8.048780560493469238e-01
8.137472271919250488e-01
9.046562910079956055e-01
8.913525342941284180e-01
8.935698270797729492e-01
9.046562910079956055e-01
7.827051281929016113e-01
8.913525342941284180e-01
9.401330351829528809e-01
9.223946928977966309e-01
9.290465712547302246e-01
9.401330351829528809e-01
9.445676207542419434e-01
9.356984496116638184e-01
9.246119856834411621e-01
8.337028622627258301e-01
8.270509839057922363e-01
9.268292784690856934e-01
9.600886702537536621e-01
9.512194991111755371e-01
7.383592128753662109e-01
8.935698270797729492e-01
9.490022063255310059e-01
9.667405486106872559e-01
9.667405486106872559e-01
9.645232558250427246e-01
9.733924865722656250e-01
9.556540846824645996e-01
9.379157423973083496e-01
9.246119856834411621e-01
9.379157423973083496e-01
9.756097793579101562e-01
1.000000000000000000e+00
9.955654144287109375e-01
9.201774001121520996e-01
9.268292784690856934e-01
9.556540846824645996e-01
9.312638640403747559e-01
9.423503279685974121e-01
9.667405486106872559e-01
9.467849135398864746e-01
9.334811568260192871e-01
9.334811568260192871e-01
9.778270721435546875e-01
9.911308288574218750e-01
1.000000000000000000e+00
1.000000000000000000e+00
1.000000000000000000e+00
1.000000000000000000e+00
9.911308288574218750e-01
8.758314847946166992e-01
8.869179487228393555e-01
9.290465712547302246e-01
9.889135360717773438e-01
9.512194991111755371e-01
9.733924865722656250e-01
9.689579010009765625e-01
9.356984496116638184e-01
9.002217054367065430e-01
9.578713774681091309e-01
9.911308288574218750e-01
9.866962432861328125e-01
9.822616577148437500e-01
9.955654144287109375e-01
9.955654144287109375e-01
9.578713774681091309e-01
9.556540846824645996e-01
9.379157423973083496e-01
9.689579010009765625e-01
9.977827072143554688e-01
1.000000000000000000e+00
1.000000000000000000e+00
9.600886702537536621e-01
9.068736433982849121e-01
