1.045438977646183237e-01
5.581418633951149011e-02
4.411184746046008243e-02
3.727319329683161098e-02
3.369708360862116309e-02
2.887489313939665611e-02
3.142792425435850245e-02
2.809131271202241001e-02
2.432102073928988153e-02
2.572122056916649815e-02
2.190499151199739106e-02
2.262384665036290890e-02
2.106224872137305373e-02
2.075039268091487601e-02
2.298123378831914282e-02
2.090087050794154147e-02
2.256190692418215751e-02
1.786617869919105567e-02
1.917936008146528884e-02
1.615929334263813480e-02
1.959069908620839767e-02
1.628280218901158316e-02
1.626577552507063595e-02
1.904860228523583970e-02
1.374584484367606316e-02
1.663902752361375026e-02
1.611873020180475818e-02
1.523121562896693343e-02
1.219914891223253250e-02
1.375367646202600193e-02
1.500542098661136053e-02
2.080737013690413598e-02
1.581558998629271906e-02
1.186582915143244779e-02
1.628113678298043904e-02
1.215560506798445128e-02
1.318796020488060064e-02
1.036609794109629758e-02
1.210120711623718405e-02
7.985595413525095956e-03
1.278706018552235382e-02
1.044003346009158423e-02
1.166739014323938707e-02
1.254696123516851544e-02
1.040881502447903000e-02
9.366027084103143580e-03
9.348600631534875055e-03
8.071655488835535047e-03
9.999041798992228461e-03
1.002156999338561089e-02
8.995178871165852505e-03
9.958050764042785177e-03
1.079811265704871959e-02
8.859469872471045088e-03
8.788334741685922824e-03
9.175574932343028012e-03
5.933444463136958863e-03
7.017579412223852627e-03
5.937683821409181148e-03
7.088873329270672236e-03
6.431574726788943930e-03
5.908233694742059602e-03
4.999860530781262760e-03
8.835240327661628146e-03
7.866578458580674241e-03
6.038934926709841819e-03
6.892428089326530470e-03
5.569355639027374211e-03
5.925120924167041371e-03
8.100795430826882026e-03
5.652473415135777189e-03
3.146159623779071733e-03
5.303117046278206514e-03
4.813176385117292830e-03
6.038762577501135924e-03
6.152721403742532347e-03
6.783930147381423553e-03
4.100944384552592491e-03
6.339982413503230871e-03
3.272573708692055969e-03
3.155759454173075618e-03
4.129816774462951798e-03
5.069695785997642770e-03
2.906057297437523480e-03
5.418248353087891031e-03
7.264351492202057378e-03
3.003936322752719101e-03
3.629426537527385282e-03
2.677381516713912488e-03
3.214373170775310529e-03
2.536822563360011627e-03
2.550344948044507010e-03
7.072303609635788302e-03
4.088617663793438738e-03
4.127080999827353706e-03
2.245397662971867613e-03
3.220045823797385281e-03
1.139518565089713692e-02
5.143693421336617035e-03
5.098700026583865598e-03
1.956103621889420004e-03
3.230875477617461446e-03
6.602281278151545842e-03
2.705865071045644200e-03
3.512307193122096109e-03
3.676897294217865500e-03
2.325092578882756791e-03
2.922812304029723165e-03
3.374947308907176851e-03
2.337366761376889063e-03
2.898789731981363249e-03
1.358471594659630332e-03
9.766669074186872315e-03
4.103881815457215837e-03
4.215761142051762875e-03
2.549404746363071947e-03
1.565976808094532869e-03
2.179233682139286501e-03
1.794839713089689190e-03
3.328588387431850436e-03
2.114511322012335975e-03
2.073855070763723756e-03
3.158712485517574647e-03
1.505875708781689642e-03
3.890612816429196274e-03
2.399366816943390539e-03
9.071665678693792813e-04
4.052916194051785215e-03
1.737986850220674638e-03
8.524307580747267398e-04
1.650744831696490536e-03
2.480141583344158511e-03
4.373592325681635237e-03
1.681197642329739471e-03
1.801361546430961047e-03
1.899562014362340566e-03
1.140067489601524937e-03
1.191950277131509145e-03
2.819273120042572849e-03
7.226676642197026913e-03
1.920925266718288274e-03
2.371987459587670318e-03
2.114686264624620563e-03
2.851274096821916799e-03
2.992856439755166211e-03
3.425243198050105953e-03
5.023900410551352877e-03
4.989939524717691916e-04
1.806453837788930263e-04
1.244894736370518026e-03
