6.153846159577369690e-02
3.191489279270172119e-01
5.396825671195983887e-01
6.666666865348815918e-01
6.883116960525512695e-01
6.627907156944274902e-01
6.363636255264282227e-01
6.511628031730651855e-01
7.901234626770019531e-01
6.904761791229248047e-01
7.802197933197021484e-01
7.378640770912170410e-01
8.021978139877319336e-01
7.575757503509521484e-01
7.425742745399475098e-01
7.572815418243408203e-01
7.346938848495483398e-01
7.884615659713745117e-01
7.623762488365173340e-01
8.811880946159362793e-01
8.137254714965820312e-01
8.476190567016601562e-01
8.058252334594726562e-01
7.777777910232543945e-01
8.846153616905212402e-01
8.113207817077636719e-01
8.095238208770751953e-01
7.894737124443054199e-01
9.047619104385375977e-01
8.750000000000000000e-01
8.348624110221862793e-01
7.745097875595092773e-01
8.141592741012573242e-01
8.962264060974121094e-01
8.301886916160583496e-01
8.611111044883728027e-01
8.333333134651184082e-01
8.849557638168334961e-01
9.065420627593994141e-01
9.181818366050720215e-01
8.461538553237915039e-01
8.857142925262451172e-01
8.518518805503845215e-01
8.434782624244689941e-01
8.672566413879394531e-01
9.009009003639221191e-01
8.938053250312805176e-01
8.974359035491943359e-01
8.571428656578063965e-01
8.828828930854797363e-01
8.547008633613586426e-01
8.632478713989257812e-01
8.389830589294433594e-01
9.017857313156127930e-01
9.107142686843872070e-01
9.099099040031433105e-01
9.217391014099121094e-01
9.059829115867614746e-01
9.137930870056152344e-01
9.067796468734741211e-01
9.203540086746215820e-01
9.310345053672790527e-01
9.565217494964599609e-01
9.090909361839294434e-01
8.974359035491943359e-01
8.991596698760986328e-01
9.285714030265808105e-01
9.304347634315490723e-01
9.545454382896423340e-01
8.965517282485961914e-01
9.224137663841247559e-01
9.586777091026306152e-01
9.224137663841247559e-01
9.478260874748229980e-01
9.083333611488342285e-01
9.180327653884887695e-01
9.217391014099121094e-01
9.734513163566589355e-01
9.304347634315490723e-01
9.499999880790710449e-01
9.579831957817077637e-01
9.568965435028076172e-01
9.098360538482666016e-01
9.824561476707458496e-01
9.482758641242980957e-01
9.210526347160339355e-01
9.661017060279846191e-01
9.426229596138000488e-01
9.743589758872985840e-01
9.576271176338195801e-01
9.747899174690246582e-01
9.747899174690246582e-01
9.145299196243286133e-01
9.661017060279846191e-01
9.827586412429809570e-01
9.831932783126831055e-01
9.827586412429809570e-01
8.706896305084228516e-01
9.487179517745971680e-01
9.256198406219482422e-01
9.743589758872985840e-01
9.576271176338195801e-01
9.230769276618957520e-01
9.747899174690246582e-01
9.655172228813171387e-01
9.495798349380493164e-01
9.669421315193176270e-01
9.663865566253662109e-01
9.430894255638122559e-01
9.915254116058349609e-01
9.745762944221496582e-01
9.836065769195556641e-01
8.974359035491943359e-01
9.344262480735778809e-01
9.416666626930236816e-01
9.579831957817077637e-01
9.831932783126831055e-01
9.752066135406494141e-01
9.669421315193176270e-01
9.576271176338195801e-01
9.750000238418579102e-01
9.593495726585388184e-01
9.579831957817077637e-01
9.834710955619812012e-01
9.322034120559692383e-01
9.666666388511657715e-01
9.834710955619812012e-01
9.406779408454895020e-01
9.747899174690246582e-01
9.915966391563415527e-01
9.831932783126831055e-01
9.583333134651184082e-01
9.478260874748229980e-01
9.674796462059020996e-01
9.916666746139526367e-01
9.672130942344665527e-01
9.834710955619812012e-01
9.833333492279052734e-01
9.504132270812988281e-01
9.322034120559692383e-01
9.914529919624328613e-01
9.745762944221496582e-01
9.669421315193176270e-01
9.915254116058349609e-01
9.745762944221496582e-01
9.661017060279846191e-01
9.237288236618041992e-01
9.918032884597778320e-01
1.000000000000000000e+00
9.834710955619812012e-01
