2.030137180263354504e-02
1.590104971262319700e-02
1.207666170469211091e-02
1.333363385722431162e-02
1.353063582980306573e-02
5.984562705199075912e-03
9.055456979311581403e-03
4.686320049149985192e-03
4.723198574132575316e-03
5.100560630741786568e-03
4.168612461677527296e-03
3.258705307661320227e-03
1.144340727677383047e-02
3.974013427594431415e-03
4.821233092456825471e-03
4.883659775729395046e-03
2.034334036221595223e-03
2.398910483452633587e-03
1.056683100786684221e-03
2.386981019114208305e-03
1.336747104539695152e-03
6.164134831923070296e-03
1.022639493686217788e-02
4.338858960279154062e-03
2.218393147584574263e-03
2.326341798373729539e-03
6.610682210841137621e-03
2.980946829893015362e-03
5.681647229390542758e-03
7.611401550302409821e-03
2.927841044077913232e-03
1.213533835064767481e-02
3.414653591355450851e-03
2.424267130669023693e-03
5.003265023313946055e-03
1.823222567955256170e-03
9.849740845206886308e-04
1.531137285640285636e-03
4.511326763014173943e-03
5.384519620133085445e-03
3.058386699912756402e-03
4.470748985278755368e-03
1.543727112361758733e-03
3.077390232012713455e-03
7.961298640402319615e-04
9.015553179674741925e-05
3.330845113768962163e-04
3.102823069865533277e-03
1.030101685918318778e-02
2.849520342571439883e-03
