9.083333611488342285e-01
8.655462265014648438e-01
8.782608509063720703e-01
8.739495873451232910e-01
8.793103694915771484e-01
9.173553586006164551e-01
9.152542352676391602e-01
9.491525292396545410e-01
9.579831957817077637e-01
9.262295365333557129e-01
9.499999880790710449e-01
9.576271176338195801e-01
9.016393423080444336e-01
9.504132270812988281e-01
9.583333134651184082e-01
9.579831957817077637e-01
9.586777091026306152e-01
9.674796462059020996e-01
9.596773982048034668e-01
9.579831957817077637e-01
9.836065769195556641e-01
9.499999880790710449e-01
9.152542352676391602e-01
9.338843226432800293e-01
9.666666388511657715e-01
9.520000219345092773e-01
9.663865566253662109e-01
9.916666746139526367e-01
9.262295365333557129e-01
9.416666626930236816e-01
9.750000238418579102e-01
9.016393423080444336e-01
9.426229596138000488e-01
9.750000238418579102e-01
9.435483813285827637e-01
9.754098653793334961e-01
9.836065769195556641e-01
9.754098653793334961e-01
9.354838728904724121e-01
9.406779408454895020e-01
9.520000219345092773e-01
9.586777091026306152e-01
9.756097793579101562e-01
9.583333134651184082e-01
9.918699264526367188e-01
1.000000000000000000e+00
1.000000000000000000e+00
9.752066135406494141e-01
9.173553586006164551e-01
9.745762944221496582e-01
