3.222545690422060072e-01
1.207219217119116367e-01
6.735295527925865000e-02
5.590892811127481238e-02
5.676429104843447315e-02
5.802659971041482928e-02
5.860243987552786471e-02
4.184135833829424195e-02
4.827578819248080216e-02
3.338792570988332459e-02
4.644373062310085121e-02
4.593604827058543616e-02
3.199075705825168287e-02
3.542082662794079212e-02
2.594073659636034895e-02
3.210242344415217830e-02
2.651793355059544124e-02
2.178301577166292732e-02
2.927618931004709324e-02
3.154185706901591058e-02
2.706699165998296269e-02
2.209427631977690584e-02
2.138060853396849328e-02
2.688390102417924019e-02
1.923919714316342511e-02
1.911052933274567933e-02
2.683957880521403022e-02
1.870152536086321440e-02
2.180085937674707333e-02
2.257009062484804929e-02
1.965772569000507133e-02
1.353633944178725922e-02
1.984271615167136280e-02
1.615056636296140560e-02
1.896465145614351089e-02
1.417635604205899451e-02
1.522778363183920590e-02
1.729451959787588200e-02
1.294546793991304019e-02
1.731091764647309586e-02
1.752343138476307460e-02
1.532965660772511902e-02
1.766077681218563428e-02
1.066942746321518885e-02
1.867455523320087421e-02
1.015814104320728051e-02
9.814973856346572920e-03
8.509474324850326704e-03
7.493675071452878325e-03
1.413768181988544516e-02
8.951486504527024143e-03
9.197997942329779603e-03
8.546556488111112584e-03
1.003755034721424098e-02
1.412934552813362166e-02
8.925019088975061007e-03
6.311061345102774237e-03
1.331074176836619279e-02
1.098881119921204554e-02
1.331518251922411862e-02
1.204695757969982510e-02
7.183515816228150733e-03
1.293488317646911134e-02
1.084036797218062426e-02
8.483148873121312480e-03
5.818654583195965839e-03
4.115995518270357083e-03
4.871601486968214594e-03
6.536158785255474606e-03
5.868259531967423906e-03
5.255868432531446768e-03
7.028957856248959496e-03
4.008818426798166183e-03
6.980061552090370026e-03
9.712483984097913456e-03
7.450636507024813691e-03
7.414937152472805999e-03
1.003416950232822839e-02
3.542277942221057612e-03
4.577254824685334997e-03
4.116421734949543380e-03
3.633683408332283316e-03
8.714424535176450159e-03
1.012257746925492204e-02
2.917664891285066953e-03
9.455926614552603165e-03
9.561282932094813600e-03
1.332790658846392216e-02
5.715265126351781223e-03
2.364728017846509829e-03
2.512208519499442745e-03
3.368120063789657639e-03
2.112281655028667732e-03
8.068957177741547040e-03
8.071677975494373838e-03
2.965196131511737936e-03
3.869705772238918404e-03
6.900349280144582077e-03
7.506851880743746312e-03
4.022882596942299605e-03
9.805603489554436461e-03
7.580228538011449246e-03
2.465806664012599753e-03
1.813477069124545035e-03
1.093916753475732227e-03
1.752802437766079816e-03
4.906099511842794414e-03
1.188598300669648465e-02
5.680695862874766792e-03
1.958540062213983031e-03
6.186284701690100349e-04
2.124736850848834430e-03
8.706616109148315741e-03
6.286415389397507353e-03
7.687237700748058081e-03
6.429311799549038142e-03
5.139046328376274501e-03
2.181472136399498739e-03
9.404267042347110852e-04
7.417927679566971647e-04
5.481383969925588025e-03
8.572683662548607336e-03
5.684465152593283152e-03
4.817397255684579584e-03
1.411989821887173983e-03
1.486832043140327029e-03
6.281196461368139181e-03
1.650524125993247868e-02
3.799878216108019090e-03
8.714783287667937032e-04
4.862059588946330462e-04
2.653786985596566159e-03
5.439676652937250334e-03
2.475393523155633175e-03
3.697279416517072499e-03
2.293398547500811058e-03
4.333237674592189601e-03
5.580844884332373558e-03
4.716098110890903396e-03
6.068304631836772198e-04
7.729752384517563080e-03
9.186158423911964382e-03
3.688318351754165184e-03
2.075010661457414845e-03
8.258210241723976108e-04
2.394362419235926062e-03
1.765056242148835362e-03
2.978429508383071203e-03
2.784757840861803915e-03
9.274914287929355260e-04
