1.023622080683708191e-01
2.413793057203292847e-01
4.571428596973419189e-01
5.454545617103576660e-01
5.203251838684082031e-01
5.431034564971923828e-01
5.284552574157714844e-01
6.153846383094787598e-01
6.068376302719116211e-01
6.806722879409790039e-01
6.371681690216064453e-01
6.218487620353698730e-01
7.033898234367370605e-01
6.311475634574890137e-01
7.438016533851623535e-01
6.666666865348815918e-01
7.477477192878723145e-01
7.627118825912475586e-01
7.339449524879455566e-01
7.142857313156127930e-01
7.567567825317382812e-01
7.876105904579162598e-01
8.103448152542114258e-01
7.016128897666931152e-01
8.220338821411132812e-01
8.067227005958557129e-01
7.142857313156127930e-01
7.637795209884643555e-01
7.777777910232543945e-01
7.500000000000000000e-01
7.768595218658447266e-01
8.617886304855346680e-01
7.839999794960021973e-01
8.305084705352783203e-01
7.881355881690979004e-01
8.174602985382080078e-01
8.571428656578063965e-01
8.135592937469482422e-01
8.479999899864196777e-01
7.966101765632629395e-01
8.249999880790710449e-01
8.782608509063720703e-01
8.503937125205993652e-01
8.699187040328979492e-01
8.080000281333923340e-01
8.960000276565551758e-01
9.039999842643737793e-01
9.112903475761413574e-01
9.274193644523620605e-01
8.527131676673889160e-01
9.166666865348815918e-01
8.809523582458496094e-01
9.098360538482666016e-01
9.032257795333862305e-01
8.267716765403747559e-01
9.032257795333862305e-01
9.212598204612731934e-01
8.818897604942321777e-01
8.943089246749877930e-01
8.615384697914123535e-01
8.943089246749877930e-01
9.285714030265808105e-01
8.925619721412658691e-01
8.984375000000000000e-01
9.274193644523620605e-01
9.274193644523620605e-01
9.465649127960205078e-01
9.453125000000000000e-01
9.076923131942749023e-01
9.302325844764709473e-01
9.461538195610046387e-01
9.461538195610046387e-01
9.685039520263671875e-01
9.230769276618957520e-01
8.837209343910217285e-01
9.444444179534912109e-01
9.296875000000000000e-01
9.126983880996704102e-01
9.687500000000000000e-01
9.606299400329589844e-01
9.516128897666931152e-01
9.448819160461425781e-01
9.291338324546813965e-01
8.992248177528381348e-01
9.538461565971374512e-01
8.837209343910217285e-01
9.055117964744567871e-01
9.120000004768371582e-01
9.444444179534912109e-01
9.682539701461791992e-01
9.534883499145507812e-01
9.612402915954589844e-01
9.843750000000000000e-01
9.062500000000000000e-01
9.296875000000000000e-01
9.461538195610046387e-01
9.685039520263671875e-01
9.296875000000000000e-01
9.296875000000000000e-01
9.379844665527343750e-01
9.279999732971191406e-01
9.296875000000000000e-01
9.612402915954589844e-01
9.769230484962463379e-01
1.000000000000000000e+00
9.692307710647583008e-01
9.384615421295166016e-01
8.976377844810485840e-01
9.457364082336425781e-01
9.842519760131835938e-01
1.000000000000000000e+00
9.921259880065917969e-01
9.444444179534912109e-01
9.022556543350219727e-01
9.218750000000000000e-01
9.453125000000000000e-01
9.606299400329589844e-01
9.921875000000000000e-01
9.923076629638671875e-01
9.923076629638671875e-01
9.302325844764709473e-01
9.083969593048095703e-01
9.307692050933837891e-01
9.606299400329589844e-01
9.843750000000000000e-01
9.844961166381835938e-01
9.312977194786071777e-01
8.828125000000000000e-01
9.685039520263671875e-01
9.770992398262023926e-01
9.922480583190917969e-01
9.843750000000000000e-01
9.453125000000000000e-01
9.615384340286254883e-01
9.541984796524047852e-01
9.841269850730895996e-01
9.609375000000000000e-01
9.534883499145507812e-01
9.612402915954589844e-01
1.000000000000000000e+00
9.534883499145507812e-01
9.230769276618957520e-01
9.538461565971374512e-01
9.767441749572753906e-01
9.923076629638671875e-01
9.692307710647583008e-01
9.696969985961914062e-01
9.763779640197753906e-01
9.612402915954589844e-01
9.923076629638671875e-01
