8.859060406684875488e-01
8.716216087341308594e-01
8.993288874626159668e-01
9.236111044883728027e-01
9.121621847152709961e-01
9.337748289108276367e-01
9.530201554298400879e-01
9.337748289108276367e-01
9.019607901573181152e-01
9.470198750495910645e-01
9.133333563804626465e-01
9.530201554298400879e-01
9.594594836235046387e-01
9.798657894134521484e-01
9.342105388641357422e-01
9.664429426193237305e-01
9.602649211883544922e-01
9.933333396911621094e-01
9.865771532058715820e-01
9.664429426193237305e-01
9.542483687400817871e-01
9.866666793823242188e-01
9.675324559211730957e-01
9.536423683166503906e-01
9.407894611358642578e-01
9.671052694320678711e-01
9.867549538612365723e-01
9.802631735801696777e-01
1.000000000000000000e+00
9.473684430122375488e-01
8.831169009208679199e-01
9.869281053543090820e-01
9.671052694320678711e-01
9.933775067329406738e-01
9.602649211883544922e-01
9.869281053543090820e-01
9.671052694320678711e-01
9.477124214172363281e-01
9.868420958518981934e-01
9.934640526771545410e-01
9.934210777282714844e-01
1.000000000000000000e+00
1.000000000000000000e+00
1.000000000000000000e+00
1.000000000000000000e+00
9.868420958518981934e-01
8.807947039604187012e-01
9.599999785423278809e-01
9.740259647369384766e-01
9.733333587646484375e-01
