4.559332980911206396e-02
2.844652521670399531e-02
2.204382006532991031e-02
2.004463686345933637e-02
1.959190759718469274e-02
1.672929854850270515e-02
1.333873688648512870e-02
1.023683150821590691e-02
1.362328564971100435e-02
1.848435612999369329e-02
7.498807751066151675e-03
7.627104463605360700e-03
3.703074137748917083e-03
4.413877179368216538e-03
5.959205295387143969e-03
2.955233100230762744e-02
6.852153824793359195e-03
8.447548318878320486e-03
5.704563511315587261e-03
2.610380285464483467e-03
2.778931471471061954e-03
3.314375956901185506e-03
9.832125839790203242e-03
1.101114604295563848e-02
6.298380389209378392e-03
1.404572810667062063e-02
8.643341770109076033e-03
7.378660425618303181e-03
4.297914525870381863e-03
2.560335114559731447e-03
4.083853596997027470e-03
2.211650006299914484e-03
2.361547774419790312e-03
9.767224724115308645e-04
2.827851956484525413e-03
2.173814367775798312e-02
1.602469587435937162e-02
2.923300088892789601e-03
1.383573856496987187e-03
5.063417621275350354e-03
5.130922022940067814e-03
7.939955041449630463e-03
3.007517664539164498e-03
3.109881951424104101e-03
2.000253546605473137e-03
4.360326685134365346e-03
9.603458196036768896e-03
2.772497022055917318e-02
8.449550743845157461e-03
9.795092639373222370e-04
