8.056871891021728516e-01
8.638497591018676758e-01
8.689320683479309082e-01
8.761467933654785156e-01
9.302325844764709473e-01
9.004524946212768555e-01
9.147982001304626465e-01
8.899082541465759277e-01
9.422222375869750977e-01
9.115044474601745605e-01
8.954545259475708008e-01
9.330357313156127930e-01
9.267241358757019043e-01
9.369369149208068848e-01
8.982300758361816406e-01
9.257642030715942383e-01
9.141631126403808594e-01
9.652174115180969238e-01
9.122806787490844727e-01
9.025423526763916016e-01
9.437229633331298828e-01
9.442059993743896484e-01
9.482758641242980957e-01
9.439654946327209473e-01
9.439654946327209473e-01
9.655172228813171387e-01
9.270386099815368652e-01
9.427312612533569336e-01
9.307359457015991211e-01
9.475982785224914551e-01
9.826839566230773926e-01
9.748954176902770996e-01
9.399141669273376465e-01
8.859649300575256348e-01
9.519650936126708984e-01
9.391304254531860352e-01
9.442059993743896484e-01
9.872340559959411621e-01
9.194915294647216797e-01
9.141631126403808594e-01
9.663865566253662109e-01
8.793103694915771484e-01
9.743589758872985840e-01
9.957805871963500977e-01
1.000000000000000000e+00
1.000000000000000000e+00
1.000000000000000000e+00
1.000000000000000000e+00
1.000000000000000000e+00
8.978723287582397461e-01
