1.428571492433547974e-01
3.320754766464233398e-01
4.538745284080505371e-01
5.555555820465087891e-01
4.982078969478607178e-01
5.441176295280456543e-01
6.029411554336547852e-01
6.185185313224792480e-01
6.356877088546752930e-01
5.970696210861206055e-01
6.750000119209289551e-01
6.604477763175964355e-01
6.897810101509094238e-01
6.582733988761901855e-01
6.617100238800048828e-01
7.110266089439392090e-01
7.391304373741149902e-01
7.399267554283142090e-01
6.666666865348815918e-01
7.307692170143127441e-01
7.434944510459899902e-01
7.112675905227661133e-01
7.283018827438354492e-01
7.686567306518554688e-01
7.599999904632568359e-01
7.472923994064331055e-01
7.589927911758422852e-01
7.970479726791381836e-01
7.598566412925720215e-01
7.700729966163635254e-01
7.703703641891479492e-01
7.843866348266601562e-01
8.175182342529296875e-01
7.933579087257385254e-01
8.007117509841918945e-01
7.821428775787353516e-01
7.712177038192749023e-01
7.949640154838562012e-01
7.663230299949645996e-01
8.309352397918701172e-01
8.494623899459838867e-01
7.758007049560546875e-01
8.149465918540954590e-01
8.070175647735595703e-01
8.166090250015258789e-01
8.375450968742370605e-01
8.722627758979797363e-01
8.191489577293395996e-01
8.783783912658691406e-01
8.641114830970764160e-01
8.439716100692749023e-01
8.464163541793823242e-01
8.941979408264160156e-01
8.591549396514892578e-01
8.703071475028991699e-01
8.682432174682617188e-01
8.686868548393249512e-01
8.858131766319274902e-01
8.691275119781494141e-01
8.791946172714233398e-01
8.675496578216552734e-01
8.929765820503234863e-01
8.926174640655517578e-01
8.996655344963073730e-01
8.675496578216552734e-01
8.838709592819213867e-01
9.072847962379455566e-01
9.090909361839294434e-01
9.108911156654357910e-01
9.030100107192993164e-01
9.035369753837585449e-01
9.220778942108154297e-01
9.264214038848876953e-01
8.819671869277954102e-01
9.009584784507751465e-01
9.350649118423461914e-01
9.292604327201843262e-01
9.006410241127014160e-01
9.456868767738342285e-01
9.426751732826232910e-01
9.303797483444213867e-01
9.290322661399841309e-01
9.238095283508300781e-01
9.272152185440063477e-01
9.148265123367309570e-01
9.529780745506286621e-01
9.206349253654479980e-01
9.432176947593688965e-01
9.213836193084716797e-01
9.310345053672790527e-01
9.688473343849182129e-01
9.501557350158691406e-01
9.285714030265808105e-01
9.499999880790710449e-01
9.470404982566833496e-01
9.559748172760009766e-01
9.504643678665161133e-01
9.148265123367309570e-01
9.409937858581542969e-01
9.467084407806396484e-01
9.724770784378051758e-01
9.569230675697326660e-01
9.475308656692504883e-01
9.692307710647583008e-01
9.382715821266174316e-01
9.509202241897583008e-01
9.629629850387573242e-01
9.509202241897583008e-01
9.481707215309143066e-01
9.437500238418579102e-01
9.666666388511657715e-01
9.535603523254394531e-01
9.261538386344909668e-01
9.429429173469543457e-01
9.664633870124816895e-01
9.785932898521423340e-01
9.599999785423278809e-01
9.785932898521423340e-01
9.783950448036193848e-01
9.538461565971374512e-01
9.668674468994140625e-01
9.816513657569885254e-01
9.418960213661193848e-01
9.200000166893005371e-01
9.756097793579101562e-01
9.757575988769531250e-01
9.848484992980957031e-01
9.909909963607788086e-01
9.757575988769531250e-01
9.759759902954101562e-01
9.756097793579101562e-01
9.570552110671997070e-01
9.786585569381713867e-01
9.631901979446411133e-01
9.878419637680053711e-01
9.449541568756103516e-01
9.268292784690856934e-01
9.785276055335998535e-01
9.664633870124816895e-01
9.820359349250793457e-01
9.727272987365722656e-01
9.969604611396789551e-01
9.909365773200988770e-01
9.878787994384765625e-01
9.174311757087707520e-01
9.726443886756896973e-01
9.879879951477050781e-01
9.909638762474060059e-01
9.818730950355529785e-01
9.850299358367919922e-01
