1.291291266679763794e-01
2.642642557621002197e-01
3.693693578243255615e-01
4.504504501819610596e-01
4.174174070358276367e-01
4.444444477558135986e-01
4.924924969673156738e-01
5.015015006065368652e-01
5.135135054588317871e-01
4.894894957542419434e-01
5.675675868988037109e-01
5.315315127372741699e-01
5.675675868988037109e-01
5.495495200157165527e-01
5.345345139503479004e-01
5.615615844726562500e-01
6.126126050949096680e-01
6.066066026687622070e-01
5.585585832595825195e-01
5.705705881118774414e-01
6.006006002426147461e-01
6.066066026687622070e-01
5.795795917510986328e-01
6.186186075210571289e-01
6.276276111602783203e-01
6.216216087341308594e-01
6.336336135864257812e-01
6.486486196517944336e-01
6.366366147994995117e-01
6.336336135864257812e-01
6.246246099472045898e-01
6.336336135864257812e-01
6.726726889610290527e-01
6.456456184387207031e-01
6.756756901741027832e-01
6.576576828956604004e-01
6.276276111602783203e-01
6.636636853218078613e-01
6.696696877479553223e-01
6.936936974525451660e-01
7.117117047309875488e-01
6.546546816825866699e-01
6.876876950263977051e-01
6.906906962394714355e-01
7.087087035179138184e-01
6.966966986656188965e-01
7.177177071571350098e-01
6.936936974525451660e-01
7.807807922363281250e-01
7.447447180747985840e-01
7.147147059440612793e-01
7.447447180747985840e-01
7.867867946624755859e-01
7.327327132225036621e-01
7.657657861709594727e-01
7.717717885971069336e-01
7.747747898101806641e-01
7.687687873840332031e-01
7.777777910232543945e-01
7.867867946624755859e-01
7.867867946624755859e-01
8.018018007278442383e-01
7.987987995147705078e-01
8.078078031539916992e-01
7.867867946624755859e-01
8.228228092193603516e-01
8.228228092193603516e-01
8.408408164978027344e-01
8.288288116455078125e-01
8.108108043670654297e-01
8.438438177108764648e-01
8.528528809547424316e-01
8.318318128585815430e-01
8.078078031539916992e-01
8.468468189239501953e-01
8.648648858070373535e-01
8.678678870201110840e-01
8.438438177108764648e-01
8.888888955116271973e-01
8.888888955116271973e-01
8.828828930854797363e-01
8.648648858070373535e-01
8.738738894462585449e-01
8.798798918724060059e-01
8.708708882331848145e-01
9.129129052162170410e-01
8.708708882331848145e-01
8.978978991508483887e-01
8.798798918724060059e-01
8.918918967247009277e-01
9.339339137077331543e-01
9.159159064292907715e-01
8.978978991508483887e-01
9.129129052162170410e-01
9.129129052162170410e-01
9.129129052162170410e-01
9.219219088554382324e-01
8.708708882331848145e-01
9.099099040031433105e-01
9.069069027900695801e-01
9.549549818038940430e-01
9.339339137077331543e-01
9.219219088554382324e-01
9.459459185600280762e-01
9.129129052162170410e-01
9.309309124946594238e-01
9.369369149208068848e-01
9.309309124946594238e-01
9.339339137077331543e-01
9.069069027900695801e-01
9.579579830169677734e-01
9.249249100685119629e-01
9.039039015769958496e-01
9.429429173469543457e-01
9.519519805908203125e-01
9.609609842300415039e-01
9.369369149208068848e-01
9.609609842300415039e-01
9.519519805908203125e-01
9.309309124946594238e-01
9.639639854431152344e-01
9.639639854431152344e-01
9.249249100685119629e-01
8.978978991508483887e-01
9.609609842300415039e-01
9.669669866561889648e-01
9.759759902954101562e-01
9.909909963607788086e-01
9.669669866561889648e-01
9.759759902954101562e-01
9.609609842300415039e-01
9.369369149208068848e-01
9.639639854431152344e-01
9.429429173469543457e-01
9.759759902954101562e-01
9.279279112815856934e-01
9.129129052162170410e-01
9.579579830169677734e-01
9.519519805908203125e-01
9.849849939346313477e-01
9.639639854431152344e-01
9.849849939346313477e-01
9.849849939346313477e-01
9.789789915084838867e-01
9.009009003639221191e-01
9.609609842300415039e-01
9.879879951477050781e-01
9.879879951477050781e-01
9.759759902954101562e-01
9.879879951477050781e-01
