2.043371916010755865e-02
1.199945074967487257e-02
1.049246338489264428e-02
1.023936006719795150e-02
9.492082711666325473e-03
1.070529267795087593e-02
7.573535647033043626e-03
6.997018384560074571e-03
6.797246270646790413e-03
5.796279054093631151e-03
8.905654016104342513e-03
7.897519139034513483e-03
3.838206994080332196e-03
4.178009359608225032e-03
5.623072089903240894e-03
4.651351189953272479e-03
3.099203488200033812e-03
5.076755416151627551e-03
4.801997059626464046e-03
2.391436116888875571e-03
4.377670653191066512e-03
3.137135012110657626e-03
1.979186432408769347e-03
4.235129178403378679e-03
4.091095498541509612e-03
3.859982834726125543e-03
2.441439779836041771e-03
1.611288980133430797e-03
2.361468651649397017e-03
1.928760599097269690e-03
1.399753488108737998e-03
2.483606558765254300e-03
2.288887379063800614e-03
3.007625159266961480e-03
3.120997020939784549e-03
2.880468380479664879e-03
2.406397585951553560e-03
1.544186592502801939e-03
7.822944555949616066e-04
2.931799831739631719e-03
1.094370271202927411e-03
8.948852038958377084e-04
3.738082400198993512e-03
2.584209753996681135e-03
8.537834464353485356e-04
2.941969405114926205e-04
4.522801096674370237e-04
9.639324250102616030e-04
8.412504093992240325e-04
1.808721416321845818e-03
