4.506633656634804197e-01
1.975214844100429135e-01
1.706256304003615776e-01
1.754932483212659489e-01
1.532358240617470169e-01
1.355146077552227268e-01
1.366187892477383481e-01
1.327227879225403862e-01
1.159797532922999669e-01
1.093590436639368668e-01
1.156951276922513344e-01
1.133084735901908474e-01
9.483246997766149600e-02
1.052156648669695244e-01
9.164355671172386142e-02
1.064481314184522742e-01
9.599546809444099715e-02
8.735017807107664511e-02
9.067204813782669959e-02
9.305027647520019984e-02
8.566084967742867984e-02
8.996371390273076585e-02
8.240596361285493221e-02
8.042649338117985325e-02
7.185433988607951850e-02
7.551136455232475286e-02
7.267431948150131216e-02
7.636759804640336213e-02
7.113830236575510724e-02
6.896670182623122758e-02
7.026515572066446835e-02
6.092833330518100665e-02
5.845019163753594621e-02
6.498045156611551021e-02
5.965293569582998806e-02
5.550466805884522042e-02
6.240206575180063525e-02
5.299431420775128215e-02
6.026628321980485176e-02
4.766016614361585219e-02
5.176187767403123835e-02
4.781909381640180035e-02
4.808493696010044532e-02
3.835768415837645384e-02
4.280537259327713007e-02
3.702984050127901272e-02
3.675779946931745368e-02
3.761438391784886759e-02
3.425657132202177685e-02
3.777997079502806027e-02
4.334646312433693832e-02
3.640308217716933109e-02
2.934235201516129099e-02
3.975009609821125722e-02
3.866054459415125405e-02
2.719427942949907348e-02
3.055663482272047773e-02
3.134478374884024088e-02
2.228857349416714373e-02
2.373876745518648315e-02
2.007372490367025780e-02
2.470191274118239966e-02
1.928267503162777244e-02
2.222091087024143791e-02
1.971206038013554457e-02
1.948883569298541160e-02
2.938263787126431728e-02
2.348060042877977635e-02
2.243062746549780509e-02
1.571423767794571241e-02
2.495060448900292965e-02
1.310426019095215465e-02
9.995856888925680472e-03
1.496986964263788585e-02
2.522955833357297742e-02
1.498514295703052765e-02
1.602911821749132548e-02
1.349620853154965237e-02
1.196206727713084589e-02
1.189872359213116348e-02
1.173433541541319021e-02
1.667974340476577680e-02
1.591431999048464538e-02
9.439884342264247274e-03
7.131489206920413500e-03
2.139486741464723119e-02
1.586212310911479587e-02
1.150788779637788861e-02
1.928784992727406930e-02
1.486339213270810103e-02
1.410317321463447175e-02
7.465629902639463709e-03
4.652628827072346172e-03
1.076590157402016086e-02
1.136968772769121963e-02
1.043801583084020407e-02
1.436779817410785594e-02
2.322591135749001168e-02
1.313972435461508922e-02
1.042680794060461651e-02
8.919667281715526821e-03
6.392731108497460603e-03
8.456308989938533111e-03
6.940447901733104615e-03
4.870258374370902907e-03
7.903478862791971787e-03
5.693706063234146852e-03
4.032955358266035288e-03
3.144797800535864551e-03
9.274729217552131477e-03
2.520547319392791447e-02
2.236395483832534850e-02
1.320707346811811345e-02
7.343657023185957457e-03
5.369159582759863020e-03
7.218833701909455926e-03
7.309060340991415695e-03
1.472255325718878349e-02
9.894109756813401768e-03
5.730806007904982839e-03
1.085810081336140674e-02
7.217582045335186290e-03
6.060354397661205615e-03
6.432766973884012848e-03
8.970428315799482827e-03
4.208917316684809840e-03
3.894410393671567192e-03
1.673306879035833805e-02
8.347910933896534810e-03
3.585960081844792677e-03
3.955858870799295983e-03
3.444478850678687597e-03
2.682125888619454977e-03
2.559051514844235507e-03
2.566970480778007699e-03
2.567225116735838680e-03
2.470204458275359217e-03
2.458011812842675076e-03
2.421261941998111532e-03
2.377768097160081785e-03
2.348503381680174494e-03
2.311019108435545359e-03
2.293096265700496437e-03
2.250644113726497399e-03
2.220478528954299754e-03
2.162624874818452198e-03
2.118969839282278285e-03
2.076825154030774705e-03
2.030685141895210381e-03
1.982795699706328338e-03
