1.931034475564956665e-01
4.499999880790710449e-01
5.374149680137634277e-01
5.255972743034362793e-01
5.912162065505981445e-01
6.055363416671752930e-01
6.066176295280456543e-01
6.344827413558959961e-01
6.620689630508422852e-01
6.793103218078613281e-01
6.655405163764953613e-01
6.713780760765075684e-01
7.230215668678283691e-01
7.137809395790100098e-01
7.098976373672485352e-01
6.758620738983154297e-01
7.473309636116027832e-01
7.781690359115600586e-01
7.508896589279174805e-01
7.439446449279785156e-01
7.533783912658691406e-01
7.653429508209228516e-01
7.781690359115600586e-01
7.591972947120666504e-01
8.273381590843200684e-01
8.006644248962402344e-01
7.979797720909118652e-01
7.623762488365173340e-01
7.931034564971923828e-01
8.372881412506103516e-01
8.116438388824462891e-01
8.600000143051147461e-01
8.610169291496276855e-01
8.145695328712463379e-01
8.471760749816894531e-01
8.571428656578063965e-01
8.211920261383056641e-01
8.675496578216552734e-01
8.238993883132934570e-01
8.741722106933593750e-01
8.646864891052246094e-01
8.885245919227600098e-01
8.921568393707275391e-01
8.952381014823913574e-01
8.816199302673339844e-01
9.255663156509399414e-01
9.099378585815429688e-01
9.050632715225219727e-01
9.131832718849182129e-01
8.858024477958679199e-01
8.722741603851318359e-01
8.958990573883056641e-01
9.487179517745971680e-01
8.892405033111572266e-01
9.117646813392639160e-01
9.290123581886291504e-01
9.174311757087707520e-01
9.174311757087707520e-01
9.409937858581542969e-01
9.343749880790710449e-01
9.571865200996398926e-01
9.329268336296081543e-01
9.487951993942260742e-01
9.392096996307373047e-01
9.481707215309143066e-01
9.431137442588806152e-01
9.176829457283020020e-01
9.413580298423767090e-01
9.349845051765441895e-01
9.573170542716979980e-01
9.279279112815856934e-01
9.671641588211059570e-01
9.764011502265930176e-01
9.613095521926879883e-01
9.272727370262145996e-01
9.582089781761169434e-01
9.518072009086608887e-01
9.701492786407470703e-01
9.759759902954101562e-01
9.673590660095214844e-01
9.647058844566345215e-01
9.665653705596923828e-01
9.633027315139770508e-01
9.735293984413146973e-01
9.880952239036560059e-01
9.432835578918457031e-01
9.548192620277404785e-01
9.673590660095214844e-01
9.462686777114868164e-01
9.497041702270507812e-01
9.637462496757507324e-01
9.794117808341979980e-01
9.970588088035583496e-01
9.763313531875610352e-01
9.700598716735839844e-01
9.619883298873901367e-01
9.554896354675292969e-01
9.456193447113037109e-01
9.554896354675292969e-01
9.790419340133666992e-01
9.764011502265930176e-01
9.882006049156188965e-01
9.708454608917236328e-01
9.882006049156188965e-01
9.941002726554870605e-01
9.766082167625427246e-01
9.911504387855529785e-01
1.000000000000000000e+00
1.000000000000000000e+00
9.764705896377563477e-01
9.219219088554382324e-01
9.309309124946594238e-01
9.552238583564758301e-01
9.851632118225097656e-01
9.941002726554870605e-01
9.852941036224365234e-01
9.764705896377563477e-01
9.560117125511169434e-01
9.672619104385375977e-01
9.882352948188781738e-01
9.706745147705078125e-01
9.822485446929931641e-01
9.911504387855529785e-01
9.852941036224365234e-01
9.793510437011718750e-01
9.941176176071166992e-01
9.912280440330505371e-01
9.464285969734191895e-01
9.823008775711059570e-01
9.970674514770507812e-01
9.941520690917968750e-01
9.970501661300659180e-01
1.000000000000000000e+00
1.000000000000000000e+00
1.000000000000000000e+00
1.000000000000000000e+00
1.000000000000000000e+00
1.000000000000000000e+00
1.000000000000000000e+00
1.000000000000000000e+00
1.000000000000000000e+00
1.000000000000000000e+00
1.000000000000000000e+00
1.000000000000000000e+00
1.000000000000000000e+00
1.000000000000000000e+00
1.000000000000000000e+00
1.000000000000000000e+00
1.000000000000000000e+00
1.000000000000000000e+00
