1.642228811979293823e-01
3.958944380283355713e-01
4.633431136608123779e-01
4.516128897666931152e-01
5.131964683532714844e-01
5.131964683532714844e-01
4.838709533214569092e-01
5.395894646644592285e-01
5.630498528480529785e-01
5.777125954627990723e-01
5.777125954627990723e-01
5.571847558021545410e-01
5.894427895545959473e-01
5.923753380775451660e-01
6.099706888198852539e-01
5.747800469398498535e-01
6.158357858657836914e-01
6.480938196182250977e-01
6.187683343887329102e-01
6.304985284805297852e-01
6.539589166641235352e-01
6.217008829116821289e-01
6.480938196182250977e-01
6.656891703605651855e-01
6.744868159294128418e-01
7.067448496818542480e-01
6.950146555900573730e-01
6.774193644523620605e-01
6.744868159294128418e-01
7.243402004241943359e-01
6.950146555900573730e-01
7.565982341766357422e-01
7.448680400848388672e-01
7.214076519012451172e-01
7.478005886077880859e-01
7.565982341766357422e-01
7.272727489471435547e-01
7.683284282684326172e-01
7.683284282684326172e-01
7.741935253143310547e-01
7.683284282684326172e-01
7.947214245796203613e-01
8.005865216255187988e-01
8.269794583320617676e-01
8.299120068550109863e-01
8.387096524238586426e-01
8.592375516891479492e-01
8.387096524238586426e-01
8.328445553779602051e-01
8.416422009468078613e-01
8.211143612861633301e-01
8.328445553779602051e-01
8.680351972579956055e-01
8.240469098091125488e-01
8.181818127632141113e-01
8.826979398727416992e-01
8.797653913497924805e-01
8.797653913497924805e-01
8.885630369186401367e-01
8.768328428268432617e-01
9.178885817527770996e-01
8.973606824874877930e-01
9.237536787986755371e-01
9.061583280563354492e-01
9.120234847068786621e-01
9.237536787986755371e-01
8.826979398727416992e-01
8.944281339645385742e-01
8.856304883956909180e-01
9.208211302757263184e-01
9.061583280563354492e-01
9.501466155052185059e-01
9.706745147705078125e-01
9.472140669822692871e-01
8.973606824874877930e-01
9.413489699363708496e-01
9.266862273216247559e-01
9.530791640281677246e-01
9.530791640281677246e-01
9.560117125511169434e-01
9.618768095970153809e-01
9.325513243675231934e-01
9.237536787986755371e-01
9.706745147705078125e-01
9.736070632934570312e-01
9.266862273216247559e-01
9.296187758445739746e-01
9.560117125511169434e-01
9.296187758445739746e-01
9.413489699363708496e-01
9.354838728904724121e-01
9.765396118164062500e-01
9.941349029541015625e-01
9.677419066429138184e-01
9.501466155052185059e-01
9.648093581199645996e-01
9.442815184593200684e-01
9.178885817527770996e-01
9.442815184593200684e-01
9.589442610740661621e-01
9.706745147705078125e-01
9.824047088623046875e-01
9.765396118164062500e-01
9.824047088623046875e-01
9.882698059082031250e-01
9.794721603393554688e-01
9.853372573852539062e-01
9.970674514770507812e-01
1.000000000000000000e+00
9.736070632934570312e-01
9.002932310104370117e-01
9.090909361839294434e-01
9.384164214134216309e-01
9.736070632934570312e-01
9.882698059082031250e-01
9.824047088623046875e-01
9.736070632934570312e-01
9.560117125511169434e-01
9.530791640281677246e-01
9.853372573852539062e-01
9.706745147705078125e-01
9.736070632934570312e-01
9.853372573852539062e-01
9.824047088623046875e-01
9.736070632934570312e-01
9.912023544311523438e-01
9.941349029541015625e-01
9.325513243675231934e-01
9.765396118164062500e-01
9.970674514770507812e-01
9.970674514770507812e-01
9.912023544311523438e-01
1.000000000000000000e+00
1.000000000000000000e+00
1.000000000000000000e+00
1.000000000000000000e+00
1.000000000000000000e+00
1.000000000000000000e+00
1.000000000000000000e+00
1.000000000000000000e+00
1.000000000000000000e+00
1.000000000000000000e+00
1.000000000000000000e+00
1.000000000000000000e+00
1.000000000000000000e+00
1.000000000000000000e+00
1.000000000000000000e+00
1.000000000000000000e+00
1.000000000000000000e+00
1.000000000000000000e+00
