6.363036272326281217e-01
3.604662474925860449e-01
2.583476634698232410e-01
2.240428046273861551e-01
1.876142656762690708e-01
1.778783770218418658e-01
1.617962153245829371e-01
1.491151314353745261e-01
1.256309608978356529e-01
1.322625011621310631e-01
1.187767300056907921e-01
1.203858098510162677e-01
1.082270198959058294e-01
1.012454397941293938e-01
1.067864573163623126e-01
9.260184572714030837e-02
8.646812011462155778e-02
8.103551000695081996e-02
8.360819468605397431e-02
7.355359107062159341e-02
7.483065750715285624e-02
7.048556393934249376e-02
6.492231052819620596e-02
6.915329576256171173e-02
6.743613607153615963e-02
6.787571548443895042e-02
6.024259128943057484e-02
6.975889627284995176e-02
5.512567553746443999e-02
5.916761717075588040e-02
5.804080112763184557e-02
5.709217621853924368e-02
5.075939789560440785e-02
5.540226166362284543e-02
5.087217487481868888e-02
5.215297827017597448e-02
4.669041132875267203e-02
4.805202041870236529e-02
4.382103843480359556e-02
4.245990334570834412e-02
4.143841091723873132e-02
3.701658967617004609e-02
4.151888814271394862e-02
4.316584299119449741e-02
3.573257301902820621e-02
3.252238678906353014e-02
3.538459530233623723e-02
3.573478572453237662e-02
3.115382989790589641e-02
3.325605739850257675e-02
3.242123586431432114e-02
3.283862862925551046e-02
2.849184839231166597e-02
2.792497078371731015e-02
2.630968240510617520e-02
2.642909941160640624e-02
3.107261241698350621e-02
2.753459805706245586e-02
2.175741739096481719e-02
2.499711452325110300e-02
2.646574439966044995e-02
2.497500347340731591e-02
3.362276605165416543e-02
2.464738478755969589e-02
2.119507640452765462e-02
1.682979056813157029e-02
1.729981925912816437e-02
2.054572165878738865e-02
1.750984404631355032e-02
2.208572050512308885e-02
2.400311737799089642e-02
1.839642687755100800e-02
1.798909444241165653e-02
1.647672517220933816e-02
1.660992374511690434e-02
1.669521461564961798e-02
1.817177286681561504e-02
1.485762800173563714e-02
1.008966123900080329e-02
1.729968116845818915e-02
1.945394838346070979e-02
2.074520094590482852e-02
1.636176666606791938e-02
1.126956925313193740e-02
1.132872772904704867e-02
1.226981930488062721e-02
7.907319800504172824e-03
8.537762369304091603e-03
1.784603906113653091e-02
1.676169107908567768e-02
1.387467606188332730e-02
1.072267729819208551e-02
1.537037158045809551e-02
1.250299637478309751e-02
9.597027176605658211e-03
1.161069695143077465e-02
1.502295130864838950e-02
1.325873849256848161e-02
1.028870489568366360e-02
7.760962026767345874e-03
1.251032009114898431e-02
8.809200747971009451e-03
1.027401445320812005e-02
9.401616131443820898e-03
1.292196921386383479e-02
1.370111287522694614e-02
1.579594829974887565e-02
6.118402797855152821e-03
6.495452508252412896e-03
4.756294530089712896e-03
7.049677120983289212e-03
1.454350428937983830e-02
1.254234901563391902e-02
1.165935862437311905e-02
1.136535944715858296e-02
5.361508304527738168e-03
5.796323682580324654e-03
7.661866925620286831e-03
9.042300071772306491e-03
1.626864469596463886e-02
6.369072130273590454e-03
3.830448359225044862e-03
2.579036870967109461e-03
4.327191778904833190e-03
4.203467825241597941e-03
1.404005316884916581e-02
1.185750194832779422e-02
4.143225090903617479e-03
5.376567763686769703e-03
1.757050973138200856e-02
4.696465933987153604e-03
1.818990555912736564e-03
5.577825439642430765e-03
1.017941479088301134e-02
9.365814524794700835e-03
7.603212568418870818e-03
4.708006712258749199e-03
4.130009710163866539e-03
7.260073206434500270e-03
1.061340139835126491e-02
7.703894421925485195e-03
4.130343076587986682e-03
4.014493410254042598e-03
9.483497298617145355e-03
4.997048303667459695e-03
6.004280303006368988e-03
6.375156687332132928e-03
8.268940548203278576e-03
1.272555551059190160e-02
9.935709357835966621e-03
