1.439688652753829956e-01
3.191489279270172119e-01
4.839160740375518799e-01
5.782493352890014648e-01
6.584734916687011719e-01
6.907477974891662598e-01
6.988984346389770508e-01
7.231707572937011719e-01
7.746144533157348633e-01
7.620730400085449219e-01
7.973933815956115723e-01
7.740046977996826172e-01
8.219653367996215820e-01
8.245412707328796387e-01
8.168373107910156250e-01
8.438576459884643555e-01
8.560000061988830566e-01
8.571428656578063965e-01
8.655367493629455566e-01
8.852643370628356934e-01
8.804960250854492188e-01
8.910112380981445312e-01
8.924971818923950195e-01
8.948546051979064941e-01
9.003397226333618164e-01
8.943819999694824219e-01
9.074693322181701660e-01
8.777533173561096191e-01
9.152731299400329590e-01
9.026548862457275391e-01
9.016574621200561523e-01
9.079956412315368652e-01
9.162995815277099609e-01
9.101995825767517090e-01
9.204419851303100586e-01
9.166666865348815918e-01
9.205297827720642090e-01
9.183006286621093750e-01
9.370861053466796875e-01
9.318681359291076660e-01
9.281045794486999512e-01
9.411764740943908691e-01
9.307692050933837891e-01
9.283387660980224609e-01
9.435396194458007812e-01
9.506037235260009766e-01
9.372294545173645020e-01
9.344978332519531250e-01
9.519650936126708984e-01
9.415584206581115723e-01
9.454148411750793457e-01
9.469122290611267090e-01
9.533622264862060547e-01
9.555796384811401367e-01
9.589189291000366211e-01
9.565217494964599609e-01
9.490238428115844727e-01
9.568500518798828125e-01
9.666666388511657715e-01
9.597826004028320312e-01
9.590517282485961914e-01
9.579287767410278320e-01
9.462719559669494629e-01
9.566630721092224121e-01
9.664865136146545410e-01
9.752421975135803223e-01
9.730893373489379883e-01
9.730312824249267578e-01
9.742489457130432129e-01
9.602577686309814453e-01
9.590957760810852051e-01
9.643628597259521484e-01
9.680170416831970215e-01
9.710300564765930176e-01
9.690501689910888672e-01
9.710300564765930176e-01
9.657387733459472656e-01
9.785867333412170410e-01
9.850106835365295410e-01
9.730893373489379883e-01
9.563365578651428223e-01
9.677419066429138184e-01
9.700214266777038574e-01
9.817007780075073242e-01
9.913606643676757812e-01
9.744952321052551270e-01
9.903537034988403320e-01
9.914070963859558105e-01
9.709051847457885742e-01
9.677765965461730957e-01
9.806867241859436035e-01
9.818181991577148438e-01
9.774193763732910156e-01
9.807074069976806641e-01
9.818181991577148438e-01
9.838709831237792969e-01
9.660297036170959473e-01
9.796355962753295898e-01
9.860365390777587891e-01
9.882729053497314453e-01
9.828326106071472168e-01
9.840255379676818848e-01
9.829605817794799805e-01
9.839228391647338867e-01
9.785177111625671387e-01
9.732906222343444824e-01
9.754010438919067383e-01
9.851694703102111816e-01
9.914621114730834961e-01
9.946638345718383789e-01
9.935897588729858398e-01
9.775160551071166992e-01
9.785637855529785156e-01
9.818570017814636230e-01
9.828876852989196777e-01
9.904255270957946777e-01
9.925213456153869629e-01
9.872068166732788086e-01
9.776833057403564453e-01
9.764453768730163574e-01
9.904051423072814941e-01
9.967982769012451172e-01
9.968119263648986816e-01
9.925452470779418945e-01
9.946751594543457031e-01
9.775401353836059570e-01
9.765208363533020020e-01
9.946694970130920410e-01
9.914802908897399902e-01
9.732906222343444824e-01
9.957219362258911133e-01
9.989361763000488281e-01
9.904153347015380859e-01
9.819148778915405273e-01
9.850746393203735352e-01
9.871931672096252441e-01
9.936102032661437988e-01
9.935966134071350098e-01
9.850904941558837891e-01
9.861259460449218750e-01
9.872204661369323730e-01
9.946751594543457031e-01
9.914893507957458496e-01
9.861259460449218750e-01
9.914893507957458496e-01
9.903948903083801270e-01
9.893276691436767578e-01
9.871794581413269043e-01
9.776358008384704590e-01
9.840595126152038574e-01
