1.680672354996204376e-02
1.680672354996204376e-02
1.260504219681024551e-02
8.403361774981021881e-03
1.260504219681024551e-02
8.403361774981021881e-03
1.260504219681024551e-02
2.100840397179126740e-02
2.100840397179126740e-02
4.621848836541175842e-02
2.100840397179126740e-02
2.521008439362049103e-02
3.361344709992408752e-02
5.042016878724098206e-02
3.781512752175331116e-02
5.882352963089942932e-02
5.882352963089942932e-02
9.243697673082351685e-02
6.302521377801895142e-02
9.243697673082351685e-02
1.008403375744819641e-01
1.386554688215255737e-01
1.218487396836280823e-01
1.302521079778671265e-01
1.596638709306716919e-01
1.848739534616470337e-01
1.680672317743301392e-01
1.764705926179885864e-01
2.016806751489639282e-01
1.974789947271347046e-01
2.016806751489639282e-01
2.016806751489639282e-01
2.394957989454269409e-01
2.436974793672561646e-01
2.394957989454269409e-01
2.352941185235977173e-01
2.521008551120758057e-01
2.478991597890853882e-01
2.815126180648803711e-01
3.025210201740264893e-01
2.983193397521972656e-01
3.193277418613433838e-01
3.151260614395141602e-01
3.361344635486602783e-01
3.319327831268310547e-01
3.445378243923187256e-01
3.739495873451232910e-01
3.823529481887817383e-01
3.907563090324401855e-01
3.823529481887817383e-01
3.823529481887817383e-01
4.117647111415863037e-01
4.159663915634155273e-01
4.495798349380493164e-01
4.243697524070739746e-01
4.117647111415863037e-01
4.831932783126831055e-01
4.663865566253662109e-01
4.621848762035369873e-01
4.873949587345123291e-01
4.579831957817077637e-01
4.747899174690246582e-01
4.663865566253662109e-01
4.957983195781707764e-01
4.873949587345123291e-01
5.042017102241516113e-01
5.378151535987854004e-01
5.168067216873168945e-01
5.126050710678100586e-01
5.252100825309753418e-01
5.546218752861022949e-01
5.546218752861022949e-01
5.546218752861022949e-01
5.672268867492675781e-01
5.630252361297607422e-01
5.798319578170776367e-01
6.218487620353698730e-01
6.050420403480529785e-01
6.176470518112182617e-01
6.050420403480529785e-01
6.176470518112182617e-01
6.260504126548767090e-01
6.638655662536621094e-01
6.932772994041442871e-01
6.260504126548767090e-01
6.344537734985351562e-01
6.932772994041442871e-01
6.554622054100036621e-01
6.470588445663452148e-01
7.268907427787780762e-01
6.176470518112182617e-01
7.016806602478027344e-01
6.512604951858520508e-01
7.478991746902465820e-01
7.184873819351196289e-01
7.226890921592712402e-01
7.394958138465881348e-01
7.731092572212219238e-01
7.521008253097534180e-01
7.773109078407287598e-01
7.815126180648803711e-01
7.731092572212219238e-01
7.773109078407287598e-01
7.310924530029296875e-01
7.983193397521972656e-01
7.899159789085388184e-01
7.983193397521972656e-01
7.983193397521972656e-01
7.647058963775634766e-01
8.025209903717041016e-01
8.277310729026794434e-01
8.109243512153625488e-01
8.025209903717041016e-01
8.529411554336547852e-01
8.613445162773132324e-01
8.361344337463378906e-01
7.941176295280456543e-01
8.277310729026794434e-01
8.697478771209716797e-01
8.781512379646301270e-01
8.445377945899963379e-01
8.319327831268310547e-01
8.403361439704895020e-01
8.403361439704895020e-01
8.487395048141479492e-01
8.697478771209716797e-01
8.403361439704895020e-01
8.949579596519470215e-01
8.823529481887817383e-01
8.655462265014648438e-01
8.907563090324401855e-01
8.949579596519470215e-01
8.781512379646301270e-01
9.327731132507324219e-01
8.823529481887817383e-01
8.781512379646301270e-01
8.781512379646301270e-01
9.075630307197570801e-01
8.739495873451232910e-01
8.907563090324401855e-01
8.865545988082885742e-01
8.991596698760986328e-01
9.411764740943908691e-01
9.033613204956054688e-01
9.117646813392639160e-01
9.075630307197570801e-01
9.285714030265808105e-01
8.697478771209716797e-01
9.411764740943908691e-01
8.613445162773132324e-01
