3.353176940337727618e-01
1.526063462712055618e-01
1.346207786911900461e-01
1.238623976991458375e-01
1.085413380161855540e-01
1.087166417592623502e-01
9.818506065138235539e-02
9.660417481095139036e-02
9.239396079583785115e-02
9.023157132941517222e-02
8.778107954187433504e-02
8.205205064434487050e-02
7.980328072374726078e-02
7.905677097914340368e-02
7.682586503008893841e-02
7.354396177327118811e-02
7.451666986528100722e-02
7.365849608694216566e-02
6.871374987317051264e-02
6.516906183176392198e-02
6.480317119997704156e-02
6.231959403790443552e-02
6.057756423228424086e-02
5.756531113397521382e-02
6.237311906579547094e-02
6.065749266392118227e-02
5.738826036052814550e-02
5.311918101204822495e-02
5.519765111644093364e-02
5.458436105693704327e-02
5.133722030078488596e-02
5.504870591166931282e-02
4.821984909943154846e-02
4.700711530310506397e-02
4.967089811721783071e-02
4.853456813238926637e-02
4.581855734005414044e-02
4.361863351032334302e-02
4.596870879056640102e-02
4.332083065885147105e-02
4.339632017036997025e-02
4.570058241467420124e-02
4.273245062598855781e-02
3.921942826851025632e-02
4.113144846530761289e-02
3.997095444574948198e-02
3.610869059252255070e-02
3.674863181194894246e-02
3.675830473631141321e-02
3.753851637531075564e-02
3.573652871801219488e-02
3.619818301544101835e-02
3.630418856929667343e-02
3.307726613436923896e-02
3.503831257880494349e-02
3.555680718866123524e-02
3.168129430749399428e-02
3.497428104068931592e-02
3.005826957132495467e-02
3.281137258388661104e-02
3.255757643252468747e-02
2.862961280486957943e-02
3.028879777540255391e-02
2.993128956006537583e-02
3.164768149791028634e-02
3.495857920264054675e-02
2.755046226337491688e-02
2.606640234382876647e-02
2.789878700032814851e-02
2.678942582374122666e-02
2.716561642378876110e-02
3.025174789618099644e-02
2.631791403636410745e-02
2.902764460710277258e-02
2.559696217750178499e-02
2.290612903893522040e-02
2.492485540933927698e-02
2.634145870435715756e-02
2.337423398398781604e-02
2.078906464887916167e-02
2.101359221264232149e-02
2.485089827666813952e-02
2.118847066452130001e-02
1.946504974204786576e-02
1.736964844148838893e-02
2.021900120893964023e-02
2.377115408176960765e-02
1.809870627895625306e-02
1.790172085086884357e-02
1.620448397889625441e-02
1.784991322438697625e-02
1.552654413383276928e-02
1.830205862651244561e-02
2.110105675047329113e-02
1.736271600011413466e-02
1.324659765021860697e-02
1.456224687158085007e-02
1.789394547146510445e-02
1.618896300869918439e-02
1.273564719143390443e-02
1.395897743795044242e-02
1.412438306706776184e-02
1.742286304254646659e-02
1.412843532140145748e-02
1.345719787183797221e-02
1.391683056166988751e-02
1.240673491105857666e-02
1.401969143597199194e-02
1.018450610339733525e-02
1.004781665032996110e-02
1.261623142181278988e-02
1.223838605832183214e-02
9.691713526452155544e-03
1.048488929405692882e-02
1.184204448560815734e-02
1.056721955092666809e-02
9.905099543434601680e-03
1.193382317015537729e-02
1.009722139074132469e-02
1.053840688686555685e-02
1.150506438506851414e-02
1.032542264636570825e-02
9.480505096392501801e-03
1.177075426865565287e-02
8.531841823846156303e-03
5.561807929161785048e-03
1.045523369530307681e-02
7.865936997870021444e-03
1.350742354933640553e-02
1.164636010741773066e-02
6.898728907321042755e-03
8.463119659958188643e-03
9.960952284402137605e-03
7.418692745542411829e-03
6.745446072536814656e-03
6.977264326684694436e-03
1.197228569228374340e-02
8.904765842261538542e-03
6.092564668138508895e-03
6.216107885178204402e-03
6.391352075525205331e-03
6.202041783949090691e-03
1.546302668806030789e-02
4.796856620142933916e-03
7.488128444288208799e-03
6.454054883854185021e-03
1.013733543809128973e-02
3.512452058615834951e-03
4.995704740507863478e-03
8.599912118486988805e-03
