2.496846086120154892e-02
1.498851470021971347e-02
1.148823837857775206e-02
9.980021394331460224e-03
9.584142923326974262e-03
7.933688324945164030e-03
9.475954325588549151e-03
1.046847374510068672e-02
7.907431146670682032e-03
6.899545605017281050e-03
5.402628556443769131e-03
1.276257307022525198e-02
6.634217711748299599e-03
8.972664020310761740e-03
7.662880057632540619e-03
5.447849266384783423e-03
3.498874129820677553e-03
9.331017817074131054e-03
5.010154999237781230e-03
4.776622643471625275e-03
5.578742774064486369e-03
3.860626807456217155e-03
6.191678114042668477e-03
7.237015713063104511e-03
6.451347986305599330e-03
3.205705220227390677e-03
6.215530297470002116e-03
5.804932707228051790e-03
4.400246315767471217e-03
2.460197521195464729e-03
5.186293152241336531e-03
9.116625462911184807e-03
4.147565303668878864e-03
8.140354004172921376e-03
4.247696690155498313e-03
2.567625787061169305e-03
2.981591908545912131e-03
5.695876543065211614e-03
3.231872896210428569e-03
4.314815091056095446e-03
4.294329619893621185e-03
2.589072672254042785e-03
3.232121687929784010e-03
6.043925879263185169e-03
7.852610111709444965e-03
5.992707018734409752e-03
6.359464788373531824e-03
7.651627572198226555e-04
3.562026460215562528e-03
1.184621154849766975e-03
