4.703188655017324915e-02
2.211129294786972482e-02
2.168542386421936849e-02
1.639255694729779833e-02
1.496320523639364970e-02
1.389370666557236504e-02
1.039961377162377035e-02
6.526345381153726873e-03
1.163430071529933559e-02
1.123414071296957757e-02
1.090166886928563110e-02
1.292326910288219693e-02
7.361340214983367117e-03
4.783660182313517924e-03
1.267728103621477108e-02
8.885683925942087016e-03
5.235348593759941299e-03
1.071329699988897780e-02
1.817006649072827607e-02
1.228244031439845035e-02
1.247713444017473777e-02
4.189833984763089228e-03
2.009219025888608554e-03
2.108208293502892867e-03
5.953513205932976088e-03
6.843438076368377199e-03
5.406995008221802089e-03
3.282660998478154936e-03
6.860228170366422691e-03
1.059670466936811148e-02
1.512811831841432732e-02
3.905510869831809069e-03
2.469637003202264196e-03
3.649886461191109363e-03
2.445014344195831253e-03
7.909277262843865744e-03
6.436620069102641679e-03
3.399035054590822391e-02
1.290457692546643359e-02
5.832142507896924399e-03
2.094889197132102261e-03
6.078429728552480274e-03
5.667907916722358420e-03
6.125216818892993513e-03
2.620435717962990661e-03
2.317144380895894834e-03
1.881012835215289556e-03
1.670291637656371895e-03
2.122868450833925291e-03
1.994066262136963245e-03
