9.250720739364624023e-01
9.542857408523559570e-01
9.394812583923339844e-01
9.629629850387573242e-01
9.575070738792419434e-01
9.660056829452514648e-01
9.581005573272705078e-01
9.887005686759948730e-01
9.689265489578247070e-01
9.689265489578247070e-01
9.745762944221496582e-01
9.581005573272705078e-01
9.829545617103576660e-01
9.916434288024902344e-01
9.662921428680419922e-01
9.747191071510314941e-01
9.887323975563049316e-01
9.687500000000000000e-01
9.382022619247436523e-01
9.631727933883666992e-01
9.605633616447448730e-01
9.888268113136291504e-01
9.972144961357116699e-01
9.972144961357116699e-01
9.832402467727661133e-01
9.777158498764038086e-01
9.776536226272583008e-01
9.916434288024902344e-01
9.776536226272583008e-01
9.666666388511657715e-01
9.525139927864074707e-01
9.971830844879150391e-01
9.916666746139526367e-01
9.888579249382019043e-01
9.944134354591369629e-01
9.722222089767456055e-01
9.803370833396911621e-01
9.075630307197570801e-01
9.610027670860290527e-01
9.888268113136291504e-01
9.972066879272460938e-01
9.719887971878051758e-01
9.860724210739135742e-01
9.750000238418579102e-01
9.916201233863830566e-01
9.944444298744201660e-01
9.972144961357116699e-01
1.000000000000000000e+00
9.972066879272460938e-01
9.944598078727722168e-01
