3.809813660713098349e-01
1.522103122771242545e-01
1.248232049246996989e-01
1.118150682078713765e-01
1.098907327643921100e-01
9.943144397547713786e-02
9.755754380769296463e-02
9.651082487241524621e-02
9.045349479174841223e-02
8.175129907702607945e-02
8.299723497550941242e-02
7.619412740618829172e-02
7.938980014555772902e-02
7.680489776269486257e-02
7.154419951068041739e-02
7.084637562637313701e-02
7.077022989447491474e-02
6.731771008429150716e-02
6.538093308538577009e-02
6.414297614672652414e-02
6.074193502505798037e-02
6.073099608887026768e-02
6.059623008967034846e-02
5.539609199594078270e-02
5.595154824299217178e-02
5.087358754220002582e-02
4.931645000602047357e-02
5.420067968145980686e-02
5.212826927848752956e-02
4.746785243228739820e-02
4.787339988943441899e-02
5.017995476043389524e-02
4.705028640129220452e-02
4.811698309258207601e-02
4.693463498612721746e-02
4.339770092071795066e-02
4.395793572710892522e-02
4.550000160129376997e-02
4.191027207223319007e-02
4.031341382642766868e-02
4.026576595131712427e-02
4.010732445115587630e-02
3.887684625343856143e-02
4.059609021357458297e-02
4.043893870162162257e-02
3.624763396295770795e-02
3.500493257738999942e-02
3.486106303875822349e-02
3.529330356629777760e-02
3.474024918539382611e-02
3.328554973978175430e-02
3.387248513542698986e-02
3.297203401314822285e-02
3.170649905859709156e-02
3.153753520974950098e-02
3.029626767405673576e-02
2.916604062238914094e-02
2.738493105182984722e-02
3.020478192097851913e-02
2.931559195215305627e-02
2.757153191878603665e-02
3.341436341841490937e-02
2.749759159801232894e-02
2.731957722455079229e-02
2.816598332194217985e-02
2.765479491603657289e-02
2.530646470204251167e-02
2.393502083403353103e-02
2.300990260418288996e-02
2.585293620930509059e-02
2.400236628099252159e-02
2.348252084993568412e-02
2.204949875308047716e-02
1.926806700516592308e-02
2.136505345086352897e-02
2.248982699146122657e-02
1.915238685618990411e-02
2.092975009697081376e-02
1.883051919755916043e-02
1.619682658852928531e-02
1.693856688948745456e-02
1.755656147809014217e-02
1.611067219629747083e-02
1.810086638656940861e-02
1.790501821069337071e-02
1.599161722893900975e-02
1.644645926810968384e-02
1.415399107897658514e-02
1.541982637183176089e-02
1.695233257037631266e-02
1.479395910890246059e-02
1.507748457185296119e-02
1.121873935555897303e-02
1.095744026925078024e-02
1.135424068414654479e-02
1.302698374779358119e-02
1.253727021001532944e-02
1.204791228443590975e-02
9.669931505695048002e-03
1.336155886322600884e-02
1.052000088967514936e-02
9.507554766219195388e-03
1.132086462434126091e-02
1.132054887858749588e-02
7.113367104602642300e-03
7.736379061435510150e-03
1.055355691278686038e-02
6.939385039853718587e-03
1.331897259968895311e-02
7.126876244891373544e-03
7.643318809707294777e-03
1.074139107223535256e-02
9.717534304549257235e-03
6.861682834302253176e-03
4.942740873191231281e-03
5.362349359509633630e-03
8.869835722659161203e-03
5.883942479494075166e-03
9.712401085946096441e-03
8.083075997726544074e-03
6.314504999861207148e-03
5.167181769190373579e-03
9.619015858087935633e-03
7.635183010612641222e-03
5.574215288830493796e-03
4.427553381294588655e-03
5.718903557854464019e-03
8.585164432210924332e-03
5.288358321733909427e-03
5.999198263798096072e-03
6.124473265508560520e-03
4.862307192325150337e-03
3.987890277986656275e-03
4.805470233882417827e-03
1.021325433192269913e-02
4.065670337411213080e-03
4.053934703408122037e-03
4.768417919436320970e-03
4.793767866970123290e-03
8.540331584462577258e-03
7.908084848442721582e-03
3.954978956210624189e-03
2.658298120664641818e-03
2.513315702437969677e-03
4.608317162138720648e-03
5.699526701572571637e-03
5.244053721690074277e-03
5.364448518623406333e-03
7.474775111116565077e-03
6.440711558551897448e-03
