5.555555596947669983e-02
2.330097109079360962e-01
3.534482717514038086e-01
5.433070659637451172e-01
5.483871102333068848e-01
5.984848737716674805e-01
6.079999804496765137e-01
6.616541147232055664e-01
6.074073910713195801e-01
6.618704795837402344e-01
6.524822711944580078e-01
6.713286638259887695e-01
7.333333492279052734e-01
7.089552283287048340e-01
7.384615540504455566e-01
7.318840622901916504e-01
7.253521084785461426e-01
7.910447716712951660e-01
7.191780805587768555e-01
7.857142686843872070e-01
7.785714268684387207e-01
7.943262457847595215e-01
8.705036044120788574e-01
8.322147727012634277e-01
8.402777910232543945e-01
8.309859037399291992e-01
8.239436745643615723e-01
8.642857074737548828e-01
8.630136847496032715e-01
9.172413945198059082e-01
8.799999952316284180e-01
8.513513803482055664e-01
9.189189076423645020e-01
8.551723957061767578e-01
8.661971688270568848e-01
8.866666555404663086e-01
8.859060406684875488e-01
9.109588861465454102e-01
9.530201554298400879e-01
8.724831938743591309e-01
9.200000166893005371e-01
9.726027250289916992e-01
8.807947039604187012e-01
8.911564350128173828e-01
8.831169009208679199e-01
9.271523356437683105e-01
9.729729890823364258e-01
9.602649211883544922e-01
9.200000166893005371e-01
9.530201554298400879e-01
9.671052694320678711e-01
9.662162065505981445e-01
9.536423683166503906e-01
9.399999976158142090e-01
9.276315569877624512e-01
9.666666388511657715e-01
9.736841917037963867e-01
9.668874144554138184e-01
9.477124214172363281e-01
9.797297120094299316e-01
9.530201554298400879e-01
9.078947305679321289e-01
9.271523356437683105e-01
9.533333182334899902e-01
9.735099077224731445e-01
9.731543660163879395e-01
9.607843160629272461e-01
9.662162065505981445e-01
9.933333396911621094e-01
1.000000000000000000e+00
9.602649211883544922e-01
9.530201554298400879e-01
9.597315192222595215e-01
9.407894611358642578e-01
9.607843160629272461e-01
9.729729890823364258e-01
9.932885766029357910e-01
9.801324605941772461e-01
9.662162065505981445e-01
9.419354796409606934e-01
9.597315192222595215e-01
9.607843160629272461e-01
9.933333396911621094e-01
1.000000000000000000e+00
9.934210777282714844e-01
9.411764740943908691e-01
9.342105388641357422e-01
9.403973221778869629e-01
9.867549538612365723e-01
9.733333587646484375e-01
9.530201554298400879e-01
9.668874144554138184e-01
9.276315569877624512e-01
9.399999976158142090e-01
9.933775067329406738e-01
1.000000000000000000e+00
9.933775067329406738e-01
1.000000000000000000e+00
1.000000000000000000e+00
1.000000000000000000e+00
1.000000000000000000e+00
1.000000000000000000e+00
1.000000000000000000e+00
1.000000000000000000e+00
1.000000000000000000e+00
1.000000000000000000e+00
1.000000000000000000e+00
1.000000000000000000e+00
1.000000000000000000e+00
1.000000000000000000e+00
1.000000000000000000e+00
1.000000000000000000e+00
1.000000000000000000e+00
1.000000000000000000e+00
1.000000000000000000e+00
1.000000000000000000e+00
1.000000000000000000e+00
1.000000000000000000e+00
1.000000000000000000e+00
1.000000000000000000e+00
1.000000000000000000e+00
8.675496578216552734e-01
8.993288874626159668e-01
9.281045794486999512e-01
9.867549538612365723e-01
9.933775067329406738e-01
9.802631735801696777e-01
9.539473652839660645e-01
9.668874144554138184e-01
9.865771532058715820e-01
9.736841917037963867e-01
9.735099077224731445e-01
9.803921580314636230e-01
9.865771532058715820e-01
9.798657894134521484e-01
9.802631735801696777e-01
1.000000000000000000e+00
1.000000000000000000e+00
1.000000000000000000e+00
1.000000000000000000e+00
1.000000000000000000e+00
1.000000000000000000e+00
1.000000000000000000e+00
1.000000000000000000e+00
1.000000000000000000e+00
1.000000000000000000e+00
1.000000000000000000e+00
1.000000000000000000e+00
1.000000000000000000e+00
1.000000000000000000e+00
