5.298013240098953247e-02
1.589404046535491943e-01
2.715231776237487793e-01
4.569536447525024414e-01
4.503311216831207275e-01
5.231788158416748047e-01
5.033112764358520508e-01
5.827814340591430664e-01
5.430463552474975586e-01
6.092715263366699219e-01
6.092715263366699219e-01
6.357616186141967773e-01
6.556291580200195312e-01
6.291390657424926758e-01
6.357616186141967773e-01
6.688741445541381836e-01
6.821191906929016113e-01
7.019867300987243652e-01
6.953642368316650391e-01
7.284768223762512207e-01
7.218543291091918945e-01
7.417218685150146484e-01
8.013244867324829102e-01
8.211920261383056641e-01
8.013244867324829102e-01
7.814569473266601562e-01
7.748344540596008301e-01
8.013244867324829102e-01
8.344370722770690918e-01
8.807947039604187012e-01
8.741722106933593750e-01
8.344370722770690918e-01
9.006622433662414551e-01
8.211920261383056641e-01
8.145695328712463379e-01
8.807947039604187012e-01
8.741722106933593750e-01
8.807947039604187012e-01
9.403973221778869629e-01
8.609271645545959473e-01
9.139072895050048828e-01
9.403973221778869629e-01
8.807947039604187012e-01
8.675496578216552734e-01
9.006622433662414551e-01
9.271523356437683105e-01
9.536423683166503906e-01
9.602649211883544922e-01
9.139072895050048828e-01
9.403973221778869629e-01
9.735099077224731445e-01
9.470198750495910645e-01
9.536423683166503906e-01
9.337748289108276367e-01
9.337748289108276367e-01
9.602649211883544922e-01
9.801324605941772461e-01
9.668874144554138184e-01
9.602649211883544922e-01
9.602649211883544922e-01
9.403973221778869629e-01
9.139072895050048828e-01
9.271523356437683105e-01
9.470198750495910645e-01
9.735099077224731445e-01
9.602649211883544922e-01
9.735099077224731445e-01
9.470198750495910645e-01
9.867549538612365723e-01
1.000000000000000000e+00
9.602649211883544922e-01
9.403973221778869629e-01
9.470198750495910645e-01
9.470198750495910645e-01
9.735099077224731445e-01
9.536423683166503906e-01
9.801324605941772461e-01
9.801324605941772461e-01
9.470198750495910645e-01
9.668874144554138184e-01
9.470198750495910645e-01
9.735099077224731445e-01
9.867549538612365723e-01
1.000000000000000000e+00
1.000000000000000000e+00
9.536423683166503906e-01
9.403973221778869629e-01
9.403973221778869629e-01
9.867549538612365723e-01
9.668874144554138184e-01
9.403973221778869629e-01
9.668874144554138184e-01
9.337748289108276367e-01
9.337748289108276367e-01
9.933775067329406738e-01
1.000000000000000000e+00
9.933775067329406738e-01
1.000000000000000000e+00
1.000000000000000000e+00
1.000000000000000000e+00
1.000000000000000000e+00
1.000000000000000000e+00
1.000000000000000000e+00
1.000000000000000000e+00
1.000000000000000000e+00
1.000000000000000000e+00
1.000000000000000000e+00
1.000000000000000000e+00
1.000000000000000000e+00
1.000000000000000000e+00
1.000000000000000000e+00
1.000000000000000000e+00
1.000000000000000000e+00
1.000000000000000000e+00
1.000000000000000000e+00
1.000000000000000000e+00
1.000000000000000000e+00
1.000000000000000000e+00
1.000000000000000000e+00
1.000000000000000000e+00
1.000000000000000000e+00
8.675496578216552734e-01
8.874171972274780273e-01
9.403973221778869629e-01
9.867549538612365723e-01
9.933775067329406738e-01
9.867549538612365723e-01
9.602649211883544922e-01
9.668874144554138184e-01
9.735099077224731445e-01
9.801324605941772461e-01
9.735099077224731445e-01
9.933775067329406738e-01
9.735099077224731445e-01
9.668874144554138184e-01
9.867549538612365723e-01
1.000000000000000000e+00
1.000000000000000000e+00
1.000000000000000000e+00
1.000000000000000000e+00
1.000000000000000000e+00
1.000000000000000000e+00
1.000000000000000000e+00
1.000000000000000000e+00
1.000000000000000000e+00
1.000000000000000000e+00
1.000000000000000000e+00
1.000000000000000000e+00
1.000000000000000000e+00
1.000000000000000000e+00
