5.999999865889549255e-02
3.414634168148040771e-01
4.615384638309478760e-01
5.000000000000000000e-01
6.666666865348815918e-01
5.625000000000000000e-01
5.833333134651184082e-01
6.266666650772094727e-01
5.853658318519592285e-01
6.533333063125610352e-01
5.949367284774780273e-01
7.500000000000000000e-01
7.037037014961242676e-01
7.402597665786743164e-01
6.329113841056823730e-01
6.499999761581420898e-01
6.951219439506530762e-01
7.733333110809326172e-01
6.867470145225524902e-01
7.848101258277893066e-01
7.228915691375732422e-01
7.701149582862854004e-01
7.195122241973876953e-01
6.860465407371520996e-01
7.441860437393188477e-01
7.777777910232543945e-01
7.613636255264282227e-01
7.951807379722595215e-01
7.586206793785095215e-01
7.216494679450988770e-01
7.528089880943298340e-01
7.710843086242675781e-01
7.840909361839294434e-01
7.234042286872863770e-01
7.888888716697692871e-01
7.391304373741149902e-01
7.816091775894165039e-01
7.888888716697692871e-01
8.636363744735717773e-01
7.934782505035400391e-01
8.636363744735717773e-01
8.295454382896423340e-01
8.444444537162780762e-01
7.888888716697692871e-01
8.817204236984252930e-01
8.131868243217468262e-01
7.872340679168701172e-01
8.777777552604675293e-01
8.172042965888977051e-01
7.956989407539367676e-01
9.052631855010986328e-01
8.469387888908386230e-01
8.817204236984252930e-01
8.350515365600585938e-01
8.421052694320678711e-01
8.787878751754760742e-01
8.631578683853149414e-01
8.750000000000000000e-01
8.787878751754760742e-01
8.736842274665832520e-01
8.526315689086914062e-01
8.999999761581420898e-01
8.723404407501220703e-01
8.700000047683715820e-01
8.910890817642211914e-01
8.979591727256774902e-01
8.600000143051147461e-01
8.877550959587097168e-01
8.969072103500366211e-01
8.799999952316284180e-01
8.899999856948852539e-01
8.857142925262451172e-01
9.306930899620056152e-01
9.215686321258544922e-01
8.942307829856872559e-01
9.393939375877380371e-01
9.399999976158142090e-01
8.737863898277282715e-01
8.712871074676513672e-01
8.469387888908386230e-01
9.306930899620056152e-01
9.215686321258544922e-01
9.292929172515869141e-01
8.666666746139526367e-01
8.952381014823913574e-01
8.725489974021911621e-01
9.108911156654357910e-01
8.823529481887817383e-01
9.423077106475830078e-01
9.230769276618957520e-01
9.514563083648681641e-01
8.899082541465759277e-01
9.056603908538818359e-01
9.494949579238891602e-01
8.921568393707275391e-01
9.320388436317443848e-01
9.607843160629272461e-01
9.333333373069763184e-01
8.807339668273925781e-01
9.708737730979919434e-01
9.142857193946838379e-01
9.489796161651611328e-01
8.962264060974121094e-01
9.532710313796997070e-01
9.423077106475830078e-01
9.126213788986206055e-01
9.615384340286254883e-01
9.423077106475830078e-01
9.158878326416015625e-01
9.807692170143127441e-01
9.509803652763366699e-01
9.722222089767456055e-01
9.523809552192687988e-01
9.619047641754150391e-01
9.333333373069763184e-01
9.259259104728698730e-01
9.603960514068603516e-01
9.417475461959838867e-01
9.626168012619018555e-01
9.813084006309509277e-01
9.716981053352355957e-01
9.238095283508300781e-01
9.519230723381042480e-01
9.905660152435302734e-01
9.813084006309509277e-01
9.903846383094787598e-01
9.719626307487487793e-01
9.636363387107849121e-01
9.626168012619018555e-01
9.906542301177978516e-01
9.903846383094787598e-01
9.345794320106506348e-01
9.423077106475830078e-01
8.878504633903503418e-01
9.711538553237915039e-01
9.537037014961242676e-01
9.622641801834106445e-01
9.811320900917053223e-01
9.716981053352355957e-01
9.363636374473571777e-01
9.619047641754150391e-01
9.528301954269409180e-01
9.711538553237915039e-01
1.000000000000000000e+00
9.907407164573669434e-01
9.906542301177978516e-01
9.357798099517822266e-01
9.428571462631225586e-01
9.811320900917053223e-01
9.439252614974975586e-01
