9.032967090606689453e-01
9.401330351829528809e-01
9.562363028526306152e-01
9.713656306266784668e-01
9.589632749557495117e-01
9.623059630393981934e-01
9.738562107086181641e-01
9.650654792785644531e-01
9.612902998924255371e-01
9.322798848152160645e-01
9.803921580314636230e-01
9.892008900642395020e-01
9.934640526771545410e-01
9.716775417327880859e-01
9.608695507049560547e-01
9.802197813987731934e-01
9.912280440330505371e-01
9.804347753524780273e-01
9.956616163253784180e-01
9.783080220222473145e-01
9.668874144554138184e-01
9.478260874748229980e-01
9.668141603469848633e-01
9.517543911933898926e-01
9.824561476707458496e-01
9.934782385826110840e-01
9.956616163253784180e-01
9.870410561561584473e-01
1.000000000000000000e+00
1.000000000000000000e+00
9.890829920768737793e-01
9.434782862663269043e-01
9.696312546730041504e-01
9.781181812286376953e-01
9.254385828971862793e-01
9.804347753524780273e-01
9.935204982757568359e-01
9.956803321838378906e-01
9.978355169296264648e-01
1.000000000000000000e+00
9.892241358757019043e-01
9.539473652839660645e-01
9.806034564971923828e-01
9.827213883399963379e-01
9.826464056968688965e-01
9.368191957473754883e-01
9.956803321838378906e-01
9.935064911842346191e-01
9.673913121223449707e-01
9.935064911842346191e-01
