4.672897234559059143e-02
1.603773534297943115e-01
2.783505022525787354e-01
3.402061760425567627e-01
3.939394056797027588e-01
3.944954276084899902e-01
5.154638886451721191e-01
5.714285969734191895e-01
5.979381203651428223e-01
4.807692170143127441e-01
5.333333611488342285e-01
5.784313678741455078e-01
6.213592290878295898e-01
6.632652878761291504e-01
5.961538553237915039e-01
7.575757503509521484e-01
7.207207083702087402e-01
7.171717286109924316e-01
6.796116232872009277e-01
7.777777910232543945e-01
7.547169923782348633e-01
7.981651425361633301e-01
7.596153616905212402e-01
7.631579041481018066e-01
8.148148059844970703e-01
7.155963182449340820e-01
8.055555820465087891e-01
7.636363506317138672e-01
7.857142686843872070e-01
8.000000119209289551e-01
8.317757248878479004e-01
8.407079577445983887e-01
8.703703880310058594e-01
7.894737124443054199e-01
7.787610888481140137e-01
8.256880640983581543e-01
8.532109856605529785e-01
8.636363744735717773e-01
8.378378152847290039e-01
8.181818127632141113e-01
8.333333134651184082e-01
8.750000000000000000e-01
8.407079577445983887e-01
8.660714030265808105e-01
8.454545736312866211e-01
8.596491217613220215e-01
9.561403393745422363e-01
8.050847649574279785e-01
9.017857313156127930e-01
9.059829115867614746e-01
8.407079577445983887e-01
8.888888955116271973e-01
8.596491217613220215e-01
8.521739244461059570e-01
9.459459185600280762e-01
8.974359035491943359e-01
9.026548862457275391e-01
8.655462265014648438e-01
8.448275923728942871e-01
8.916666507720947266e-01
8.947368264198303223e-01
8.983050584793090820e-01
8.974359035491943359e-01
8.620689511299133301e-01
8.739495873451232910e-01
9.237288236618041992e-01
9.008264541625976562e-01
8.547008633613586426e-01
9.217391014099121094e-01
9.067796468734741211e-01
8.684210777282714844e-01
9.482758641242980957e-01
9.491525292396545410e-01
9.243697524070739746e-01
9.243697524070739746e-01
9.322034120559692383e-01
8.888888955116271973e-01
9.217391014099121094e-01
9.098360538482666016e-01
9.572649598121643066e-01
8.898305296897888184e-01
9.411764740943908691e-01
9.152542352676391602e-01
9.473684430122375488e-01
8.983050584793090820e-01
9.487179517745971680e-01
9.663865566253662109e-01
9.482758641242980957e-01
9.316239356994628906e-01
8.898305296897888184e-01
8.859649300575256348e-01
8.898305296897888184e-01
8.983050584793090820e-01
9.217391014099121094e-01
9.831932783126831055e-01
9.747899174690246582e-01
9.333333373069763184e-01
8.916666507720947266e-01
9.327731132507324219e-01
9.416666626930236816e-01
1.000000000000000000e+00
9.576271176338195801e-01
9.504132270812988281e-01
1.000000000000000000e+00
9.586777091026306152e-01
9.586777091026306152e-01
9.568965435028076172e-01
9.243697524070739746e-01
9.411764740943908691e-01
9.915254116058349609e-01
9.333333373069763184e-01
9.491525292396545410e-01
9.237288236618041992e-01
9.145299196243286133e-01
9.250000119209289551e-01
9.663865566253662109e-01
1.000000000000000000e+00
9.572649598121643066e-01
9.274193644523620605e-01
9.663865566253662109e-01
9.745762944221496582e-01
9.508196711540222168e-01
9.663865566253662109e-01
9.834710955619812012e-01
9.745762944221496582e-01
9.504132270812988281e-01
9.316239356994628906e-01
9.666666388511657715e-01
9.752066135406494141e-01
9.743589758872985840e-01
9.406779408454895020e-01
9.256198406219482422e-01
9.333333373069763184e-01
9.831932783126831055e-01
9.834710955619812012e-01
1.000000000000000000e+00
9.917355179786682129e-01
9.915966391563415527e-01
9.750000238418579102e-01
9.576271176338195801e-01
9.833333492279052734e-01
9.586777091026306152e-01
9.180327653884887695e-01
9.747899174690246582e-01
9.750000238418579102e-01
9.754098653793334961e-01
9.915254116058349609e-01
9.590163826942443848e-01
9.411764740943908691e-01
9.831932783126831055e-01
