19
[0.09560903349881526, 0.9166667, 0.8301887]

21
[0.05217345184176067, 0.9583333, 0.8679245]

23
[0.03859800274751126, 0.9591837, 0.8867925]

25
[0.05217293336366378, 0.92156863, 0.8867925]

27
[0.03890815535894687, 0.96, 0.9056604]

29
[0.043436534254121854, 0.9259259, 0.9433962]

31
[0.04471888396904843, 0.9433962, 0.9433962]

33
[0.01925471751784596, 0.9259259, 0.9433962]

vote:
precision= 0.8305084745762712
recall= 0.9245283018867925
f1= 0.875

probability:
precision= 0.96
recall= 0.9056603773584906
f1= 0.9320388349514563

