1.696168190160727077e-02
1.793913440757141653e-02
1.321714410575861726e-02
1.137011551991594718e-02
1.113716780643079531e-02
1.293876675016324314e-02
8.686771264406667817e-03
1.028041693954515057e-02
6.684980682714293174e-03
6.438956939188679104e-03
5.381163999318172922e-03
6.654040800959219043e-03
4.314922355784556879e-03
2.715110853297712182e-03
2.453937660254600344e-03
3.305217711116629608e-03
2.689087094318078248e-03
2.136015190290815012e-03
4.616868518254354029e-03
2.910474200496053054e-03
4.354026380568263958e-03
3.515419694219100270e-03
2.838601318158689556e-03
2.923143075496725633e-03
5.024177394841352652e-03
1.866170600800092947e-03
1.762903010863027184e-03
4.266499947183578084e-03
2.349798636188944138e-03
2.996187350764963498e-03
1.068282535650615052e-03
2.160651197764732519e-03
2.000618509630732161e-03
1.682501669433730763e-03
2.904904101547712333e-03
1.308057896118794460e-03
1.036972698977268580e-03
1.188338960271516972e-03
5.966389604303747995e-04
1.780732009207405819e-03
2.615983866722854188e-03
2.356313878488024583e-03
1.203603355563747420e-03
4.373182910307780308e-03
9.046896367767608485e-04
7.450093182986798753e-04
6.447152200815521811e-04
1.009104235426383717e-03
4.564404280335720120e-03
6.290640502595695434e-04
