2.724641383515616702e-02
1.293961824690402496e-02
7.223957580855577647e-03
6.641182887800169132e-03
8.004857204406981563e-03
5.463005753596933065e-03
3.472917356100871725e-03
4.298174510400471111e-03
1.164448635442694125e-03
1.010953136074105741e-03
9.446009347381761597e-04
5.278743231357714040e-03
5.348472546086635929e-03
2.678147270013662117e-03
8.381652801336824873e-03
3.892801246936691568e-03
9.022420785331953727e-03
2.687463690394911557e-03
1.205811553855459751e-03
8.708601574510755000e-04
8.265697916429496327e-04
8.209637992112112830e-04
8.222030840266759998e-04
8.357058795314225826e-04
7.984872703855283799e-04
7.897307226278843864e-04
7.798676574263624329e-04
7.719808982040578076e-04
7.627771982105203356e-04
7.548966578741562105e-04
7.434438451182312458e-04
7.314385529251309732e-04
7.198429171940631550e-04
7.084150836167979470e-04
6.962282336799961594e-04
6.829937581731942682e-04
6.696926462407518273e-04
6.552277167206790962e-04
6.411154350281616501e-04
6.270308182016494369e-04
6.095803617934774212e-04
5.945933605696692055e-04
5.765431853005769649e-04
5.593442168147051089e-04
5.422473135676595096e-04
5.246459858566686688e-04
5.066738423991382035e-04
5.501020010110331754e-04
2.812865107115933641e-02
1.173458122054019635e-02
