9.054054021835327148e-01
9.078947305679321289e-01
9.664429426193237305e-01
9.599999785423278809e-01
9.662162065505981445e-01
9.668874144554138184e-01
9.607843160629272461e-01
9.735099077224731445e-01
1.000000000000000000e+00
1.000000000000000000e+00
1.000000000000000000e+00
9.801324605941772461e-01
9.539473652839660645e-01
9.673202633857727051e-01
9.337748289108276367e-01
9.673202633857727051e-01
9.530201554298400879e-01
9.738562107086181641e-01
9.934210777282714844e-01
1.000000000000000000e+00
1.000000000000000000e+00
1.000000000000000000e+00
1.000000000000000000e+00
1.000000000000000000e+00
1.000000000000000000e+00
1.000000000000000000e+00
1.000000000000000000e+00
1.000000000000000000e+00
1.000000000000000000e+00
1.000000000000000000e+00
1.000000000000000000e+00
1.000000000000000000e+00
1.000000000000000000e+00
1.000000000000000000e+00
1.000000000000000000e+00
1.000000000000000000e+00
1.000000000000000000e+00
1.000000000000000000e+00
1.000000000000000000e+00
1.000000000000000000e+00
1.000000000000000000e+00
1.000000000000000000e+00
1.000000000000000000e+00
1.000000000000000000e+00
1.000000000000000000e+00
1.000000000000000000e+00
1.000000000000000000e+00
1.000000000000000000e+00
8.707482814788818359e-01
9.019607901573181152e-01
