8.909090757369995117e-01
9.126436710357666016e-01
8.806306123733520508e-01
9.340909123420715332e-01
9.540230035781860352e-01
9.274376630783081055e-01
9.466666579246520996e-01
9.146067500114440918e-01
9.550561904907226562e-01
9.614512324333190918e-01
9.528089761734008789e-01
9.415730237960815430e-01
9.642058014869689941e-01
9.662921428680419922e-01
9.733333587646484375e-01
9.665178656578063965e-01
9.710467457771301270e-01
9.422222375869750977e-01
9.417040348052978516e-01
8.830022215843200684e-01
9.539473652839660645e-01
9.800884723663330078e-01
9.847494363784790039e-01
9.803063273429870605e-01
9.497816562652587891e-01
9.781181812286376953e-01
9.715536236763000488e-01
9.293849468231201172e-01
9.444444179534912109e-01
9.822221994400024414e-01
9.956331849098205566e-01
9.869565367698669434e-01
9.713024497032165527e-01
9.625550508499145508e-01
9.032967090606689453e-01
9.395248293876647949e-01
9.780219793319702148e-01
9.652928709983825684e-01
9.870410561561584473e-01
9.889624714851379395e-01
9.826464056968688965e-01
9.847161769866943359e-01
9.424778819084167480e-01
9.644444584846496582e-01
9.935064911842346191e-01
9.934924244880676270e-01
9.956331849098205566e-01
9.891304373741149902e-01
9.111111164093017578e-01
9.493392109870910645e-01
