8.484848737716674805e-01
8.593073487281799316e-01
8.463203310966491699e-01
8.896104097366333008e-01
8.982684016227722168e-01
8.852813839912414551e-01
9.220778942108154297e-01
8.809523582458496094e-01
9.199134111404418945e-01
9.177489280700683594e-01
9.177489280700683594e-01
9.069263935089111328e-01
9.329004287719726562e-01
9.307359457015991211e-01
9.480519294738769531e-01
9.372294545173645020e-01
9.437229633331298828e-01
9.177489280700683594e-01
9.090909361839294434e-01
8.658008575439453125e-01
9.415584206581115723e-01
9.588744640350341797e-01
9.783549904823303223e-01
9.696969985961914062e-01
9.415584206581115723e-01
9.675324559211730957e-01
9.610389471054077148e-01
8.831169009208679199e-01
9.199134111404418945e-01
9.567099809646606445e-01
9.870129823684692383e-01
9.826839566230773926e-01
9.523809552192687988e-01
9.458874464035034180e-01
8.896104097366333008e-01
9.415584206581115723e-01
9.632034897804260254e-01
9.632034897804260254e-01
9.891774654388427734e-01
9.696969985961914062e-01
9.805194735527038574e-01
9.761904478073120117e-01
9.220778942108154297e-01
9.393939375877380371e-01
9.935064911842346191e-01
9.913420081138610840e-01
9.870129823684692383e-01
9.848484992980957031e-01
8.874458670616149902e-01
9.329004287719726562e-01
