19
[0.060432316184810854, 0.94871795, 0.8043478]

21
[0.03838261655011379, 0.902439, 0.8043478]

23
[0.061309244886369386, 0.9459459, 0.76086956]

25
[0.06116157210267642, 0.7735849, 0.8913044]

27
[0.02670523039311828, 0.974359, 0.82608694]

29
[0.02775844363221789, 0.95, 0.82608694]

31
[0.038714646915083424, 0.95454544, 0.9130435]

33
[0.042417027712251774, 1.0, 0.82608694]

vote:
precision= 0.6825396825396826
recall= 0.9347826086956522
f1= 0.7889908256880734

probability:
precision= 1.0
recall= 0.8478260869565217
f1= 0.9176470588235294

