3.200888464609093209e-02
2.060517057795672666e-02
1.581158150052906428e-02
1.580381155699315393e-02
1.506136905896783562e-02
1.794484458889118728e-02
1.265553469494848024e-02
1.172568881647397497e-02
1.071296044171498631e-02
8.699765915161592270e-03
1.022707418208139950e-02
1.054169062540622620e-02
1.212998108402341992e-02
1.064142163187339549e-02
7.959676350951629467e-03
8.778835501526102356e-03
1.047501781637344594e-02
1.212742778934993056e-02
5.915063121620710816e-03
7.723758091305427467e-03
6.043605981626064792e-03
6.096076992073698984e-03
6.837575312017748694e-03
3.568662941177094816e-03
1.094857416501533558e-02
1.508304925967159961e-02
6.947624844628539319e-03
7.212320174241990990e-03
6.146337852652886645e-03
7.001579838744154821e-03
4.731802655890141041e-03
6.376756734888578727e-03
5.384685772913718436e-03
8.724816405371038641e-03
6.620417819179528866e-03
4.078170360917030522e-03
3.090398817002050491e-03
6.957670728166364012e-03
5.908609002056392813e-03
5.588586045602839635e-03
3.533761572523565295e-03
5.433905009836596973e-03
9.196359376937029637e-03
4.199002230818491346e-03
3.339699524144860553e-03
3.500524267925101459e-03
9.822552697399082947e-03
4.356593992796370038e-03
6.192129785618078613e-03
5.982075018127630366e-03
