7.570093274116516113e-01
8.208954930305480957e-01
8.761467933654785156e-01
8.530805706977844238e-01
8.630136847496032715e-01
8.537735939025878906e-01
9.023255705833435059e-01
9.056603908538818359e-01
9.090909361839294434e-01
9.375000000000000000e-01
9.041095972061157227e-01
9.174311757087707520e-01
8.778280615806579590e-01
9.140271544456481934e-01
9.452054500579833984e-01
8.991228342056274414e-01
9.159291982650756836e-01
8.990825414657592773e-01
9.339206814765930176e-01
9.321267008781433105e-01
9.461883306503295898e-01
9.260869622230529785e-01
9.432314634323120117e-01
9.740259647369384766e-01
8.744588494300842285e-01
8.546255230903625488e-01
9.339206814765930176e-01
9.134199023246765137e-01
9.310345053672790527e-01
9.339206814765930176e-01
9.347826242446899414e-01
9.270386099815368652e-01
9.478260874748229980e-01
9.118942618370056152e-01
9.181034564971923828e-01
9.780701994895935059e-01
9.744681119918823242e-01
9.247787594795227051e-01
9.234042763710021973e-01
9.279661178588867188e-01
9.696969985961914062e-01
9.358974099159240723e-01
9.130434989929199219e-01
9.482758641242980957e-01
9.574468135833740234e-01
9.658119678497314453e-01
8.927038908004760742e-01
9.404255151748657227e-01
9.322034120559692383e-01
9.475982785224914551e-01
