1.050374435288577504e-02
9.755718157618520694e-03
9.847591874102777296e-03
6.964972580293773800e-03
1.110238188185687543e-02
5.683486470610181647e-03
7.935904970602376818e-03
5.151515125316068894e-03
5.448638040330058309e-03
5.686168167616661995e-03
6.731851580352787162e-03
4.472131695696306836e-03
3.970350082860864965e-03
7.112827952693207695e-03
3.666399000760897729e-03
5.147493605197675341e-03
3.421184033028450925e-03
3.392485096002794461e-03
4.398827563037361645e-03
5.738361924236130319e-03
2.223584701417498106e-03
4.068393623279314454e-03
3.849856967913180619e-03
3.503244727384459498e-03
3.905651797172884562e-03
2.791273603060911036e-03
5.668348433178157543e-03
3.463613474864118448e-03
1.250117878152564145e-03
2.519485769160158435e-03
1.013328214921426331e-03
2.055501752664953743e-03
2.709699083281903384e-03
3.659941322011884927e-03
1.199416865129520563e-03
3.902308759042645309e-03
4.800235740278065329e-03
1.603113726958092008e-03
1.689759230814734392e-03
6.986755864449752107e-03
2.301743096751236554e-03
1.715438424656771238e-03
1.559794985689047725e-03
4.742608049691589864e-04
1.511477579993405519e-03
3.530102432980131155e-03
2.480735147217989940e-03
1.281440372074639554e-03
2.485463057677251685e-03
3.492578904121709012e-03
