19
[0.9088146541877508, 0.9957096, 0.8662073]

21
[0.4769012388879573, 0.99159664, 0.9147287]

23
[0.5281726634804996, 0.9935325, 0.926213]

25
[0.47823600103735786, 0.9923711, 0.93367785]

27
[0.5759383910229856, 0.9938462, 0.9273615]

29
[0.4786379570884537, 0.9953416, 0.9201838]

31
[0.4047219649759863, 0.99664736, 0.9388458]

33
[0.48813656043300696, 0.993865, 0.9302326]

vote:
accuracy= 0.9526174218911649
precision= 0.9848033373063171
recall= 0.9488946310651737
f1= 0.9665155724521128

probability:
accuracy= 0.9493068487481895
precision= 0.9987677141096735
recall= 0.9308067757680161
f1= 0.9635904294843216

