1.483048831205316664e-01
6.016470414708092324e-02
4.666888078729415634e-02
4.121179028636756669e-02
3.637439553093414074e-02
3.130858915131207870e-02
2.953846826597251313e-02
3.328947645988137444e-02
3.216361438257966249e-02
3.043503264071130421e-02
2.781709638175360738e-02
2.470095019161086189e-02
2.889003459746959657e-02
2.614805817314422298e-02
2.605808500493191418e-02
2.514575688593011921e-02
2.262757279661898116e-02
2.204836055519630508e-02
1.959631798890824894e-02
2.299854123907739412e-02
2.484295557645435637e-02
1.926300993794881344e-02
2.100408830249270511e-02
1.691828399234594077e-02
1.872736161255558404e-02
2.061675200541791819e-02
2.199394537527566210e-02
1.613519171207705369e-02
1.844650423031337153e-02
1.794562250774006315e-02
1.682344687463263946e-02
1.600361746929086088e-02
1.977828548899642977e-02
1.739784561911639910e-02
1.624640910718087514e-02
1.316989524792271105e-02
1.738036671418938597e-02
1.552374333115143397e-02
1.282795813608414437e-02
1.331457769919840682e-02
1.736417843712336623e-02
1.525588409452528944e-02
1.483703082387339417e-02
1.215421320954510054e-02
1.244257582903738994e-02
1.108157020714061955e-02
1.100395309423309563e-02
1.235570198347337237e-02
1.007331806432451050e-02
9.459570126834069767e-03
1.075380935532460960e-02
1.040294924976687026e-02
7.870452018372942060e-03
9.095981676672687880e-03
1.111864421679125206e-02
1.120517073967635877e-02
1.109050449022127606e-02
8.612803122013313120e-03
8.979162561062615372e-03
9.238346706301527392e-03
1.016798108893667008e-02
8.076735752896841911e-03
6.298115164480968739e-03
6.660527180663430684e-03
9.434755173453190577e-03
1.043605561853566677e-02
7.239913103665862951e-03
1.284874705008471826e-02
6.118852847700969461e-03
6.121496960465890556e-03
6.396634858916029447e-03
7.145015090440786157e-03
6.802476639800574508e-03
8.719871831048631519e-03
6.582131122170518239e-03
5.359698576969385876e-03
6.516920498304790491e-03
2.704050468180765800e-03
5.264629064585540745e-03
5.963251842440400567e-03
6.491796014913746651e-03
4.436430149257110031e-03
4.330682136200602640e-03
4.031282721364153054e-03
5.900098325124187443e-03
3.600025322762933754e-03
3.646303472537992720e-03
2.267633136089425121e-03
4.485552818149849373e-03
3.452539529777527098e-03
3.645419083060119549e-03
3.805984423022073203e-03
3.565704970717676215e-03
5.249322095415159123e-03
5.275852713556892538e-03
4.960795498480215053e-03
3.045040833922839363e-03
2.600618979493087186e-03
2.786352148560421096e-03
4.584013387811133530e-03
5.883233774197706677e-03
7.320253989043942755e-03
4.555380683180071909e-03
3.786601062666160138e-03
3.536858667861696864e-03
3.857904514818438855e-03
2.840116983356490155e-03
4.863126977797058333e-03
1.016208533221150392e-03
2.273076570399205909e-03
2.425349221263938850e-03
2.292683822305748454e-03
4.211126959378285947e-03
4.005367704588616747e-03
1.816819124042426186e-03
2.025302933375850226e-03
6.530309890830770245e-04
2.849428995784516246e-03
1.906462570567037888e-03
1.879380376451430515e-03
1.557366574815865394e-03
2.193342843270288268e-03
2.160791397922026940e-03
2.890025905810902473e-03
2.481839428805152851e-03
2.413698905115208189e-03
3.222937745838008478e-03
4.002687851041733177e-03
4.602120092651170932e-03
2.228709817024938315e-03
1.128197138001359092e-03
1.175868659322518942e-03
1.583338857670533876e-03
6.136607049271766657e-04
1.242752771039028594e-03
5.142551160927586774e-03
3.164666107158649148e-03
1.965901357569997850e-03
7.683117691593206906e-04
1.000042390608621434e-03
1.582200467645466374e-03
3.297622610761711658e-03
1.315643388458398065e-03
2.214817181390201905e-03
1.639458645476986852e-03
1.448339351368789409e-03
3.950855056682443973e-03
2.451515235033853088e-03
4.413476685148763623e-03
2.951104053773127411e-03
