6.848739385604858398e-01
6.764705777168273926e-01
7.100840210914611816e-01
7.857142686843872070e-01
7.563025355339050293e-01
8.235294222831726074e-01
7.731092572212219238e-01
7.184873819351196289e-01
8.235294222831726074e-01
8.487395048141479492e-01
7.983193397521972656e-01
8.403361439704895020e-01
8.655462265014648438e-01
8.235294222831726074e-01
7.941176295280456543e-01
8.403361439704895020e-01
8.949579596519470215e-01
8.697478771209716797e-01
9.159663915634155273e-01
8.697478771209716797e-01
8.781512379646301270e-01
8.991596698760986328e-01
8.865545988082885742e-01
8.361344337463378906e-01
8.823529481887817383e-01
9.453781247138977051e-01
9.075630307197570801e-01
9.285714030265808105e-01
8.907563090324401855e-01
8.907563090324401855e-01
8.697478771209716797e-01
8.235294222831726074e-01
8.865545988082885742e-01
9.453781247138977051e-01
9.243697524070739746e-01
8.697478771209716797e-01
9.243697524070739746e-01
9.201680421829223633e-01
9.285714030265808105e-01
9.075630307197570801e-01
9.117646813392639160e-01
9.411764740943908691e-01
9.663865566253662109e-01
8.949579596519470215e-01
9.453781247138977051e-01
9.159663915634155273e-01
8.991596698760986328e-01
9.075630307197570801e-01
9.285714030265808105e-01
8.823529481887817383e-01
