3.734911631073761229e-01
2.041399200651781431e-01
1.619984603633405074e-01
1.607393646117745434e-01
1.442304597308251557e-01
1.446203169734263383e-01
1.131643134998973066e-01
1.111855081109271309e-01
1.092943884215352990e-01
1.179962292392748163e-01
9.919305300964109673e-02
9.506584148345105512e-02
9.760287890323605942e-02
9.724524576809587262e-02
8.746231967455594947e-02
9.257431761461100417e-02
8.494055076415002459e-02
8.711358103674668452e-02
8.988319641192137055e-02
7.921285919797144137e-02
8.146713640496303088e-02
7.399019538211276670e-02
7.123505887581632612e-02
6.697979316996933996e-02
6.414184475336058566e-02
6.835227689269103568e-02
6.616637215937129501e-02
7.341444903960495094e-02
6.492128803042550300e-02
6.617440140712026186e-02
5.671204781212857426e-02
6.997001709941216840e-02
5.920793111068278769e-02
5.317533142423926801e-02
5.267899170187909791e-02
5.630066866270000414e-02
4.775719781301263067e-02
5.188627794873693772e-02
4.639892499576833695e-02
4.628349772278690655e-02
4.615527939207831470e-02
5.003117236894077252e-02
5.168221591194079034e-02
4.589563737776314323e-02
4.077415917568495696e-02
5.069298998275632157e-02
4.561719007099614143e-02
3.036269665379513066e-02
3.405341267192937144e-02
3.629852930828776636e-02
3.580807300875062799e-02
3.260299176148231948e-02
3.420185923836710495e-02
3.423348735309768298e-02
3.085107964719414897e-02
3.513785361425474096e-02
4.239363697968111938e-02
2.682112983326216671e-02
3.312761488881506983e-02
2.563100777276387798e-02
2.268929289845357522e-02
3.086822623434749141e-02
2.512206601747285495e-02
2.597707594267447545e-02
2.280255846297241790e-02
2.748214923088209902e-02
2.519712482959784311e-02
1.850251453093437748e-02
1.647377223990834083e-02
2.135988053881622203e-02
1.990363551296131517e-02
1.832280815439589136e-02
1.233226850878550371e-02
1.746355630318469077e-02
2.042259760254266573e-02
1.610546527050539869e-02
1.328004978991503653e-02
2.134488851419688235e-02
1.666453284188332967e-02
1.802478051836991363e-02
2.089178561631415548e-02
1.030335525592976191e-02
1.118017025170115961e-02
1.210813971048503926e-02
1.642165625380540353e-02
1.296426458225260168e-02
2.356306241169195750e-02
9.565081097105868069e-03
1.125833192632581282e-02
1.149713756535417249e-02
9.086517537339282996e-03
7.397302538828333211e-03
2.160944251280422224e-02
1.196175146185845910e-02
1.556508421754768806e-02
1.911514241690288191e-02
1.570595644197081420e-02
6.559316824094493098e-03
7.102750702945246838e-03
7.095625713890866063e-03
9.462864305047542432e-03
8.459993545603549173e-03
8.450578301971814130e-03
1.411901738033017641e-02
2.663935901837133705e-02
1.461889666733635039e-02
4.193848867089818369e-03
5.425986048855024890e-03
4.622972736555157509e-03
7.464490997712270280e-03
5.153181825544564734e-03
6.598450947008418360e-03
1.198017127497693138e-02
9.445618370221875101e-03
4.850186712289449899e-03
5.217534361274508807e-03
6.644314950513038193e-03
1.638177723293705174e-02
8.557103609056638388e-03
9.223921353891348027e-03
5.970145624756731211e-03
3.879407757142018433e-03
3.525946049737765410e-03
2.953534597170593204e-03
1.481529713738787696e-02
2.888146447269199224e-02
2.516292574646734892e-02
5.115885961000240026e-03
3.129953736543261266e-03
3.350925528740009065e-03
5.555898671385684114e-03
1.113130434305754750e-02
1.614915209654781483e-02
1.174632568752880836e-02
4.021234899742449215e-03
2.473396578889491999e-03
2.864127763622845244e-03
3.132935400927197578e-03
1.923986810727323308e-03
1.973377079685309250e-03
2.243755580712754414e-03
1.108143946879210431e-02
1.233710578206100202e-02
1.655028109047422882e-02
6.480933028322101094e-03
5.389294854104172139e-03
4.882064006885408237e-03
6.532138291593362137e-03
2.899944232546475785e-03
2.106295052496730703e-03
