1.703467309642267905e-02
8.485117770660204409e-03
6.708252208631755586e-03
5.272087525287263293e-03
4.010940051469582233e-03
2.149636303521651731e-03
3.166036994478029117e-03
9.186971651908433208e-04
6.231857998397320481e-04
6.090615541715642574e-04
6.043939285974301223e-04
5.894794526419857000e-04
5.788361259055183235e-04
6.235007230018078245e-03
1.386445693540859156e-02
1.241898472210561629e-03
5.023570721477486900e-03
2.892277033801069538e-03
2.246780360242404788e-03
1.292507713139105091e-03
3.385732411546512818e-03
1.597328169394487225e-03
5.829299132390350011e-03
6.498552307109072652e-04
5.495533239748568582e-04
5.377127304118306051e-04
5.386538397301222914e-04
5.272772030553117550e-04
5.227444815812834315e-04
5.171434588078854203e-04
5.172340479107733185e-04
5.130407819121941522e-04
4.990889862121184427e-04
4.903111575067224020e-04
4.831063491352239518e-04
1.650214069842749140e-02
9.293981323247048690e-03
1.028102038132075458e-02
4.360949918000920321e-03
3.112293319883179324e-03
1.600196553504148675e-03
7.420164800256575342e-04
5.438764090084618596e-04
1.791171540748348482e-03
2.766728892363402338e-03
9.888367821464507865e-04
1.738943050133130242e-03
2.467005819653590205e-03
1.950528283374683512e-03
2.398078646438909448e-03
