8.421052694320678711e-01
8.907563090324401855e-01
8.947368264198303223e-01
9.145299196243286133e-01
8.983050584793090820e-01
8.416666388511657715e-01
9.152542352676391602e-01
9.173553586006164551e-01
9.553571343421936035e-01
9.292035102844238281e-01
9.051724076271057129e-01
9.396551847457885742e-01
9.421487450599670410e-01
9.561403393745422363e-01
9.473684430122375488e-01
9.145299196243286133e-01
9.344262480735778809e-01
9.487179517745971680e-01
9.310345053672790527e-01
9.411764740943908691e-01
9.401709437370300293e-01
9.145299196243286133e-01
9.406779408454895020e-01
9.344262480735778809e-01
9.495798349380493164e-01
9.830508232116699219e-01
9.491525292396545410e-01
9.256198406219482422e-01
9.666666388511657715e-01
9.338843226432800293e-01
9.827586412429809570e-01
9.504132270812988281e-01
9.661017060279846191e-01
9.663865566253662109e-01
9.833333492279052734e-01
9.491525292396545410e-01
9.572649598121643066e-01
9.747899174690246582e-01
9.327731132507324219e-01
9.913793206214904785e-01
9.831932783126831055e-01
9.836065769195556641e-01
9.666666388511657715e-01
9.666666388511657715e-01
9.495798349380493164e-01
9.916666746139526367e-01
9.421487450599670410e-01
9.658119678497314453e-01
9.831932783126831055e-01
9.752066135406494141e-01
