3.815998553933454274e-02
2.559546262890808124e-02
2.161322546693859176e-02
1.876078037858568137e-02
1.450487661347968533e-02
1.478020867672978807e-02
1.624216204696948135e-02
1.260922442106449277e-02
1.137321675066403290e-02
8.756605243956957704e-03
1.207517351936921064e-02
1.189102667267653672e-02
9.036663193304809993e-03
1.197924753074431324e-02
9.112395402068630690e-03
1.227675276424748489e-02
9.648709217085731440e-03
1.102350009099783631e-02
5.844384257290603964e-03
4.896076341836105503e-03
4.805000241504630773e-03
8.111140758109472090e-03
5.702480230183097631e-03
7.388234705330022287e-03
4.856686719826289536e-03
6.258642414640571902e-03
9.456379298974477987e-03
8.761478512563005555e-03
4.650702512420396527e-03
6.864563815088228424e-03
3.560772031258484325e-03
9.662455673614931545e-03
8.665527982657997633e-03
1.439364949428036458e-02
6.365261709474131016e-03
5.591678922494632865e-03
3.161951635086251034e-03
3.418536703381371607e-03
5.531068137759827946e-03
7.832715700853011553e-03
7.760611668111853760e-03
6.671277210307705909e-03
1.828845614671659441e-03
1.285079618774795460e-03
1.288875890518350774e-03
1.314073182393919867e-03
6.504313945398155876e-03
1.707585503817091871e-02
8.383129911056321978e-03
9.910425350166186462e-03
