3.648049320588941935e-02
1.962912107879344337e-02
1.682563373114374233e-02
1.444286222303354378e-02
1.172774935249832479e-02
1.090478395042801703e-02
9.336167849482457717e-03
8.924114959480434692e-03
6.639208747357731866e-03
7.973356991769941365e-03
4.377572982602047184e-03
1.152399852650566082e-02
5.321827825855590839e-03
3.825177820733710512e-03
6.334329182967085581e-03
5.686996034295478501e-03
4.852213304995759736e-03
2.386594623628246394e-03
3.103710114026786687e-03
1.802370398628707487e-03
6.469830317560735719e-03
5.811348788536783647e-03
7.253385634522198887e-03
6.850404633029862078e-03
4.749353747867235583e-03
1.289412985067248801e-02
6.341276442114087385e-03
3.792364959227931352e-03
8.784922878150097040e-04
1.000008585361113894e-03
6.151061007402762850e-04
1.655174900967133940e-03
8.702688186037780757e-03
3.260177700492216703e-03
3.424701635449780516e-03
2.208003728918806439e-03
4.316994817286657835e-03
3.390219653253949937e-03
6.272594656587057553e-03
4.909942322714140606e-03
4.302915682284361859e-03
3.327663552686283260e-03
2.808860385678518031e-03
3.744572172938134998e-03
4.395779342881503404e-03
1.986738261415180781e-03
5.071730412153182231e-03
4.133810813794449278e-03
5.280095100318588780e-03
2.841370015981349237e-03
