19
[0.07431310540412836, 0.975, 0.89312977]

21
[0.03172234274737276, 0.95454544, 0.96183205]

23
[0.054386264972458985, 0.96153843, 0.9541985]

25
[0.050772342299036904, 0.93798447, 0.9236641]

27
[0.019569478802078738, 0.9621212, 0.9694657]

29
[0.03149535152279154, 0.97692305, 0.9694657]

31
[0.04183419076225564, 0.9765625, 0.9541985]

33
[0.05500525645061476, 0.9609375, 0.9389313]

vote:
precision= 0.8513513513513513
recall= 0.9618320610687023
f1= 0.903225806451613

probability:
precision= 0.9841269841269841
recall= 0.9465648854961832
f1= 0.9649805447470817

