2.273520296619814807e-01
1.294505154515804835e-01
7.993622586103824035e-02
6.915055388761359723e-02
6.938010568105464071e-02
4.912419676437038835e-02
4.287955940049592574e-02
3.704556371901443490e-02
4.133729772151196330e-02
3.957613079542761370e-02
3.662119147453149481e-02
3.543010169682737909e-02
3.149822005083127707e-02
3.958419725334682421e-02
2.859420651944542119e-02
2.633881503473185434e-02
2.928807963493501240e-02
2.979168000901361024e-02
2.299751536505770244e-02
2.007080141699053855e-02
2.251441406692780700e-02
1.876815696785593193e-02
1.981327422401105154e-02
2.077129473237441029e-02
1.806930105739005393e-02
1.639935942333856436e-02
1.777143457847408028e-02
2.349308402028806725e-02
1.758293817461272640e-02
1.672334652838071423e-02
1.775171194731351917e-02
1.527956138051780877e-02
1.506147595395401946e-02
1.515905721754124379e-02
1.082394141345483472e-02
1.080039569231580100e-02
1.384810162822646198e-02
1.561845997874269747e-02
1.001752109309630642e-02
8.380738748011018133e-03
1.679549780123060568e-02
7.104353828149462084e-03
2.215759991193579082e-02
1.259314846950312927e-02
9.504213835058828580e-03
8.159599765263092497e-03
1.122146886203566861e-02
7.128757939367019389e-03
1.099818782749071612e-02
1.321729869715258972e-02
6.606766775102789271e-03
1.271018085869581558e-02
8.311505851324858113e-03
1.189338730085577091e-02
7.917369397066357714e-03
1.159741004501857811e-02
6.486360954982132478e-03
7.368312044322204019e-03
8.157003772419289464e-03
6.410108392768551488e-03
8.105608734371239424e-03
9.809139284508874498e-03
9.370448713567807245e-03
1.334063884114162525e-02
2.237186874675009887e-03
4.963578016635137452e-03
2.723219948148161793e-03
6.880295303576194378e-03
8.392409758645653223e-03
9.028982033069409691e-03
4.259645750477599607e-03
2.133128471363129712e-03
4.592328643292110241e-03
4.024666481359509204e-03
2.772823705343628337e-03
8.119257662528514205e-03
4.602439434819355704e-03
3.437745096184897584e-03
2.516539245522023214e-03
4.659627602901921482e-03
7.105648406943994994e-03
6.714607625353255331e-03
4.459819881032845920e-03
1.031512853209068555e-02
7.009062631720503964e-03
2.145366715997359171e-03
7.766060643511462627e-04
8.760677620938421908e-03
4.148512866294200470e-03
7.123326076515613427e-03
1.107243902310607424e-02
5.542416370929014596e-03
1.295944414265803694e-02
3.630401903898732453e-03
3.860407340029563695e-03
3.606089901236449874e-03
3.912461480907176818e-03
4.329194575161991569e-03
1.298729090899664734e-03
4.569601098411575288e-03
5.695291601394182612e-04
3.405014354392172336e-03
4.586447952672404078e-03
6.642599607377769506e-03
3.151014894085823765e-03
1.442881043947015106e-03
5.561955768133021970e-03
1.896453763861718871e-03
2.244410258970584628e-03
2.423992791935679608e-03
6.804472898632655045e-03
5.576665557386846495e-03
7.726124915240641751e-04
3.579548901498614578e-03
8.230286660755528269e-03
4.366259511875454288e-03
1.465308252323403726e-03
1.046234544625463921e-03
3.689428893627930139e-03
7.512118263400818438e-03
8.707390447522342716e-03
8.139369047310876168e-03
4.275366442312786286e-03
6.071262773356512306e-04
8.143535133000269141e-03
7.729544842769866565e-03
2.502982137400870145e-03
3.634044449670841264e-03
3.946334170559731395e-03
2.488951038539995077e-03
5.408894313729566876e-04
1.777235074415589632e-03
6.218399525748136321e-04
1.104842908413256270e-04
9.135920847590215527e-03
1.281346206001336523e-02
4.278443021668837561e-03
2.702739877794502893e-03
2.295174453240516124e-02
1.633506677625953460e-02
8.902934323239743500e-03
5.184388957095809568e-03
3.904400116182339935e-03
2.235578345164805809e-03
5.005775846230293806e-03
3.827801803663163395e-03
2.154300932096742723e-03
1.971321353618139816e-03
1.079849518446072227e-03
1.064774857861194943e-03
