6.481481343507766724e-02
2.129629701375961304e-01
3.714285790920257568e-01
3.762376308441162109e-01
4.099999964237213135e-01
5.471698045730590820e-01
6.122449040412902832e-01
6.571428775787353516e-01
6.380952596664428711e-01
6.633663177490234375e-01
6.330274939537048340e-01
6.388888955116271973e-01
6.637167930603027344e-01
5.887850522994995117e-01
7.358490824699401855e-01
7.053571343421936035e-01
7.037037014961242676e-01
7.058823704719543457e-01
7.478260993957519531e-01
7.596153616905212402e-01
7.747747898101806641e-01
7.981651425361633301e-01
7.570093274116516113e-01
7.747747898101806641e-01
8.317757248878479004e-01
8.245614171028137207e-01
7.631579041481018066e-01
7.435897588729858398e-01
8.155339956283569336e-01
8.125000000000000000e-01
7.946428656578063965e-01
8.173912763595581055e-01
8.230088353157043457e-01
8.363636136054992676e-01
8.672566413879394531e-01
8.869565129280090332e-01
8.017241358757019043e-01
8.214285969734191895e-01
8.547008633613586426e-01
9.059829115867614746e-01
8.181818127632141113e-01
8.803418874740600586e-01
8.141592741012573242e-01
8.738738894462585449e-01
8.947368264198303223e-01
8.859649300575256348e-01
8.521739244461059570e-01
9.051724076271057129e-01
8.761062026023864746e-01
8.644067645072937012e-01
8.842975497245788574e-01
8.859649300575256348e-01
9.051724076271057129e-01
8.947368264198303223e-01
8.983050584793090820e-01
8.849557638168334961e-01
8.823529481887817383e-01
9.159663915634155273e-01
9.459459185600280762e-01
9.401709437370300293e-01
8.983050584793090820e-01
8.706896305084228516e-01
9.298245906829833984e-01
8.818181753158569336e-01
9.747899174690246582e-01
9.333333373069763184e-01
9.655172228813171387e-01
8.803418874740600586e-01
9.152542352676391602e-01
8.823529481887817383e-01
9.576271176338195801e-01
9.512194991111755371e-01
9.333333373069763184e-01
9.661017060279846191e-01
9.504132270812988281e-01
9.224137663841247559e-01
9.482758641242980957e-01
9.572649598121643066e-01
9.745762944221496582e-01
9.344262480735778809e-01
9.243697524070739746e-01
9.396551847457885742e-01
9.416666626930236816e-01
8.888888955116271973e-01
9.310345053672790527e-01
9.583333134651184082e-01
9.914529919624328613e-01
8.739495873451232910e-01
9.576271176338195801e-01
9.173553586006164551e-01
8.632478713989257812e-01
9.173553586006164551e-01
8.666666746139526367e-01
9.572649598121643066e-01
9.743589758872985840e-01
9.583333134651184082e-01
9.663865566253662109e-01
9.576271176338195801e-01
9.915966391563415527e-01
9.579831957817077637e-01
1.000000000000000000e+00
9.745762944221496582e-01
9.568965435028076172e-01
9.090909361839294434e-01
9.747899174690246582e-01
9.915254116058349609e-01
9.406779408454895020e-01
9.590163826942443848e-01
9.579831957817077637e-01
9.750000238418579102e-01
9.224137663841247559e-01
9.416666626930236816e-01
9.831932783126831055e-01
9.504132270812988281e-01
9.067796468734741211e-01
9.327731132507324219e-01
9.750000238418579102e-01
9.833333492279052734e-01
9.576271176338195801e-01
9.416666626930236816e-01
9.159663915634155273e-01
9.478260874748229980e-01
9.583333134651184082e-01
9.916666746139526367e-01
9.159663915634155273e-01
8.907563090324401855e-01
9.666666388511657715e-01
9.495798349380493164e-01
9.504132270812988281e-01
9.745762944221496582e-01
9.834710955619812012e-01
9.750000238418579102e-01
9.916666746139526367e-01
1.000000000000000000e+00
8.916666507720947266e-01
9.051724076271057129e-01
9.349593520164489746e-01
9.593495726585388184e-01
9.059829115867614746e-01
8.070175647735595703e-01
8.583333492279052734e-01
9.396551847457885742e-01
9.416666626930236816e-01
9.827586412429809570e-01
9.579831957817077637e-01
9.487179517745971680e-01
9.590163826942443848e-01
9.747899174690246582e-01
9.750000238418579102e-01
9.834710955619812012e-01
