8.101851940155029297e-01
8.571428656578063965e-01
8.497652411460876465e-01
9.056603908538818359e-01
9.074074029922485352e-01
8.999999761581420898e-01
9.449541568756103516e-01
8.687782883644104004e-01
8.954545259475708008e-01
9.189189076423645020e-01
9.429824352264404297e-01
9.227467775344848633e-01
8.999999761581420898e-01
9.307359457015991211e-01
9.336283206939697266e-01
9.466666579246520996e-01
9.380530714988708496e-01
9.519650936126708984e-01
9.399141669273376465e-01
9.442059993743896484e-01
9.515418410301208496e-01
9.484978318214416504e-01
9.393939375877380371e-01
9.304347634315490723e-01
9.439654946327209473e-01
8.995633125305175781e-01
9.487179517745971680e-01
9.482758641242980957e-01
9.829787015914916992e-01
9.957805871963500977e-01
9.659574627876281738e-01
9.444444179534912109e-01
9.264069199562072754e-01
9.145299196243286133e-01
9.220778942108154297e-01
9.434782862663269043e-01
9.829787015914916992e-01
9.531915187835693359e-01
9.276595711708068848e-01
9.788135886192321777e-01
9.746835231781005859e-01
9.747899174690246582e-01
9.304347634315490723e-01
9.787234067916870117e-01
9.915611743927001953e-01
9.285714030265808105e-01
9.148936271667480469e-01
9.531915187835693359e-01
9.535865187644958496e-01
9.621848464012145996e-01
