3.896103799343109131e-02
3.508771955966949463e-01
5.000000000000000000e-01
6.212121248245239258e-01
5.921052694320678711e-01
5.952380895614624023e-01
5.747126340866088867e-01
6.941176652908325195e-01
7.096773982048034668e-01
7.052631378173828125e-01
7.282608747482299805e-01
7.058823704719543457e-01
6.899999976158142090e-01
6.826922893524169922e-01
7.300000190734863281e-01
7.731958627700805664e-01
7.281553149223327637e-01
7.692307829856872559e-01
7.547169923782348633e-01
7.684210538864135742e-01
7.959183454513549805e-01
8.100000023841857910e-01
7.941176295280456543e-01
7.272727489471435547e-01
7.500000000000000000e-01
7.878788113594055176e-01
7.619047760963439941e-01
7.572815418243408203e-01
7.870370149612426758e-01
7.757009267807006836e-01
8.240740895271301270e-01
7.706422209739685059e-01
8.476190567016601562e-01
8.095238208770751953e-01
8.347826004028320312e-01
8.155339956283569336e-01
7.850467562675476074e-01
7.889908552169799805e-01
8.500000238418579102e-01
8.000000119209289551e-01
8.055555820465087891e-01
8.349514603614807129e-01
8.157894611358642578e-01
8.392857313156127930e-01
8.611111044883728027e-01
8.598130941390991211e-01
8.055555820465087891e-01
8.205128312110900879e-01
8.125000000000000000e-01
8.558558821678161621e-01
8.378378152847290039e-01
8.571428656578063965e-01
8.166666626930236816e-01
8.655462265014648438e-01
8.119658231735229492e-01
8.534482717514038086e-01
8.738738894462585449e-01
8.823529481887817383e-01
7.962962985038757324e-01
8.706896305084228516e-01
8.620689511299133301e-01
8.813559412956237793e-01
8.512396812438964844e-01
8.947368264198303223e-01
8.898305296897888184e-01
9.035087823867797852e-01
8.833333253860473633e-01
8.290598392486572266e-01
9.051724076271057129e-01
8.474576473236083984e-01
8.782608509063720703e-01
8.655462265014648438e-01
8.750000000000000000e-01
9.051724076271057129e-01
9.043478369712829590e-01
9.298245906829833984e-01
9.059829115867614746e-01
8.813559412956237793e-01
8.739495873451232910e-01
9.059829115867614746e-01
9.105691313743591309e-01
9.152542352676391602e-01
9.159663915634155273e-01
8.606557250022888184e-01
8.606557250022888184e-01
9.230769276618957520e-01
8.934426307678222656e-01
9.268292784690856934e-01
8.888888955116271973e-01
8.780487775802612305e-01
9.152542352676391602e-01
9.250000119209289551e-01
9.008264541625976562e-01
9.166666865348815918e-01
8.750000000000000000e-01
9.098360538482666016e-01
9.166666865348815918e-01
9.583333134651184082e-01
9.333333373069763184e-01
8.983050584793090820e-01
9.411764740943908691e-01
9.444444179534912109e-01
9.279999732971191406e-01
9.512194991111755371e-01
9.516128897666931152e-01
9.200000166893005371e-01
9.401709437370300293e-01
9.499999880790710449e-01
9.512194991111755371e-01
9.173553586006164551e-01
9.274193644523620605e-01
9.180327653884887695e-01
9.206349253654479980e-01
9.354838728904724121e-01
9.133858084678649902e-01
9.344262480735778809e-01
9.508196711540222168e-01
9.504132270812988281e-01
9.523809552192687988e-01
9.105691313743591309e-01
9.504132270812988281e-01
9.243697524070739746e-01
9.435483813285827637e-01
9.516128897666931152e-01
9.752066135406494141e-01
9.677419066429138184e-01
9.677419066429138184e-01
9.186992049217224121e-01
9.756097793579101562e-01
9.520000219345092773e-01
9.596773982048034668e-01
9.448819160461425781e-01
9.516128897666931152e-01
9.754098653793334961e-01
9.674796462059020996e-01
9.674796462059020996e-01
9.285714030265808105e-01
9.752066135406494141e-01
9.435483813285827637e-01
9.593495726585388184e-01
9.448819160461425781e-01
9.200000166893005371e-01
9.032257795333862305e-01
9.218750000000000000e-01
9.682539701461791992e-01
9.836065769195556641e-01
9.669421315193176270e-01
9.758064746856689453e-01
9.596773982048034668e-01
9.133858084678649902e-01
