19
[0.701743966204548, 0.99124795, 0.87797874]

21
[0.6376252114242773, 0.99348634, 0.91960955]

23
[0.70177468210063, 0.99372846, 0.90984786]

25
[0.3801038469484289, 0.9915561, 0.9440138]

27
[0.3507530551952163, 0.98815167, 0.957795]

29
[0.39309488045787183, 0.99102604, 0.9511915]

31
[0.5719416656028637, 0.9965201, 0.9043928]

33
[0.5072288875448782, 0.99450046, 0.9345392]

vote:
accuracy= 0.9569625491413201
precision= 0.9797831819513625
recall= 0.960091874820557
f1= 0.9698375870069607

probability:
accuracy= 0.9561349058555763
precision= 0.9963581183611533
recall= 0.9425782371518806
f1= 0.9687223369725583

