2.341917945173434268e-02
1.280254583414327033e-02
1.200574113859896597e-02
7.263406298601566245e-03
1.168281059407492994e-02
4.130448416928484898e-03
4.182472633815903854e-03
3.428984998247448616e-03
7.455367184577585925e-03
4.774340355213463859e-03
4.390311512610084628e-03
3.410260682975641347e-03
6.979325633803605718e-03
3.216176566056336630e-03
3.321402514116061997e-03
1.984460635074001590e-03
7.690485312302876644e-03
2.783336993693125583e-03
9.646114960513801862e-04
6.292274218266548542e-03
2.330507551132984193e-03
1.378535770228433727e-03
4.630722537131120274e-03
7.269643823351863796e-04
5.953077725986521962e-03
1.087364641383574025e-03
2.189898605821999789e-03
5.831827494941186490e-03
3.040030700064927458e-03
1.029174625944693318e-03
7.400126898267261931e-04
5.044666806697609704e-04
4.520224269921765373e-04
4.078793483127228373e-04
4.120817937281728827e-04
4.104937947643683051e-04
3.980430895262754417e-04
3.905676491036348588e-04
3.850271352076987952e-04
3.813454619398497637e-04
3.746887643307257468e-04
3.698762719719674561e-04
3.671686970668413337e-04
3.602813886507714525e-04
3.527614727133001910e-04
3.648399690186643492e-04
3.413901719598175970e-04
3.354851067023336048e-04
3.275748196013678038e-04
3.223546643972638871e-04
