9.261745214462280273e-01
9.205297827720642090e-01
9.127516746520996094e-01
9.597315192222595215e-01
9.403973221778869629e-01
9.539473652839660645e-01
9.527027010917663574e-01
9.666666388511657715e-01
9.542483687400817871e-01
9.733333587646484375e-01
9.139072895050048828e-01
9.933333396911621094e-01
9.542483687400817871e-01
9.867549538612365723e-01
9.802631735801696777e-01
9.536423683166503906e-01
9.346405267715454102e-01
9.664429426193237305e-01
9.867549538612365723e-01
1.000000000000000000e+00
9.470198750495910645e-01
9.800000190734863281e-01
1.000000000000000000e+00
9.867549538612365723e-01
1.000000000000000000e+00
1.000000000000000000e+00
1.000000000000000000e+00
1.000000000000000000e+00
1.000000000000000000e+00
1.000000000000000000e+00
1.000000000000000000e+00
1.000000000000000000e+00
1.000000000000000000e+00
9.605262875556945801e-01
9.054054021835327148e-01
9.342105388641357422e-01
9.933775067329406738e-01
9.934210777282714844e-01
9.539473652839660645e-01
9.933775067329406738e-01
9.802631735801696777e-01
9.473684430122375488e-01
9.802631735801696777e-01
9.933333396911621094e-01
9.934640526771545410e-01
9.934210777282714844e-01
9.735099077224731445e-01
9.802631735801696777e-01
9.607843160629272461e-01
9.867549538612365723e-01
