1.267605572938919067e-01
3.591549396514892578e-01
4.014084637165069580e-01
5.422534942626953125e-01
5.000000000000000000e-01
5.492957830429077148e-01
6.408450603485107422e-01
5.985915660858154297e-01
6.549295783042907715e-01
6.619718074798583984e-01
6.619718074798583984e-01
6.760563254356384277e-01
6.971830725669860840e-01
7.535211443901062012e-01
6.056337952613830566e-01
7.676056623458862305e-01
7.464788556098937988e-01
7.887324094772338867e-01
7.816901206970214844e-01
7.535211443901062012e-01
7.323943376541137695e-01
8.098591566085815430e-01
8.028169274330139160e-01
7.887324094772338867e-01
8.098591566085815430e-01
7.605633735656738281e-01
8.309859037399291992e-01
7.887324094772338867e-01
8.239436745643615723e-01
8.661971688270568848e-01
7.746478915214538574e-01
8.450704216957092285e-01
8.802816867828369141e-01
8.028169274330139160e-01
8.943662047386169434e-01
8.661971688270568848e-01
8.169013857841491699e-01
8.943662047386169434e-01
8.732394576072692871e-01
8.943662047386169434e-01
9.084507226943969727e-01
9.225352406501770020e-01
9.436619877815246582e-01
9.366196990013122559e-01
9.084507226943969727e-01
8.732394576072692871e-01
8.802816867828369141e-01
9.577465057373046875e-01
9.507042169570922852e-01
9.366196990013122559e-01
9.366196990013122559e-01
9.436619877815246582e-01
9.014084339141845703e-01
9.225352406501770020e-01
9.788732528686523438e-01
9.577465057373046875e-01
9.084507226943969727e-01
9.507042169570922852e-01
9.014084339141845703e-01
9.366196990013122559e-01
9.507042169570922852e-01
9.084507226943969727e-01
9.718309640884399414e-01
9.929577708244323730e-01
9.788732528686523438e-01
9.788732528686523438e-01
1.000000000000000000e+00
9.507042169570922852e-01
9.366196990013122559e-01
9.366196990013122559e-01
9.718309640884399414e-01
9.859154820442199707e-01
9.929577708244323730e-01
9.859154820442199707e-01
9.225352406501770020e-01
9.647887349128723145e-01
8.943662047386169434e-01
9.859154820442199707e-01
9.859154820442199707e-01
9.647887349128723145e-01
9.859154820442199707e-01
9.718309640884399414e-01
9.507042169570922852e-01
9.436619877815246582e-01
9.718309640884399414e-01
9.859154820442199707e-01
9.929577708244323730e-01
9.929577708244323730e-01
9.788732528686523438e-01
9.507042169570922852e-01
9.647887349128723145e-01
9.859154820442199707e-01
1.000000000000000000e+00
1.000000000000000000e+00
1.000000000000000000e+00
1.000000000000000000e+00
1.000000000000000000e+00
1.000000000000000000e+00
1.000000000000000000e+00
1.000000000000000000e+00
1.000000000000000000e+00
8.661971688270568848e-01
8.802816867828369141e-01
9.577465057373046875e-01
9.929577708244323730e-01
9.718309640884399414e-01
1.000000000000000000e+00
1.000000000000000000e+00
1.000000000000000000e+00
1.000000000000000000e+00
1.000000000000000000e+00
1.000000000000000000e+00
1.000000000000000000e+00
1.000000000000000000e+00
1.000000000000000000e+00
1.000000000000000000e+00
1.000000000000000000e+00
1.000000000000000000e+00
1.000000000000000000e+00
1.000000000000000000e+00
1.000000000000000000e+00
1.000000000000000000e+00
1.000000000000000000e+00
1.000000000000000000e+00
1.000000000000000000e+00
1.000000000000000000e+00
9.577465057373046875e-01
8.591549396514892578e-01
9.225352406501770020e-01
9.718309640884399414e-01
9.577465057373046875e-01
1.000000000000000000e+00
1.000000000000000000e+00
1.000000000000000000e+00
1.000000000000000000e+00
1.000000000000000000e+00
1.000000000000000000e+00
1.000000000000000000e+00
1.000000000000000000e+00
1.000000000000000000e+00
1.000000000000000000e+00
1.000000000000000000e+00
1.000000000000000000e+00
1.000000000000000000e+00
1.000000000000000000e+00
1.000000000000000000e+00
1.000000000000000000e+00
1.000000000000000000e+00
1.000000000000000000e+00
1.000000000000000000e+00
