6.388825502205128792e-01
2.036636529433827059e-01
1.725454305276644673e-01
1.444572394509547886e-01
1.556835997774717317e-01
1.480460646792087498e-01
1.329924241568589960e-01
1.235840329082966843e-01
1.196786056634195072e-01
1.160565223912150418e-01
1.032536284659483078e-01
1.227823953039862692e-01
1.008224497970124783e-01
1.022988201006813092e-01
9.439852085473425525e-02
9.225479268961936374e-02
8.936577170548283544e-02
8.930609921147414365e-02
9.060060041607845283e-02
8.581512679955019540e-02
8.327485848291665826e-02
7.784160371377639442e-02
8.057678628743723814e-02
8.624848448668069600e-02
7.447432741809027756e-02
7.032667728594098333e-02
6.758695135744353932e-02
7.061892345393898374e-02
6.167623093971207754e-02
7.181531801299090301e-02
6.651878089612517364e-02
5.936748259240740011e-02
5.767293263611571186e-02
5.617587834511371392e-02
5.414236342770227528e-02
5.547128153348816759e-02
5.402277712560325795e-02
5.418488643610515354e-02
5.504813685417905833e-02
4.494953863691952128e-02
5.133193653962628278e-02
4.633913526635628777e-02
4.351663035537110813e-02
4.610394423183682144e-02
4.108430953363122889e-02
4.439702628082751318e-02
3.311439404655958096e-02
3.747169268141000570e-02
4.101215541374942514e-02
3.053306217736528189e-02
3.498763732695492346e-02
3.491776867685823099e-02
3.294704050260355288e-02
3.282269093925419684e-02
3.212938438286418175e-02
3.093852096514060346e-02
3.741233190136203368e-02
2.859546432331169438e-02
2.861539386161439727e-02
2.648111777971047173e-02
2.427362732621979671e-02
2.196392614942162258e-02
2.362753725937545221e-02
3.240161942520009691e-02
2.161817284095569891e-02
2.442803026434013994e-02
1.916083820636954246e-02
2.227649547049667667e-02
1.609922808337025182e-02
1.575235734558865647e-02
2.636124064347084364e-02
1.629831119674302053e-02
3.458395199965344502e-02
1.732036967402969529e-02
1.397140503804771006e-02
1.287344859097858292e-02
1.219381497362313597e-02
2.348776313920562450e-02
1.695566204941478458e-02
1.191493385638217606e-02
1.509272478558172648e-02
1.641539158875278057e-02
1.099782281315339096e-02
1.520287684081486797e-02
1.177685445425223978e-02
1.328891626801568214e-02
1.565612806021540043e-02
1.792379773236279020e-02
1.607233519591006604e-02
1.077574738576822511e-02
1.082812677305699904e-02
7.227579102984387979e-03
1.081618579483085811e-02
9.349789935072514921e-03
1.132665128806150875e-02
1.875473165595710826e-02
1.793657011624920014e-02
1.416530690078463862e-02
8.251005945067014721e-03
1.006704023562937297e-02
9.832642861466183923e-03
5.646333588267060839e-03
4.637405940342842481e-03
5.840982242435128168e-03
1.362929540387795152e-02
1.497910146879743477e-02
1.483634199889642680e-02
2.057221447212024407e-02
8.061174307218543084e-03
6.736871702175941702e-03
1.190533077225730020e-02
1.378147321890899231e-02
1.171213187692876981e-02
4.470733558385879373e-03
3.353849970550524823e-03
3.295918765325676642e-03
3.184650882757318006e-03
1.088760238012546899e-02
2.455870527364911043e-02
1.069242150743632963e-02
5.217397921851213774e-03
4.172934337119535951e-03
1.144226902864224106e-02
8.670971850141664938e-03
1.091312778303560500e-02
1.310034715693740581e-02
8.316845485830762566e-03
8.476216406118468674e-03
7.530023559872367489e-03
1.001083109825388895e-02
5.915505373269042133e-03
3.604417220425099565e-03
3.348362627980180570e-03
2.910499791673234332e-03
2.704305714395959653e-03
2.691317952148668865e-03
2.621820258339017246e-03
2.584714832096870248e-03
2.550649422803164760e-03
2.503948330210623366e-03
2.464958321899967351e-03
2.422976194997662844e-03
2.390506664530635088e-03
2.352440747246564885e-03
2.316359506321999991e-03
2.268762409900579313e-03
7.320067306589006333e-03
5.401798489119975788e-02
3.508810155008788151e-02
1.056412039267069954e-02
