1.327433586120605469e-01
3.126843571662902832e-01
4.424778819084167480e-01
4.778760969638824463e-01
4.690265357494354248e-01
5.073746442794799805e-01
5.250737667083740234e-01
5.132743120193481445e-01
5.634218454360961914e-01
5.486725568771362305e-01
5.929203629493713379e-01
5.339233279228210449e-01
5.929203629493713379e-01
6.135693192481994629e-01
6.312684416770935059e-01
6.253687143325805664e-01
6.312684416770935059e-01
6.430678367614746094e-01
6.371681690216064453e-01
6.489675641059875488e-01
6.607669591903686523e-01
6.755162477493286133e-01
6.725663542747497559e-01
6.666666865348815918e-01
6.961652040481567383e-01
7.079645991325378418e-01
7.345132827758789062e-01
7.020648717880249023e-01
7.463126778602600098e-01
7.109144330024719238e-01
7.404129505157470703e-01
7.669616341590881348e-01
7.669616341590881348e-01
7.699115276336669922e-01
7.669616341590881348e-01
7.758111953735351562e-01
7.787610888481140137e-01
7.728613615036010742e-01
7.817109227180480957e-01
8.112094402313232422e-01
7.905604839324951172e-01
7.964601516723632812e-01
8.259587287902832031e-01
8.023598790168762207e-01
8.112094402313232422e-01
8.053097128868103027e-01
8.554572463035583496e-01
8.525073528289794922e-01
8.377581238746643066e-01
8.761062026023864746e-01
8.377581238746643066e-01
8.613569140434265137e-01
8.731563687324523926e-01
8.613569140434265137e-01
8.672566413879394531e-01
8.584070801734924316e-01
8.436577916145324707e-01
8.820058703422546387e-01
8.849557638168334961e-01
8.908554315567016602e-01
8.849557638168334961e-01
9.144542813301086426e-01
8.997049927711486816e-01
8.643068075180053711e-01
9.115044474601745605e-01
9.026548862457275391e-01
9.203540086746215820e-01
8.997049927711486816e-01
9.351032376289367676e-01
9.380530714988708496e-01
8.820058703422546387e-01
9.410029649734497070e-01
8.702064752578735352e-01
9.351032376289367676e-01
9.380530714988708496e-01
9.557521939277648926e-01
9.557521939277648926e-01
9.085545539855957031e-01
9.351032376289367676e-01
9.528023600578308105e-01
9.380530714988708496e-01
9.321534037590026855e-01
9.587020874023437500e-01
9.439527988433837891e-01
9.587020874023437500e-01
9.587020874023437500e-01
9.321534037590026855e-01
9.262536764144897461e-01
9.262536764144897461e-01
9.587020874023437500e-01
9.616519212722778320e-01
9.793510437011718750e-01
9.587020874023437500e-01
9.675516486167907715e-01
9.557521939277648926e-01
9.233038425445556641e-01
9.262536764144897461e-01
9.380530714988708496e-01
9.734513163566589355e-01
9.705014824867248535e-01
9.646017551422119141e-01
9.911504387855529785e-01
9.941002726554870605e-01
9.793510437011718750e-01
9.557521939277648926e-01
9.469026327133178711e-01
9.351032376289367676e-01
9.233038425445556641e-01
9.646017551422119141e-01
9.793510437011718750e-01
9.675516486167907715e-01
9.557521939277648926e-01
9.646017551422119141e-01
9.911504387855529785e-01
1.000000000000000000e+00
1.000000000000000000e+00
1.000000000000000000e+00
9.734513163566589355e-01
9.056047201156616211e-01
9.616519212722778320e-01
9.823008775711059570e-01
9.911504387855529785e-01
9.705014824867248535e-01
9.705014824867248535e-01
9.705014824867248535e-01
9.616519212722778320e-01
9.675516486167907715e-01
9.705014824867248535e-01
9.793510437011718750e-01
9.675516486167907715e-01
9.823008775711059570e-01
1.000000000000000000e+00
9.941002726554870605e-01
1.000000000000000000e+00
1.000000000000000000e+00
1.000000000000000000e+00
1.000000000000000000e+00
1.000000000000000000e+00
1.000000000000000000e+00
1.000000000000000000e+00
1.000000000000000000e+00
1.000000000000000000e+00
1.000000000000000000e+00
1.000000000000000000e+00
1.000000000000000000e+00
1.000000000000000000e+00
9.852507114410400391e-01
8.407079577445983887e-01
8.702064752578735352e-01
9.528023600578308105e-01
