3.256617421842520482e-02
1.815227675584418429e-02
1.694252153381067480e-02
1.289091770480097453e-02
7.356519314596314876e-03
1.166712398656563274e-02
1.230721174875160084e-02
6.371636332237175238e-03
6.233506342829313318e-03
6.593091871055831339e-03
6.552958041006190851e-03
1.600221131304101901e-02
7.877699881506567553e-03
8.740582147309945704e-03
6.146778025040225413e-03
5.907547860455563543e-03
1.048879257873897887e-02
8.776294634860584698e-03
7.221567747133919753e-03
1.019551495943675327e-02
5.655322371850117491e-03
7.112434887687575299e-03
3.743146669186541396e-03
3.315704728163637073e-03
6.622607917111390276e-03
6.602632626320135284e-03
7.695645867014031839e-03
5.645970203569179030e-03
9.289721267230918733e-03
4.385927637475867634e-03
2.552673557229796688e-03
2.654342010103355291e-03
9.331105432953552478e-03
8.082516078195331813e-03
1.341696180770445349e-02
9.360629360390389925e-03
3.914635719251021231e-03
2.268174234364205531e-03
1.729136481556261705e-03
3.125937396727391897e-03
2.896569254340497761e-03
5.944985940788595317e-03
6.192399145046890638e-03
2.919909654521869475e-03
2.443126236053132661e-03
4.309674373888912335e-03
1.225201489879842315e-02
1.021726835281814606e-02
3.237108169517324482e-03
1.601824355602114768e-03
