2.158273383975028992e-02
2.234042584896087646e-01
3.636363744735717773e-01
3.960396051406860352e-01
4.591836631298065186e-01
5.454545617103576660e-01
5.686274766921997070e-01
5.882353186607360840e-01
6.226415038108825684e-01
5.700934529304504395e-01
6.216216087341308594e-01
6.132075190544128418e-01
6.792452931404113770e-01
6.363636255264282227e-01
6.538461446762084961e-01
7.256637215614318848e-01
7.431192398071289062e-01
7.075471878051757812e-01
7.475728392601013184e-01
7.378640770912170410e-01
7.433628439903259277e-01
7.105262875556945801e-01
7.500000000000000000e-01
8.165137767791748047e-01
7.909091114997863770e-01
7.368420958518981934e-01
7.565217614173889160e-01
7.837837934494018555e-01
7.433628439903259277e-01
7.747747898101806641e-01
7.948718070983886719e-01
8.275862336158752441e-01
8.157894611358642578e-01
8.684210777282714844e-01
8.205128312110900879e-01
7.777777910232543945e-01
8.378378152847290039e-01
8.067227005958557129e-01
8.636363744735717773e-01
8.608695864677429199e-01
8.849557638168334961e-01
8.173912763595581055e-01
8.898305296897888184e-01
8.521739244461059570e-01
9.107142686843872070e-01
8.709677457809448242e-01
8.965517282485961914e-01
8.813559412956237793e-01
8.655462265014648438e-01
9.333333373069763184e-01
8.305084705352783203e-01
8.965517282485961914e-01
9.105691313743591309e-01
8.991596698760986328e-01
9.145299196243286133e-01
9.322034120559692383e-01
8.760330677032470703e-01
8.793103694915771484e-01
8.833333253860473633e-01
8.943089246749877930e-01
9.304347634315490723e-01
9.421487450599670410e-01
9.173553586006164551e-01
9.669421315193176270e-01
9.672130942344665527e-01
9.834710955619812012e-01
9.159663915634155273e-01
9.173553586006164551e-01
9.243697524070739746e-01
9.504132270812988281e-01
9.512194991111755371e-01
9.338843226432800293e-01
9.008264541625976562e-01
9.059829115867614746e-01
9.426229596138000488e-01
9.666666388511657715e-01
9.750000238418579102e-01
7.886179089546203613e-01
9.354838728904724121e-01
9.754098653793334961e-01
9.666666388511657715e-01
9.836065769195556641e-01
9.833333492279052734e-01
9.430894255638122559e-01
9.918032884597778320e-01
9.583333134651184082e-01
9.193548560142517090e-01
9.250000119209289551e-01
9.836065769195556641e-01
9.917355179786682129e-01
8.943089246749877930e-01
9.243697524070739746e-01
9.834710955619812012e-01
9.836065769195556641e-01
9.752066135406494141e-01
9.024389982223510742e-01
8.852459192276000977e-01
9.593495726585388184e-01
9.672130942344665527e-01
9.917355179786682129e-01
9.836065769195556641e-01
9.752066135406494141e-01
9.752066135406494141e-01
9.516128897666931152e-01
9.166666865348815918e-01
9.583333134651184082e-01
9.752066135406494141e-01
9.918032884597778320e-01
9.754098653793334961e-01
9.590163826942443848e-01
9.837398529052734375e-01
8.799999952316284180e-01
9.256198406219482422e-01
9.836065769195556641e-01
9.918032884597778320e-01
9.837398529052734375e-01
9.837398529052734375e-01
9.836065769195556641e-01
9.067796468734741211e-01
9.599999785423278809e-01
9.918699264526367188e-01
9.836065769195556641e-01
9.837398529052734375e-01
9.836065769195556641e-01
9.838709831237792969e-01
9.836065769195556641e-01
9.918699264526367188e-01
9.836065769195556641e-01
9.840000271797180176e-01
9.918032884597778320e-01
1.000000000000000000e+00
9.838709831237792969e-01
8.833333253860473633e-01
9.180327653884887695e-01
9.516128897666931152e-01
9.516128897666931152e-01
9.756097793579101562e-01
9.756097793579101562e-01
9.918699264526367188e-01
9.918032884597778320e-01
1.000000000000000000e+00
1.000000000000000000e+00
1.000000000000000000e+00
1.000000000000000000e+00
9.754098653793334961e-01
9.200000166893005371e-01
9.672130942344665527e-01
1.000000000000000000e+00
9.918032884597778320e-01
9.669421315193176270e-01
