6.392835704831439925e-01
2.569672732137079363e-01
2.045026444982070424e-01
2.128941620319924899e-01
1.890596716234501373e-01
1.775552155355866191e-01
1.609623154123893118e-01
1.627714576918853073e-01
1.490443231030622873e-01
1.426652253142680904e-01
1.339980236352719678e-01
1.491242531364368185e-01
1.273299358498280465e-01
1.212119208700916939e-01
1.248545505568182251e-01
1.188371953938943820e-01
1.277856069132293493e-01
1.117366561375992134e-01
1.092336731468534494e-01
1.079993471061437699e-01
1.163586683658146964e-01
1.005738093765466690e-01
1.028199844155048281e-01
1.068340072036971788e-01
9.335328521650194944e-02
8.791237864181290773e-02
8.748855507039395019e-02
8.433495419213338229e-02
8.298740047623263949e-02
8.119881671778611532e-02
8.306521822613706363e-02
8.466646273492159369e-02
7.330310409631156376e-02
7.826349446963051792e-02
6.705478270154124898e-02
7.195845296292013860e-02
6.483950957598035025e-02
6.469080393738309287e-02
6.722313895336813616e-02
6.200961754096885603e-02
6.110705334022995677e-02
7.430678684751979013e-02
5.508532565639977230e-02
5.775747188294375750e-02
5.670066273723077532e-02
5.192941240009561754e-02
5.073436985792981191e-02
4.455907335523558166e-02
5.740756585034727244e-02
4.854471278774748905e-02
4.460147856292483864e-02
4.632010103232837156e-02
4.688282379674261341e-02
3.846237615527469539e-02
4.086214064531838025e-02
4.331127144374525423e-02
3.422839287660688068e-02
3.287342919131177460e-02
3.718575869764609299e-02
3.712989330223452622e-02
3.633513386373513065e-02
2.854122972812985631e-02
4.569025490878531742e-02
2.737334792617424420e-02
3.042576852119456554e-02
2.194332292180231278e-02
2.212936762464588758e-02
2.616345108336042002e-02
3.573168945168721938e-02
2.940076039736107261e-02
4.745198478979809065e-02
2.370916369719905034e-02
1.702812740634941646e-02
1.569744899602861996e-02
2.353478684258483028e-02
1.855263400824122555e-02
2.463905280179809476e-02
6.116694595995249284e-02
1.751219635075357273e-02
1.477379914926056810e-02
1.230967142032692030e-02
1.184608816000952934e-02
1.606177612218175413e-02
7.231090718162805180e-03
9.647548502451279082e-03
2.722111580188118704e-02
1.605997835889963823e-02
7.172441545067713940e-03
9.726815934914553527e-03
8.534348201866799946e-03
1.681132307316189275e-02
1.434751278383208234e-02
1.746547446073353632e-02
7.269594031944963917e-03
8.651479424387285844e-03
1.782943142540591164e-02
1.148072222902982512e-02
1.218116436064430562e-02
1.146903176668909695e-02
7.419970841957916272e-03
6.441398271470969925e-03
8.069745409239019104e-03
1.256297770721930690e-02
1.263996607680077482e-02
2.901040729866689524e-02
1.411871513111674983e-02
1.289868152835788734e-02
1.554680066511463128e-02
5.661309485527602284e-03
5.775178403808364953e-03
9.626663888171521286e-03
3.614456610273264047e-03
3.156040618302695649e-03
6.766394248936513124e-03
7.843849936222186542e-03
7.419996895071047545e-03
1.247962252231457798e-02
2.347326220223143467e-02
1.615651839722411984e-02
4.979888687207722174e-03
2.316767876717475052e-03
2.587290197127964462e-03
1.904005862133147792e-02
9.137586858190436742e-03
4.025254550537814800e-03
3.700551126866501086e-03
1.715674326618943368e-02
8.788082257641955525e-03
2.870054686362910005e-03
5.808984078365382435e-03
1.165156320462315022e-02
8.946981947155928025e-03
5.151793781294889893e-03
3.500845580341403664e-03
2.111413498262233908e-03
1.924775053066688727e-03
1.813808035439632219e-03
1.823370198875629662e-03
1.850060455823965971e-03
1.654326211998532678e-03
1.620327221724542121e-03
1.582363923869785621e-03
1.541943617671003800e-03
1.502209119937827258e-03
1.462122435597669424e-03
1.420073380862120482e-03
1.380207201210906492e-03
1.346943380364336567e-03
1.297351710771281431e-03
1.247730307676321766e-03
