1.341772079467773438e-01
3.535619974136352539e-01
4.555555582046508789e-01
3.884297609329223633e-01
4.779005646705627441e-01
4.897360801696777344e-01
5.312500000000000000e-01
5.055555701255798340e-01
5.516223907470703125e-01
5.860058069229125977e-01
6.239067316055297852e-01
5.706521868705749512e-01
6.317280530929565430e-01
6.470588445663452148e-01
6.392045617103576660e-01
6.562500000000000000e-01
6.394366025924682617e-01
6.638655662536621094e-01
6.994535326957702637e-01
6.871657967567443848e-01
6.590909361839294434e-01
7.292225360870361328e-01
7.270269989967346191e-01
7.120419144630432129e-01
7.560321688652038574e-01
7.830687761306762695e-01
7.740259766578674316e-01
7.862796783447265625e-01
7.829457521438598633e-01
7.883597612380981445e-01
7.655860185623168945e-01
7.728459239006042480e-01
8.219895362854003906e-01
8.091602921485900879e-01
8.329113721847534180e-01
8.186398148536682129e-01
8.473282456398010254e-01
8.549618124961853027e-01
8.096385598182678223e-01
8.712871074676513672e-01
8.625000119209289551e-01
8.029925227165222168e-01
8.725000023841857910e-01
8.696742057800292969e-01
8.596059083938598633e-01
8.858560919761657715e-01
8.689320683479309082e-01
8.864734172821044922e-01
8.694581389427185059e-01
8.891625404357910156e-01
8.897058963775634766e-01
8.915662765502929688e-01
8.722891807556152344e-01
8.976190686225891113e-01
9.067599177360534668e-01
8.791469335556030273e-01
9.243499040603637695e-01
9.257540702819824219e-01
9.054373502731323242e-01
9.132530093193054199e-01
8.917050957679748535e-01
9.295774698257446289e-01
8.735362887382507324e-01
9.417249560356140137e-01
9.172413945198059082e-01
9.431818127632141113e-01
9.473684430122375488e-01
9.260969758033752441e-01
8.853932619094848633e-01
9.266055226325988770e-01
8.864734172821044922e-01
9.379310607910156250e-01
9.680365324020385742e-01
9.705882072448730469e-01
9.322798848152160645e-01
9.553571343421936035e-01
9.318181872367858887e-01
8.402777910232543945e-01
9.512194991111755371e-01
9.579645991325378418e-01
9.711111187934875488e-01
9.800884723663330078e-01
9.597315192222595215e-01
9.890109896659851074e-01
9.755555391311645508e-01
9.162995815277099609e-01
9.538461565971374512e-01
9.912087917327880859e-01
9.781181812286376953e-01
9.824175834655761719e-01
9.471365809440612793e-01
9.538461565971374512e-01
9.492273926734924316e-01
9.803921580314636230e-01
9.824175834655761719e-01
9.406593441963195801e-01
9.779249429702758789e-01
9.646798968315124512e-01
9.670329689979553223e-01
9.804772138595581055e-01
9.890829920768737793e-01
9.781181812286376953e-01
9.609544277191162109e-01
9.587852358818054199e-01
8.976035118103027344e-01
9.557521939277648926e-01
9.540481567382812500e-01
9.496717453002929688e-01
9.890829920768737793e-01
9.891304373741149902e-01
9.761388301849365234e-01
9.935064911842346191e-01
9.956803321838378906e-01
9.847161769866943359e-01
9.781659245491027832e-01
9.805615544319152832e-01
9.628008604049682617e-01
9.358407258987426758e-01
9.602649211883544922e-01
9.891540408134460449e-01
1.000000000000000000e+00
1.000000000000000000e+00
9.492273926734924316e-01
9.738562107086181641e-01
9.870689511299133301e-01
9.935064911842346191e-01
9.608695507049560547e-01
9.781659245491027832e-01
9.956896305084228516e-01
9.869281053543090820e-01
9.630434513092041016e-01
9.759825468063354492e-01
9.869847893714904785e-01
9.935345053672790527e-01
1.000000000000000000e+00
9.978448152542114258e-01
1.000000000000000000e+00
1.000000000000000000e+00
1.000000000000000000e+00
1.000000000000000000e+00
1.000000000000000000e+00
1.000000000000000000e+00
1.000000000000000000e+00
1.000000000000000000e+00
1.000000000000000000e+00
1.000000000000000000e+00
1.000000000000000000e+00
1.000000000000000000e+00
1.000000000000000000e+00
1.000000000000000000e+00
