8.679253951315817409e-03
7.010161611514908152e-03
4.878583643035490879e-03
3.320669232848720391e-03
6.280097860502419430e-03
3.996981931214373986e-03
4.246744182173830054e-03
2.674387183488315112e-03
2.725200640600424374e-03
3.246220044906455472e-03
1.774821636583496197e-03
3.527765297023836063e-03
1.388708330414308327e-03
1.970738332774999921e-03
2.124168311807935004e-03
1.793111370494825585e-03
3.762345427285413053e-03
1.840168452758675051e-03
2.207967366231813455e-03
2.666992571114558831e-03
1.351600730659523446e-03
1.262542505272844142e-03
1.605207919329709352e-03
4.871419893486710929e-03
5.674103443675831970e-03
1.919117776286702369e-03
1.209451188011268288e-03
1.799846993126539901e-03
3.157976077332886895e-03
5.039044093337068445e-03
2.616312982737257001e-03
1.184694169659373814e-03
9.146524987391702532e-04
3.256224959283801536e-03
3.257466824477775642e-03
1.439609332369636919e-03
2.064319857420744437e-03
1.549215359757787199e-03
8.818389740490853359e-04
4.345819328640311043e-03
2.388996840581536236e-03
1.495563294144326401e-03
1.507955239200271629e-03
9.178993873459357234e-04
1.224857102487560091e-03
3.724189485839933533e-03
8.989168167710976255e-04
1.261541951234858164e-03
2.108902978475544684e-03
6.077905924188713171e-04
