9.160305559635162354e-02
3.017241358757019043e-01
4.180327951908111572e-01
5.470085740089416504e-01
5.818181633949279785e-01
5.084745883941650391e-01
6.171875000000000000e-01
7.096773982048034668e-01
7.076923251152038574e-01
7.209302186965942383e-01
7.751938104629516602e-01
7.183098793029785156e-01
7.333333492279052734e-01
7.874015569686889648e-01
7.985074520111083984e-01
7.986111044883728027e-01
7.681159377098083496e-01
8.472222089767456055e-01
9.007092118263244629e-01
8.676470518112182617e-01
8.521126508712768555e-01
8.768116235733032227e-01
8.986486196517944336e-01
8.928571343421936035e-01
8.811188936233520508e-01
9.724137783050537109e-01
9.241379499435424805e-01
8.287671208381652832e-01
9.324324131011962891e-01
9.727891087532043457e-01
9.523809552192687988e-01
8.888888955116271973e-01
8.827586174011230469e-01
9.324324131011962891e-01
9.795918464660644531e-01
9.523809552192687988e-01
9.452054500579833984e-01
8.543046116828918457e-01
9.133333563804626465e-01
9.662162065505981445e-01
9.668874144554138184e-01
9.866666793823242188e-01
9.932885766029357910e-01
1.000000000000000000e+00
1.000000000000000000e+00
1.000000000000000000e+00
1.000000000000000000e+00
8.851351141929626465e-01
8.399999737739562988e-01
9.166666865348815918e-01
9.399999976158142090e-01
9.866666793823242188e-01
9.866666793823242188e-01
1.000000000000000000e+00
9.866666793823242188e-01
9.797297120094299316e-01
9.066666960716247559e-01
9.194630980491638184e-01
9.864864945411682129e-01
9.801324605941772461e-01
9.727891087532043457e-01
9.466666579246520996e-01
9.933333396911621094e-01
9.539473652839660645e-01
9.533333182334899902e-01
8.838709592819213867e-01
9.305555820465087891e-01
9.933333396911621094e-01
1.000000000000000000e+00
1.000000000000000000e+00
1.000000000000000000e+00
1.000000000000000000e+00
1.000000000000000000e+00
9.599999785423278809e-01
9.194630980491638184e-01
9.599999785423278809e-01
9.736841917037963867e-01
1.000000000000000000e+00
1.000000000000000000e+00
1.000000000000000000e+00
1.000000000000000000e+00
1.000000000000000000e+00
1.000000000000000000e+00
1.000000000000000000e+00
1.000000000000000000e+00
1.000000000000000000e+00
1.000000000000000000e+00
1.000000000000000000e+00
1.000000000000000000e+00
1.000000000000000000e+00
1.000000000000000000e+00
1.000000000000000000e+00
1.000000000000000000e+00
1.000000000000000000e+00
8.835616707801818848e-01
9.315068721771240234e-01
9.666666388511657715e-01
9.933775067329406738e-01
1.000000000000000000e+00
1.000000000000000000e+00
1.000000000000000000e+00
1.000000000000000000e+00
1.000000000000000000e+00
1.000000000000000000e+00
1.000000000000000000e+00
1.000000000000000000e+00
1.000000000000000000e+00
1.000000000000000000e+00
1.000000000000000000e+00
1.000000000000000000e+00
1.000000000000000000e+00
1.000000000000000000e+00
8.807947039604187012e-01
9.444444179534912109e-01
9.605262875556945801e-01
9.542483687400817871e-01
9.463087320327758789e-01
9.666666388511657715e-01
1.000000000000000000e+00
1.000000000000000000e+00
1.000000000000000000e+00
1.000000000000000000e+00
9.545454382896423340e-01
9.932885766029357910e-01
9.800000190734863281e-01
9.865771532058715820e-01
1.000000000000000000e+00
1.000000000000000000e+00
1.000000000000000000e+00
1.000000000000000000e+00
1.000000000000000000e+00
1.000000000000000000e+00
1.000000000000000000e+00
1.000000000000000000e+00
1.000000000000000000e+00
1.000000000000000000e+00
1.000000000000000000e+00
1.000000000000000000e+00
1.000000000000000000e+00
1.000000000000000000e+00
1.000000000000000000e+00
1.000000000000000000e+00
1.000000000000000000e+00
1.000000000000000000e+00
1.000000000000000000e+00
1.000000000000000000e+00
1.000000000000000000e+00
1.000000000000000000e+00
1.000000000000000000e+00
1.000000000000000000e+00
