7.999999821186065674e-02
2.333333343267440796e-01
3.400000035762786865e-01
4.266666769981384277e-01
4.266666769981384277e-01
4.000000059604644775e-01
5.266666412353515625e-01
5.866666436195373535e-01
6.133333444595336914e-01
6.200000047683715820e-01
6.666666865348815918e-01
6.800000071525573730e-01
6.600000262260437012e-01
6.666666865348815918e-01
7.133333086967468262e-01
7.666666507720947266e-01
7.066666483879089355e-01
8.133333325386047363e-01
8.466666936874389648e-01
7.866666913032531738e-01
8.066666722297668457e-01
8.066666722297668457e-01
8.866666555404663086e-01
8.333333134651184082e-01
8.399999737739562988e-01
9.399999976158142090e-01
8.933333158493041992e-01
8.066666722297668457e-01
9.200000166893005371e-01
9.533333182334899902e-01
9.333333373069763184e-01
8.533333539962768555e-01
8.533333539962768555e-01
9.200000166893005371e-01
9.599999785423278809e-01
9.333333373069763184e-01
9.200000166893005371e-01
8.600000143051147461e-01
9.133333563804626465e-01
9.533333182334899902e-01
9.733333587646484375e-01
9.866666793823242188e-01
9.866666793823242188e-01
1.000000000000000000e+00
1.000000000000000000e+00
1.000000000000000000e+00
9.933333396911621094e-01
8.733333349227905273e-01
8.399999737739562988e-01
8.799999952316284180e-01
9.399999976158142090e-01
9.866666793823242188e-01
9.866666793823242188e-01
9.933333396911621094e-01
9.866666793823242188e-01
9.666666388511657715e-01
9.066666960716247559e-01
9.133333563804626465e-01
9.733333587646484375e-01
9.866666793823242188e-01
9.533333182334899902e-01
9.466666579246520996e-01
9.933333396911621094e-01
9.666666388511657715e-01
9.533333182334899902e-01
9.133333563804626465e-01
8.933333158493041992e-01
9.933333396911621094e-01
9.866666793823242188e-01
1.000000000000000000e+00
1.000000000000000000e+00
1.000000000000000000e+00
1.000000000000000000e+00
9.599999785423278809e-01
9.133333563804626465e-01
9.599999785423278809e-01
9.866666793823242188e-01
1.000000000000000000e+00
1.000000000000000000e+00
1.000000000000000000e+00
1.000000000000000000e+00
1.000000000000000000e+00
1.000000000000000000e+00
1.000000000000000000e+00
1.000000000000000000e+00
1.000000000000000000e+00
1.000000000000000000e+00
1.000000000000000000e+00
1.000000000000000000e+00
1.000000000000000000e+00
1.000000000000000000e+00
1.000000000000000000e+00
1.000000000000000000e+00
1.000000000000000000e+00
8.600000143051147461e-01
9.066666960716247559e-01
9.666666388511657715e-01
1.000000000000000000e+00
1.000000000000000000e+00
1.000000000000000000e+00
1.000000000000000000e+00
1.000000000000000000e+00
1.000000000000000000e+00
1.000000000000000000e+00
1.000000000000000000e+00
1.000000000000000000e+00
1.000000000000000000e+00
1.000000000000000000e+00
1.000000000000000000e+00
1.000000000000000000e+00
1.000000000000000000e+00
1.000000000000000000e+00
8.866666555404663086e-01
9.066666960716247559e-01
9.733333587646484375e-01
9.733333587646484375e-01
9.399999976158142090e-01
9.666666388511657715e-01
1.000000000000000000e+00
1.000000000000000000e+00
1.000000000000000000e+00
9.933333396911621094e-01
9.800000190734863281e-01
9.866666793823242188e-01
9.800000190734863281e-01
9.800000190734863281e-01
9.933333396911621094e-01
1.000000000000000000e+00
1.000000000000000000e+00
1.000000000000000000e+00
1.000000000000000000e+00
1.000000000000000000e+00
1.000000000000000000e+00
1.000000000000000000e+00
1.000000000000000000e+00
1.000000000000000000e+00
1.000000000000000000e+00
1.000000000000000000e+00
1.000000000000000000e+00
1.000000000000000000e+00
1.000000000000000000e+00
1.000000000000000000e+00
1.000000000000000000e+00
1.000000000000000000e+00
1.000000000000000000e+00
1.000000000000000000e+00
1.000000000000000000e+00
1.000000000000000000e+00
1.000000000000000000e+00
1.000000000000000000e+00
