1.112950543244659377e-02
1.674625457425174546e-02
1.300106111457959880e-02
1.617333264603478676e-02
1.142441707433387160e-02
1.234794095644512792e-02
1.482001653645886007e-02
1.056537596623142485e-02
1.359866232544673474e-02
1.056155522275422851e-02
4.066832005629250797e-03
1.179774067541995881e-02
2.384011256825121008e-02
1.324730125431938625e-02
5.804483374073223824e-03
1.417580476184687049e-02
1.399292592843725223e-02
6.814148869745739745e-03
6.688504082261653716e-03
8.778622889415051839e-03
1.133020452867969721e-02
2.159637815180930759e-02
6.395348792736507866e-03
9.465614647011909993e-03
1.309728627964506370e-02
1.406286475038217090e-02
1.423970653065458232e-02
1.294395168725908513e-02
7.110018684461885674e-03
6.748934370884571154e-03
1.156599241935725789e-02
1.227272324118286635e-02
1.131490369017427132e-02
1.637592906619959182e-02
6.061292805396431213e-03
1.136978389794283516e-03
7.626547737766011491e-04
1.486897717453586516e-02
2.484827957280124830e-02
7.473916525754643533e-03
7.837177894609441073e-03
2.176873091002088853e-03
7.866276408576321818e-04
1.407188557073446415e-02
1.717324694330006965e-02
1.729256210713380273e-02
3.985279369060928077e-03
1.147726934865130055e-02
7.758278809666607594e-03
2.124789816825663723e-03
