9.823825359344482422e-01
9.784901142120361328e-01
9.828092455863952637e-01
9.781144857406616211e-01
9.841269850730895996e-01
9.811715483665466309e-01
9.778149724006652832e-01
9.861751198768615723e-01
9.794807434082031250e-01
9.857740402221679688e-01
9.937499761581420898e-01
9.861634969711303711e-01
9.665272235870361328e-01
9.815513491630554199e-01
9.916492700576782227e-01
9.791144728660583496e-01
9.815436005592346191e-01
9.916318058967590332e-01
9.887312054634094238e-01
9.874634146690368652e-01
9.861751198768615723e-01
9.681341648101806641e-01
9.895485043525695801e-01
9.879015684127807617e-01
9.824194312095642090e-01
9.803511500358581543e-01
9.811715483665466309e-01
9.861286282539367676e-01
9.874895811080932617e-01
9.912133812904357910e-01
9.833333492279052734e-01
9.824267625808715820e-01
9.812421798706054688e-01
9.765100479125976562e-01
9.916318058967590332e-01
9.995830059051513672e-01
1.000000000000000000e+00
9.840871095657348633e-01
9.665551781654357910e-01
9.883138537406921387e-01
9.907949566841125488e-01
9.979158043861389160e-01
9.995833039283752441e-01
9.828523397445678711e-01
9.711899757385253906e-01
9.769392013549804688e-01
9.929107427597045898e-01
9.828881621360778809e-01
9.895659685134887695e-01
9.979140758514404297e-01
