8.078388771430849991e-01
3.335512009355414698e-01
2.603130480476907316e-01
2.505268342401752446e-01
2.239491255794958668e-01
2.188038051358376923e-01
2.112389220292838210e-01
2.103646695328750260e-01
2.029232020284393589e-01
1.953867361924595536e-01
1.842842342633668751e-01
1.783674537731304577e-01
1.782626091871310769e-01
1.753995639186382016e-01
1.679787782907759541e-01
1.644518727483308962e-01
1.610598672287334165e-01
1.552052288060184471e-01
1.554569478588138931e-01
1.422465038158145512e-01
1.418196269434915391e-01
1.340253680286787041e-01
1.409827673613627264e-01
1.343591424506144216e-01
1.295844633228048215e-01
1.281624168641949113e-01
1.246947414893961881e-01
1.234550341425858788e-01
1.285098748040600092e-01
1.181291894388255131e-01
1.166094448609874962e-01
1.145023616502274799e-01
1.178983860853537596e-01
1.112936837304462911e-01
1.110134366685103652e-01
1.084024792899738326e-01
1.115092505226532998e-01
1.110480838966915046e-01
1.019862363726119908e-01
1.006842535231462776e-01
1.046136225937195352e-01
1.059394952701279979e-01
1.047627984535948048e-01
9.702164011449984637e-02
9.576287078804010533e-02
9.679517634233561485e-02
1.022933751121027079e-01
9.612898228718459726e-02
9.280699866199894343e-02
9.357902299064475848e-02
9.313544631954702446e-02
8.829559428416433597e-02
9.423546068238240758e-02
8.799009593006065777e-02
8.885141072341072588e-02
8.985471285791227225e-02
8.635717812164331320e-02
8.391595872128890243e-02
8.759158050003956753e-02
8.468446009818721143e-02
7.898201807196754409e-02
8.005788047843159783e-02
7.810123286537204446e-02
8.212969335076984734e-02
7.730337949563534372e-02
8.613659368292643503e-02
7.361384043085125728e-02
7.648356607031121801e-02
7.609504155016021121e-02
7.026950295058950746e-02
7.092597329082818425e-02
7.387961595227303391e-02
7.005818590165106829e-02
6.409737407765810080e-02
7.000259061833923047e-02
6.561061764187672840e-02
6.542206717391493842e-02
6.393432958718642256e-02
6.735948565630624219e-02
6.271837842658829765e-02
6.177456892464210092e-02
5.660823249668383433e-02
5.616835340182110142e-02
5.427528387586198766e-02
5.587195576290917426e-02
5.452493935376133416e-02
5.436849180574774426e-02
4.950441169244070710e-02
4.983780231570588554e-02
5.537889755798522384e-02
4.869567020068612390e-02
4.870280707147692928e-02
4.511659720420680558e-02
4.578500077419223740e-02
4.182970616637816247e-02
4.675268865793891226e-02
4.658277822191392303e-02
4.457513483815302852e-02
3.983713973034319622e-02
3.527779571895438282e-02
3.847154570491831405e-02
3.880796839183597163e-02
3.689191564128757594e-02
3.126640187959649902e-02
3.191294545660421783e-02
3.137548407822856461e-02
3.551533611175245603e-02
3.567199794224489712e-02
2.524060825939053107e-02
3.357355523069013858e-02
2.801579827132073472e-02
2.936117384832863386e-02
2.736203087779442641e-02
2.582672985591844342e-02
2.997036334739879015e-02
2.335130219403648913e-02
1.922660725559167255e-02
2.415410473320581466e-02
2.128476439962332517e-02
2.373748302625219853e-02
2.163882449490176635e-02
1.929080409064240845e-02
2.967090955920272111e-02
1.520959763467570613e-02
1.885017933962073247e-02
1.906092340756095072e-02
1.893522430388232605e-02
1.436783016367357974e-02
1.940294759077437065e-02
1.509445323726621956e-02
2.065037811404997828e-02
1.719368135069236983e-02
1.235421683554823770e-02
1.117463052819100792e-02
2.340422914335289067e-02
1.250283232373068480e-02
1.409492760597435071e-02
1.329348912534107467e-02
1.161114218785878199e-02
2.476260351754089664e-02
1.207727376040517234e-02
8.936826719651519077e-03
1.162397341480560752e-02
2.227349777470473760e-02
1.629445479403543104e-02
8.625870532624643067e-03
9.723728321912577383e-03
1.947493585602090224e-02
9.673648254551154430e-03
1.275488405299872278e-02
