1.690477775154182113e-02
1.354474099496076438e-02
1.171541819039494635e-02
1.044425827609586806e-02
1.149870843298555004e-02
7.069803686976296533e-03
1.090630174562339308e-02
6.862612129866865231e-03
8.735713576524173005e-03
6.259510488186341426e-03
5.317488123548137421e-03
6.459662836431676221e-03
4.990968394187267169e-03
6.544105726217780937e-03
4.997199823107842213e-03
5.214535345652619551e-03
4.866528885181276541e-03
4.959121365558883006e-03
2.665543438987557062e-03
2.295625036224836421e-03
3.124079273975086200e-03
2.463106770936969708e-03
3.496404337438672755e-03
2.421189475206553168e-03
1.180045427060923526e-03
3.100374383314760934e-03
4.781031445039714972e-03
2.463427664636960723e-03
1.704544108157507584e-03
1.912332674059334919e-03
2.231774165481914367e-03
2.884434053279479309e-03
1.037459452545888908e-03
2.233562547897731225e-03
7.880428757726971748e-04
4.963202062401248773e-04
5.591805092575524109e-04
4.757013491840005395e-03
5.060615565179602850e-03
2.437516795432216436e-03
4.608208913477864453e-03
3.486271036681497237e-03
1.538119685439958166e-03
2.285283746806573816e-04
6.447241840613127974e-04
1.958089524689774798e-03
2.072418512339284195e-03
1.927737239261761775e-03
1.014621008162082828e-03
5.814100820084236844e-04
