5.340111279689232493e-01
2.042910620538679334e-01
1.471365196325562230e-01
1.175000139182516140e-01
1.085947284934132562e-01
1.046536096689501955e-01
8.929338831761675366e-02
9.198212258848528777e-02
8.481651137388029893e-02
8.381671904021160968e-02
7.875399976464708685e-02
8.015666878043849197e-02
8.305661037847809902e-02
6.955645952759660633e-02
7.470774910036655225e-02
6.478536873347033598e-02
7.478792201294455488e-02
6.649306480022615373e-02
7.356754904002518747e-02
5.671913803915392543e-02
6.088308232090185873e-02
6.005794828084256437e-02
5.605542822994968866e-02
5.093715616531402368e-02
6.290245968446797620e-02
5.168653501437910081e-02
5.702978356979614138e-02
5.225572332519305696e-02
4.945558373333913682e-02
4.771726683617016213e-02
4.319955195168360268e-02
4.308867299437018489e-02
4.294414808646820902e-02
4.135008471051179746e-02
4.382143698569709866e-02
3.738936257373391692e-02
3.618116687888763700e-02
3.502543788923080659e-02
3.846976847594592297e-02
3.595933203843380832e-02
4.057097179693096994e-02
3.430420642179175111e-02
3.121714512606882028e-02
3.199175862000810250e-02
3.406270053147104210e-02
2.927836210858746416e-02
2.809573147607372784e-02
2.969504191439764282e-02
2.497503418632907035e-02
2.800297538712463383e-02
3.043125917851515275e-02
2.796725057254507985e-02
3.109198301875014739e-02
2.451043923139320166e-02
2.616304820387704844e-02
2.104231899088331373e-02
2.571680356799595224e-02
2.514177977119278970e-02
2.150661693462593838e-02
2.463992327546216457e-02
1.889145194602062997e-02
1.883914705310765075e-02
2.072977145523400080e-02
1.773623935858587020e-02
2.037622039322495304e-02
1.632596713449435688e-02
1.475043055422241810e-02
1.559106068473002128e-02
1.683677287738825218e-02
1.668368065481647122e-02
1.377462377624062533e-02
1.279878190244069548e-02
1.182161778136772701e-02
1.585808188750961745e-02
1.324430348475642838e-02
1.096954530065615344e-02
1.180227893410569495e-02
9.815370168686542510e-03
1.656350607320225196e-02
1.332470668385289658e-02
8.719948851690483699e-03
1.232562051223587071e-02
7.650978592309084711e-03
8.894962085407014107e-03
8.565921885518645168e-03
1.171748697181797423e-02
9.842989270695452070e-03
7.131845180150002926e-03
9.406379680552896458e-03
9.628080173413294807e-03
7.311492211344881864e-03
8.920152157084351371e-03
1.313349358415542151e-02
1.387751071322039856e-02
7.744336865417044552e-03
4.104455515041348888e-03
9.151530791109479743e-03
6.983789560162555025e-03
4.603649474026725447e-03
3.577497902751583352e-03
7.240508586900745551e-03
1.224388409628440234e-02
6.252497175342184438e-03
1.155866638347742732e-02
6.942268175685317559e-03
4.065505389565204387e-03
8.411057457932316628e-03
4.451443199836205983e-03
3.186460432732363731e-03
5.054320060425530198e-03
4.054060335828279203e-03
3.489672943248746124e-03
7.807080702891624341e-03
7.148239574479785599e-03
7.193713877606058155e-03
3.431627510458105067e-03
5.701469042619993280e-03
8.694977750647300829e-03
4.722153329453873671e-03
2.924315405844161476e-03
1.394299587734972989e-03
2.519110944791525582e-03
7.661753398844731860e-03
1.067126615252542675e-02
6.021109488034664080e-03
2.974422144581490880e-03
1.844771289951847295e-03
3.309131323100987249e-03
7.559064978902989805e-03
1.324415895813213680e-02
3.789938615081756869e-03
4.384041049076642035e-03
2.808022039054437931e-03
3.892741884532173978e-03
1.066758679910257768e-03
9.546630888543314623e-04
9.416522975197853546e-04
9.017638874783655148e-04
9.000952275229685178e-04
8.707397286908161692e-04
8.552412530623895856e-04
8.547976843118824638e-04
8.174067886101267586e-04
7.987694764789390499e-04
7.953944608143847465e-04
7.684206976663580805e-04
7.578195151567742975e-04
7.370522546721721075e-04
7.140303234004634651e-04
6.911480068829674393e-04
