4.360650118599482261e-01
2.112000947900856684e-01
1.664152375928443228e-01
1.333857059900906694e-01
1.363102872124686005e-01
1.073984134487067366e-01
9.188460749627168356e-02
8.385613860243470996e-02
8.457803625936362313e-02
8.728242644295884645e-02
8.148583996623565140e-02
8.670931998632422366e-02
7.115447146947993795e-02
6.110216059499512520e-02
7.162376693640903902e-02
6.381314312239781683e-02
5.929248380862633255e-02
6.076927322791948055e-02
6.500139209782472560e-02
5.535093290546228006e-02
5.701971954636543549e-02
6.207252612246897533e-02
4.916478229737811234e-02
5.673600688356173621e-02
5.231512712074510435e-02
5.137933031173450710e-02
4.917498660563288798e-02
4.662764926509927604e-02
4.354082635668821144e-02
4.412180762084291774e-02
4.519966245437903596e-02
4.594135501427894924e-02
4.279087376188148162e-02
3.867346863729000800e-02
4.133250254153197217e-02
4.270269193338037395e-02
3.828028597969396207e-02
3.325647795994236128e-02
3.691077733896751256e-02
3.676180044303295480e-02
3.442607444842950282e-02
3.492142610448800699e-02
3.435900369025057799e-02
2.993297459742735520e-02
3.494218182389725175e-02
3.354953726867792446e-02
3.240495635255635776e-02
2.989885308002033018e-02
2.899039867879472238e-02
2.569132127958580203e-02
3.024359077136435855e-02
2.787643373095239491e-02
3.115798521369506774e-02
2.327852431728049884e-02
2.609413402540959603e-02
2.969701387791502667e-02
2.407260908463666749e-02
2.162992586167115580e-02
2.051693595227161229e-02
2.064234831701200132e-02
2.305407510987673991e-02
2.424259187582777919e-02
2.232863030022297704e-02
1.907302236170695109e-02
2.145866239809649662e-02
2.060400486008183429e-02
2.329487230668108103e-02
2.235702556107059188e-02
1.817747238198448925e-02
1.638879138566790017e-02
1.732977473255774628e-02
1.590316292400576273e-02
1.546387567230151847e-02
1.447817318954644841e-02
1.166079465900380502e-02
1.394027286360776698e-02
1.501993310643678914e-02
1.864244636975181599e-02
1.464606576890588145e-02
1.220669724972599582e-02
1.587474892290021561e-02
1.193343434553695813e-02
1.114667086940786429e-02
9.825174001795703230e-03
1.291963596739678297e-02
1.032116699380993159e-02
1.219143133104461790e-02
1.235946345349761902e-02
1.262188809728899581e-02
1.494387419878585865e-02
1.354690466739678391e-02
1.000022389683833009e-02
8.635782333244480455e-03
6.557808520910320127e-03
1.228483588236874320e-02
1.624382486610218695e-02
9.190341361619169813e-03
1.293224908494199597e-02
1.429722610735048929e-02
1.072736499437286495e-02
1.215220323572797738e-02
4.407379837622018952e-03
8.233882658179637187e-03
9.539288799524559340e-03
8.212172935350580197e-03
6.079940535836945818e-03
1.112695511232620477e-02
6.990935944934349722e-03
3.966951817805715319e-03
6.847775904698017412e-03
7.291806842058692374e-03
1.188915920196727261e-02
8.096045208888140790e-03
7.071602901672239226e-03
5.681834283401012049e-03
8.272931956691986777e-03
4.915843082928585475e-03
1.011894703688135354e-02
6.873306897724831138e-03
2.110003451515485295e-02
8.979419738666625031e-03
4.180390811298853593e-03
8.736820550710277036e-03
4.524510251043116667e-03
2.682599162419049051e-03
6.233587893283282048e-03
4.495585668875381156e-03
1.046718929038751265e-02
5.598618372719553656e-03
7.662557293336058964e-03
8.604647171453240484e-03
1.780673322919559126e-02
1.097080234734510752e-02
3.117500586901844443e-03
3.553637735423558972e-03
4.375034878857386907e-03
2.964457571772311124e-03
6.831681817941305003e-03
5.608176089267996947e-03
3.536634348218681625e-03
2.700483826920390285e-03
2.413981457055796361e-03
8.294306732320382708e-03
4.408317084855402357e-03
6.453519449185336071e-03
1.157049644651801136e-02
1.246386596574654802e-02
8.160082691429816973e-03
4.147610894097192476e-03
2.229524620387301516e-03
