6.741572916507720947e-02
2.079207897186279297e-01
2.936170101165771484e-01
4.979757070541381836e-01
4.835164844989776611e-01
5.833333134651184082e-01
6.678700447082519531e-01
7.007042169570922852e-01
6.949152350425720215e-01
7.044673562049865723e-01
6.936026811599731445e-01
6.904761791229248047e-01
7.744107842445373535e-01
7.966666817665100098e-01
7.475082874298095703e-01
7.987220287322998047e-01
8.000000119209289551e-01
7.805642485618591309e-01
7.795526981353759766e-01
8.291139006614685059e-01
8.144654035568237305e-01
7.936508059501647949e-01
8.439490199089050293e-01
7.929936051368713379e-01
8.146964907646179199e-01
8.144654035568237305e-01
8.354430198669433594e-01
8.374999761581420898e-01
8.742138147354125977e-01
8.482972383499145508e-01
8.276923298835754395e-01
8.255451917648315430e-01
8.374233245849609375e-01
8.867924809455871582e-01
8.518518805503845215e-01
8.456789851188659668e-01
8.629283308982849121e-01
8.840125203132629395e-01
8.646153807640075684e-01
8.544891476631164551e-01
8.892307877540588379e-01
8.707692027091979980e-01
8.685015439987182617e-01
8.981481194496154785e-01
8.871473073959350586e-01
8.753893971443176270e-01
8.722741603851318359e-01
8.892307877540588379e-01
8.854489326477050781e-01
9.082568883895874023e-01
8.816199302673339844e-01
8.750000000000000000e-01
8.874999880790710449e-01
9.003115296363830566e-01
8.915662765502929688e-01
8.773006200790405273e-01
8.753709197044372559e-01
9.272727370262145996e-01
9.014925360679626465e-01
9.303030371665954590e-01
8.931750655174255371e-01
8.915662765502929688e-01
8.938053250312805176e-01
9.300912022590637207e-01
9.044775962829589844e-01
9.131736755371093750e-01
9.039039015769958496e-01
9.014925360679626465e-01
9.164178967475891113e-01
9.397590160369873047e-01
9.207317233085632324e-01
9.283581972122192383e-01
9.262536764144897461e-01
9.300291538238525391e-01
9.461078047752380371e-01
9.437869787216186523e-01
9.489489197731018066e-01
9.043478369712829590e-01
9.289940595626831055e-01
9.487951993942260742e-01
9.219219088554382324e-01
9.473684430122375488e-01
9.498525261878967285e-01
9.528023600578308105e-01
9.446064233779907227e-01
9.523809552192687988e-01
9.472140669822692871e-01
9.413489699363708496e-01
9.579579830169677734e-01
9.373134374618530273e-01
9.375000000000000000e-01
9.618768095970153809e-01
9.702380895614624023e-01
9.764011502265930176e-01
9.360465407371520996e-01
9.319526553153991699e-01
9.590643048286437988e-01
9.497041702270507812e-01
9.217391014099121094e-01
9.579579830169677734e-01
9.470587968826293945e-01
9.853372573852539062e-01
9.561403393745422363e-01
9.648093581199645996e-01
9.565217494964599609e-01
9.708454608917236328e-01
9.442815184593200684e-01
9.673590660095214844e-01
9.882698059082031250e-01
9.591836929321289062e-01
9.704142212867736816e-01
9.382352828979492188e-01
9.674556255340576172e-01
9.591836929321289062e-01
9.823008775711059570e-01
9.565217494964599609e-01
9.824047088623046875e-01
9.533527493476867676e-01
9.737609624862670898e-01
9.411764740943908691e-01
9.536231756210327148e-01
9.825581312179565430e-01
9.648093581199645996e-01
9.852941036224365234e-01
9.970760345458984375e-01
9.736841917037963867e-01
9.796511530876159668e-01
9.532163739204406738e-01
9.679300189018249512e-01
9.710144996643066406e-01
9.679300189018249512e-01
9.296187758445739746e-01
9.588235020637512207e-01
9.970588088035583496e-01
9.855072498321533203e-01
9.824561476707458496e-01
9.912280440330505371e-01
9.565217494964599609e-01
9.766082167625427246e-01
9.854227304458618164e-01
9.970845580101013184e-01
9.912536740303039551e-01
9.736841917037963867e-01
9.824047088623046875e-01
9.738371968269348145e-01
9.418604373931884766e-01
9.587020874023437500e-01
9.617646932601928711e-01
9.881656765937805176e-01
9.941691160202026367e-01
