1.047120429575443268e-02
4.054053872823715210e-02
3.191489353775978088e-02
3.370786458253860474e-02
7.594936341047286987e-02
8.219178020954132080e-02
8.571428805589675903e-02
7.792207598686218262e-02
7.547169923782348633e-02
1.320754736661911011e-01
1.547619104385375977e-01
1.754385977983474731e-01
1.866666674613952637e-01
3.088235259056091309e-01
3.086419701576232910e-01
3.658536672592163086e-01
3.205128312110900879e-01
4.047619104385375977e-01
3.409090936183929443e-01
3.804347813129425049e-01
4.047619104385375977e-01
4.545454680919647217e-01
3.260869681835174561e-01
4.086021482944488525e-01
4.756097495555877686e-01
4.095238149166107178e-01
4.795918464660644531e-01
5.000000000000000000e-01
4.909090995788574219e-01
4.912280738353729248e-01
5.304347872734069824e-01
5.000000000000000000e-01
4.959999918937683105e-01
5.438596606254577637e-01
5.680000185966491699e-01
6.050420403480529785e-01
5.629629492759704590e-01
6.065573692321777344e-01
5.563380122184753418e-01
6.239316463470458984e-01
6.571428775787353516e-01
6.062992215156555176e-01
6.071428656578063965e-01
6.433566212654113770e-01
6.592592597007751465e-01
6.928571462631225586e-01
6.530612111091613770e-01
7.210884094238281250e-01
6.643835902214050293e-01
7.253521084785461426e-01
7.039473652839660645e-01
6.538461446762084961e-01
7.583892345428466797e-01
7.133758068084716797e-01
7.682119011878967285e-01
7.432432174682617188e-01
7.531645298004150391e-01
6.956521868705749512e-01
7.636363506317138672e-01
7.770700454711914062e-01
7.658227682113647461e-01
7.073170542716979980e-01
7.546012401580810547e-01
7.309941649436950684e-01
8.132529854774475098e-01
7.888198494911193848e-01
7.777777910232543945e-01
7.966101765632629395e-01
7.573964595794677734e-01
8.011695742607116699e-01
7.784090638160705566e-01
7.584269642829895020e-01
8.128654956817626953e-01
7.921348214149475098e-01
8.268156647682189941e-01
8.313953280448913574e-01
7.966101765632629395e-01
8.000000119209289551e-01
8.248587846755981445e-01
8.146067261695861816e-01
7.643979191780090332e-01
8.115183115005493164e-01
7.608695626258850098e-01
8.378378152847290039e-01
8.736263513565063477e-01
8.817204236984252930e-01
8.608247637748718262e-01
8.296703100204467773e-01
8.450000286102294922e-01
8.324872851371765137e-01
8.750000000000000000e-01
8.684210777282714844e-01
8.638743162155151367e-01
8.316326737403869629e-01
8.650000095367431641e-01
8.585858345031738281e-01
8.634146451950073242e-01
8.962264060974121094e-01
8.155339956283569336e-01
8.866994976997375488e-01
8.605769276618957520e-01
9.014084339141845703e-01
8.634146451950073242e-01
8.967136144638061523e-01
9.170731902122497559e-01
9.056603908538818359e-01
8.721461296081542969e-01
8.858447670936584473e-01
9.009009003639221191e-01
8.999999761581420898e-01
8.715596199035644531e-01
9.112149477005004883e-01
8.699551820755004883e-01
9.200000166893005371e-01
8.632075190544128418e-01
9.327354431152343750e-01
9.327354431152343750e-01
9.298245906829833984e-01
9.122806787490844727e-01
8.602620363235473633e-01
9.094827771186828613e-01
9.173913002014160156e-01
9.437229633331298828e-01
9.220778942108154297e-01
8.995633125305175781e-01
9.227272868156433105e-01
9.043478369712829590e-01
9.388646483421325684e-01
9.567099809646606445e-01
9.401709437370300293e-01
9.429824352264404297e-01
9.449152350425720215e-01
9.067796468734741211e-01
9.008620977401733398e-01
9.487179517745971680e-01
9.659574627876281738e-01
9.401709437370300293e-01
9.319148659706115723e-01
9.623430967330932617e-01
9.444444179534912109e-01
9.327731132507324219e-01
9.442059993743896484e-01
9.364407062530517578e-01
9.539749026298522949e-01
9.456067085266113281e-01
9.004328846931457520e-01
9.618644118309020996e-01
9.835391044616699219e-01
9.493671059608459473e-01
9.163179993629455566e-01
