8.163264952600002289e-03
2.448979578912258148e-02
1.224489789456129074e-02
1.224489789456129074e-02
2.448979578912258148e-02
2.448979578912258148e-02
2.448979578912258148e-02
2.448979578912258148e-02
1.632652990520000458e-02
2.857142873108386993e-02
5.306122452020645142e-02
4.081632569432258606e-02
5.714285746216773987e-02
8.571428805589675903e-02
1.020408198237419128e-01
1.224489808082580566e-01
1.020408198237419128e-01
1.387755125761032104e-01
1.224489808082580566e-01
1.428571492433547974e-01
1.387755125761032104e-01
1.632653027772903442e-01
1.224489808082580566e-01
1.551020443439483643e-01
1.591836661100387573e-01
1.755101978778839111e-01
1.918367296457290649e-01
2.081632614135742188e-01
2.204081565141677856e-01
2.285714298486709595e-01
2.489795982837677002e-01
2.244897931814193726e-01
2.530612349510192871e-01
2.530612349510192871e-01
2.897959053516387939e-01
2.938775420188903809e-01
3.102040886878967285e-01
3.020408153533935547e-01
3.224489688873291016e-01
2.979591786861419678e-01
3.755102157592773438e-01
3.142857253551483154e-01
3.469387888908386230e-01
3.755102157592773438e-01
3.632653057575225830e-01
3.959183692932128906e-01
3.918367326259613037e-01
4.326530694961547852e-01
3.959183692932128906e-01
4.204081594944000244e-01
4.367347061634063721e-01
4.163265228271484375e-01
4.612244963645935059e-01
4.571428596973419189e-01
4.734693765640258789e-01
4.489795863628387451e-01
4.857142865657806396e-01
4.571428596973419189e-01
5.142857432365417480e-01
4.979591965675354004e-01
4.938775599002838135e-01
4.734693765640258789e-01
5.020408034324645996e-01
5.102040767669677734e-01
5.510203838348388672e-01
5.183673501014709473e-01
5.142857432365417480e-01
5.755102038383483887e-01
5.224489569664001465e-01
5.591836571693420410e-01
5.591836571693420410e-01
5.510203838348388672e-01
5.673469305038452148e-01
5.755102038383483887e-01
6.040816307067871094e-01
5.836734771728515625e-01
5.755102038383483887e-01
6.040816307067871094e-01
5.959183573722839355e-01
5.918367505073547363e-01
5.959183573722839355e-01
6.326530575752258301e-01
5.714285969734191895e-01
6.326530575752258301e-01
6.489796042442321777e-01
6.693877577781677246e-01
6.816326379776000977e-01
6.163265109062194824e-01
6.897959113121032715e-01
6.693877577781677246e-01
6.571428775787353516e-01
6.734693646430969238e-01
6.734693646430969238e-01
6.653061509132385254e-01
7.061224579811096191e-01
6.938775777816772461e-01
7.224490046501159668e-01
7.755101919174194336e-01
6.857143044471740723e-01
7.346938848495483398e-01
7.306122183799743652e-01
7.836734652519226074e-01
7.224490046501159668e-01
7.795918583869934082e-01
7.673469185829162598e-01
7.836734652519226074e-01
7.795918583869934082e-01
7.918367385864257812e-01
8.163265585899353027e-01
8.081632852554321289e-01
7.755101919174194336e-01
7.959183454513549805e-01
7.918367385864257812e-01
8.448979854583740234e-01
7.469387650489807129e-01
8.489795923233032227e-01
8.489795923233032227e-01
8.653061389923095703e-01
8.489795923233032227e-01
8.040816187858581543e-01
8.612244725227355957e-01
8.612244725227355957e-01
8.897958993911743164e-01
8.693877458572387695e-01
8.408163189888000488e-01
8.285714387893676758e-01
8.489795923233032227e-01
8.775510191917419434e-01
9.020408391952514648e-01
8.979591727256774902e-01
8.775510191917419434e-01
9.102040529251098633e-01
8.734694123268127441e-01
8.530611991882324219e-01
9.061224460601806641e-01
9.265305995941162109e-01
8.979591727256774902e-01
8.938775658607482910e-01
9.387755393981933594e-01
9.020408391952514648e-01
9.061224460601806641e-01
8.979591727256774902e-01
9.020408391952514648e-01
9.306122660636901855e-01
9.224489927291870117e-01
8.489795923233032227e-01
9.265305995941162109e-01
9.755101799964904785e-01
9.183673262596130371e-01
8.938775658607482910e-01
