4.075918441019911465e-02
2.383133619102587031e-02
2.952091645858251345e-02
1.387788887140252100e-02
1.609919332670580946e-02
1.263933652168617791e-02
1.756414122439584405e-02
8.643654913585274019e-03
8.952197000688173756e-03
7.629386645792099637e-03
7.505290509308449980e-03
1.439490546452387200e-02
1.920361422672045570e-02
1.497096098760610991e-02
1.122871836428715638e-02
6.304118454863039643e-03
6.469896252622862887e-03
5.474138653665762931e-03
8.532824832465507603e-03
4.644246855885806116e-03
7.877627015951231548e-03
5.828260097737270572e-03
8.114516754536950718e-03
1.548580508201452544e-02
1.053623140811359854e-02
7.367514728436603925e-03
7.892426275781875764e-03
1.878210670175606625e-02
5.837405883434284432e-03
2.211593906621140120e-03
2.081041972572921124e-03
1.664572790627829929e-03
1.732978805436861123e-03
1.630170720225348341e-03
1.557948231672150836e-03
1.576085476316279460e-03
1.536333024167506507e-03
1.486933007177840532e-03
1.491818628104045344e-03
1.461257916335916745e-03
1.438463215601611502e-03
1.424193102102759003e-03
1.405126684303149550e-03
1.379368210936413692e-03
1.362556334010380562e-03
1.343659307783703774e-03
1.328524493450007615e-03
1.420085687056881190e-03
6.268679801177647060e-02
3.066700414446229747e-02
