8.916666507720947266e-01
9.138888716697692871e-01
8.888888955116271973e-01
9.444444179534912109e-01
9.250000119209289551e-01
9.416666626930236816e-01
9.333333373069763184e-01
9.666666388511657715e-01
9.638888835906982422e-01
9.694444537162780762e-01
9.666666388511657715e-01
9.333333373069763184e-01
9.166666865348815918e-01
9.416666626930236816e-01
9.444444179534912109e-01
9.638888835906982422e-01
9.694444537162780762e-01
9.805555343627929688e-01
9.583333134651184082e-01
9.777777791023254395e-01
9.694444537162780762e-01
9.777777791023254395e-01
9.666666388511657715e-01
9.388889074325561523e-01
9.555555582046508789e-01
9.666666388511657715e-01
9.722222089767456055e-01
9.277777671813964844e-01
9.750000238418579102e-01
9.972222447395324707e-01
9.972222447395324707e-01
1.000000000000000000e+00
1.000000000000000000e+00
1.000000000000000000e+00
1.000000000000000000e+00
1.000000000000000000e+00
1.000000000000000000e+00
1.000000000000000000e+00
1.000000000000000000e+00
1.000000000000000000e+00
1.000000000000000000e+00
1.000000000000000000e+00
1.000000000000000000e+00
1.000000000000000000e+00
1.000000000000000000e+00
1.000000000000000000e+00
1.000000000000000000e+00
1.000000000000000000e+00
8.000000119209289551e-01
8.666666746139526367e-01
