1.106290668249130249e-01
1.757049858570098877e-01
2.494577020406723022e-01
2.754880785942077637e-01
2.407809048891067505e-01
2.906724512577056885e-01
2.798264622688293457e-01
3.101952373981475830e-01
3.123644292354583740e-01
3.188720047473907471e-01
3.405639827251434326e-01
3.470715880393981934e-01
3.709327578544616699e-01
3.644251525402069092e-01
3.687635660171508789e-01
3.839479386806488037e-01
4.164859056472778320e-01
3.774403333663940430e-01
4.164859056472778320e-01
4.164859056472778320e-01
3.644251525402069092e-01
4.295010864734649658e-01
4.251627027988433838e-01
4.208242893218994141e-01
4.164859056472778320e-01
4.403470754623413086e-01
4.186550974845886230e-01
4.490238726139068604e-01
4.598698616027832031e-01
4.945770204067230225e-01
4.663774371147155762e-01
5.054230093955993652e-01
4.859002232551574707e-01
4.577006399631500244e-01
4.989154040813446045e-01
5.162689685821533203e-01
5.054230093955993652e-01
5.292841792106628418e-01
5.097613930702209473e-01
5.249457955360412598e-01
5.184381604194641113e-01
5.010846257209777832e-01
5.336225628852844238e-01
5.639913082122802734e-01
5.314533710479736328e-01
5.661605000495910645e-01
5.401301383972167969e-01
5.856832861900329590e-01
5.791757106781005859e-01
6.117136478424072266e-01
6.095444560050964355e-01
5.900216698646545410e-01
6.442516446113586426e-01
6.160520315170288086e-01
6.182212829589843750e-01
6.225596666336059570e-01
6.247288584709167480e-01
6.485900282859802246e-01
6.334056258201599121e-01
6.681128144264221191e-01
6.464208364486694336e-01
6.854663491249084473e-01
7.093275785446166992e-01
6.919739842414855957e-01
6.898047924041748047e-01
7.028199434280395508e-01
7.114967703819274902e-01
7.440347075462341309e-01
7.071583271026611328e-01
7.201735377311706543e-01
7.440347075462341309e-01
7.396963238716125488e-01
7.245119214057922363e-01
7.353579401969909668e-01
7.678958773612976074e-01
6.789587736129760742e-01
7.657266855239868164e-01
7.158351540565490723e-01
7.678958773612976074e-01
8.221257925033569336e-01
8.242949843406677246e-01
8.134490251541137695e-01
8.308026194572448730e-01
8.242949843406677246e-01
7.527114748954772949e-01
8.394793868064880371e-01
8.177874088287353516e-01
8.264642357826232910e-01
8.481561541557312012e-01
8.351410031318664551e-01
8.611713647842407227e-01
8.568329811096191406e-01
8.785249590873718262e-01
8.785249590873718262e-01
8.893709182739257812e-01
8.980477452278137207e-01
8.980477452278137207e-01
8.741865754127502441e-01
7.657266855239868164e-01
8.524945974349975586e-01
9.132320880889892578e-01
9.219089150428771973e-01
8.546637892723083496e-01
8.958785533905029297e-01
9.088937044143676758e-01
9.219089150428771973e-01
8.806941509246826172e-01
8.980477452278137207e-01
9.652928709983825684e-01
9.522776603698730469e-01
9.002169370651245117e-01
9.262472987174987793e-01
9.587852358818054199e-01
9.652928709983825684e-01
9.457700848579406738e-01
8.937093019485473633e-01
9.067245125770568848e-01
8.785249590873718262e-01
9.566160440444946289e-01
9.544468522071838379e-01
9.587852358818054199e-01
9.436008930206298828e-01
9.609544277191162109e-01
9.652928709983825684e-01
9.284164905548095703e-01
8.438177704811096191e-01
9.522776603698730469e-01
9.370932579040527344e-01
9.544468522071838379e-01
9.739696383476257324e-01
9.327548742294311523e-01
9.110628962516784668e-01
9.457700848579406738e-01
9.718004465103149414e-01
9.783080220222473145e-01
9.826464056968688965e-01
9.956616163253784180e-01
1.000000000000000000e+00
1.000000000000000000e+00
1.000000000000000000e+00
1.000000000000000000e+00
1.000000000000000000e+00
9.067245125770568848e-01
8.199566006660461426e-01
9.284164905548095703e-01
9.110628962516784668e-01
9.826464056968688965e-01
9.913232326507568359e-01
1.000000000000000000e+00
9.978308081626892090e-01
