5.471374648632209015e-01
2.307798377039045890e-01
2.023200747308904479e-01
1.859679154856060945e-01
1.713598746255602101e-01
1.444073859040773955e-01
1.541495878430970412e-01
1.416545763590477958e-01
1.319143216669882157e-01
1.278578256117660628e-01
1.305048623083925607e-01
1.246536397752472380e-01
1.091738747988747621e-01
1.139635319192629781e-01
1.064025142898205878e-01
1.065161132533569560e-01
1.055578214953890176e-01
1.066212534022925595e-01
9.720926947417439512e-02
1.033031659695044097e-01
9.285915960960566817e-02
9.394524934721319720e-02
8.695295985886691836e-02
9.076651744220964879e-02
9.917356432035384639e-02
8.440242412279219675e-02
8.899560141815548997e-02
9.146422232099922500e-02
8.244667469212771382e-02
8.554393092374569518e-02
8.187123102308099809e-02
8.218717599205602187e-02
7.712088350887572052e-02
8.085004835513927290e-02
7.646277919963581637e-02
8.015704513784858987e-02
7.660001693338176765e-02
6.948767171477432392e-02
7.511447764049271336e-02
6.415413053809250477e-02
7.325375371524014967e-02
6.273933227001840529e-02
6.396831557934198886e-02
6.329817374321478063e-02
6.499385559453507710e-02
6.140916329552840308e-02
5.602742178734615441e-02
5.987235567390407354e-02
5.941554734144023631e-02
5.965879683223797997e-02
5.145441663101402163e-02
5.269776790712953074e-02
5.026437538575380393e-02
4.956928198380430167e-02
5.049641748666276048e-02
4.946273771597389790e-02
4.454913771236160280e-02
4.868709966317664312e-02
4.165542808868454711e-02
4.476451171495273579e-02
3.928038786812784039e-02
4.345652665510885138e-02
3.788087051713888431e-02
4.100064640971117641e-02
3.911238713615321216e-02
4.504617733824353015e-02
3.853991310051942815e-02
3.426332543948076154e-02
3.454806583096036582e-02
3.370940841361766416e-02
3.232223187142468923e-02
3.220371407009162829e-02
3.599536031502874323e-02
3.351038195176827411e-02
3.280268685203843043e-02
2.800415704555712926e-02
2.816465824725978076e-02
2.601134416073350511e-02
2.345938365470648032e-02
2.706277556232083992e-02
2.318573971819945165e-02
2.452184357220285951e-02
2.134750367617008898e-02
2.342442985881194872e-02
1.619518271127729642e-02
2.367308800003770086e-02
1.804262541137050327e-02
1.260231952926617327e-02
2.180439571328434550e-02
2.960739342058638091e-02
3.544003892085872964e-02
2.530945258482847696e-02
1.576676331366268224e-02
1.370896827403839981e-02
1.522746595393805781e-02
1.634775844817600368e-02
1.887030889333143890e-02
1.514151001273344836e-02
1.459936434148986946e-02
1.272180981768874369e-02
1.965206087357276518e-02
2.403678331693326689e-02
1.206815971170163877e-02
1.297077374798122525e-02
7.634684147766765926e-03
1.939815370158720631e-02
8.151624132707315298e-03
7.406862619535372824e-03
1.090582430239850874e-02
7.576650497058710042e-03
9.438171567490678121e-03
1.174933703048066172e-02
9.513084542798358120e-03
2.156235515950277043e-02
1.194144683717140477e-02
1.048195966170847350e-02
8.228319915829132580e-03
1.032932708767847312e-02
5.195874803552722257e-03
6.706588061609586662e-03
8.828429431766133748e-03
1.665390042666240258e-02
1.069572631432320377e-02
9.929205305151900252e-03
2.506136635412225394e-02
8.232596096181805587e-03
6.856603954022378634e-03
5.561100757330933453e-03
6.208064356956585934e-03
5.614233408918784841e-03
4.271453903821761065e-03
2.864411821480582643e-03
1.068561548218504090e-02
1.247719035540421212e-02
8.470574306345820051e-03
6.631001471541345983e-03
8.449196658834976989e-03
5.785345824027501513e-03
1.541939193137919530e-02
7.985942518411642821e-03
1.392677959914566561e-02
1.705902578567107183e-02
6.824727167112365663e-03
7.258459486468295425e-03
4.707708742130401955e-03
5.107525974942980426e-03
2.912923968369484848e-03
2.276511923978098619e-03
8.324339780731930538e-03
1.005742371753082752e-02
