1.214285716414451599e-01
3.625954091548919678e-01
4.532374143600463867e-01
4.455445408821105957e-01
5.164835453033447266e-01
5.647482275962829590e-01
5.622895359992980957e-01
5.913978219032287598e-01
6.041666865348815918e-01
6.317689418792724609e-01
6.204379796981811523e-01
6.232394576072692871e-01
6.861313581466674805e-01
6.949806809425354004e-01
6.894198060035705566e-01
6.940298676490783691e-01
7.056737542152404785e-01
6.877192854881286621e-01
7.007299065589904785e-01
6.975088715553283691e-01
7.591241002082824707e-01
7.157894968986511230e-01
7.408758997917175293e-01
7.464285492897033691e-01
7.101449370384216309e-01
7.769516706466674805e-01
7.314487695693969727e-01
7.464285492897033691e-01
7.681159377098083496e-01
7.686832547187805176e-01
7.676056623458862305e-01
7.414966225624084473e-01
7.916666865348815918e-01
7.617328763008117676e-01
7.922534942626953125e-01
7.711267471313476562e-01
8.056536912918090820e-01
8.169013857841491699e-01
7.694915533065795898e-01
8.026756048202514648e-01
7.667844295501708984e-01
8.356643319129943848e-01
8.321678042411804199e-01
8.286713361740112305e-01
8.391608595848083496e-01
8.344594836235046387e-01
8.435373902320861816e-01
8.636363744735717773e-01
8.540925383567810059e-01
8.250824809074401855e-01
8.888888955116271973e-01
8.494983315467834473e-01
8.662207126617431641e-01
8.745762705802917480e-01
8.538206219673156738e-01
8.585858345031738281e-01
8.870431780815124512e-01
8.941979408264160156e-01
8.970099687576293945e-01
8.914473652839660645e-01
8.823529481887817383e-01
8.821548819541931152e-01
9.042904376983642578e-01
9.039735198020935059e-01
9.016393423080444336e-01
8.618420958518981934e-01
9.090909361839294434e-01
9.225589036941528320e-01
9.196141362190246582e-01
9.015873074531555176e-01
9.201278090476989746e-01
9.059560894966125488e-01
8.962264060974121094e-01
8.955696225166320801e-01
9.260450005531311035e-01
9.145569801330566406e-01
9.274448156356811523e-01
9.228395223617553711e-01
9.406250119209289551e-01
9.305993914604187012e-01
9.294478297233581543e-01
9.308176040649414062e-01
9.382715821266174316e-01
9.305993914604187012e-01
9.575757384300231934e-01
9.404388666152954102e-01
9.509202241897583008e-01
9.875389337539672852e-01
9.357798099517822266e-01
9.079754352569580078e-01
8.834356069564819336e-01
9.285714030265808105e-01
9.636363387107849121e-01
9.575757384300231934e-01
9.539877176284790039e-01
9.623824357986450195e-01
9.386503100395202637e-01
9.607250690460205078e-01
9.598765373229980469e-01
9.583333134651184082e-01
9.444444179534912109e-01
9.351851940155029297e-01
9.787234067916870117e-01
9.548192620277404785e-01
9.736841917037963867e-01
9.361702203750610352e-01
9.880596995353698730e-01
9.734513163566589355e-01
9.644970297813415527e-01
9.820895791053771973e-01
9.761193990707397461e-01
9.671641588211059570e-01
9.730538725852966309e-01
9.329268336296081543e-01
9.640718698501586914e-01
9.702380895614624023e-01
9.732937812805175781e-01
9.788519740104675293e-01
9.852941036224365234e-01
9.706745147705078125e-01
9.735293984413146973e-01
9.467455744743347168e-01
9.758307933807373047e-01
9.588235020637512207e-01
9.056047201156616211e-01
9.790419340133666992e-01
9.849849939346313477e-01
9.851632118225097656e-01
9.853372573852539062e-01
9.795321822166442871e-01
9.941176176071166992e-01
9.970588088035583496e-01
9.705014824867248535e-01
9.550898075103759766e-01
9.820895791053771973e-01
9.821428656578063965e-01
9.734513163566589355e-01
9.882352948188781738e-01
9.469026327133178711e-01
9.705014824867248535e-01
9.639639854431152344e-01
9.371257424354553223e-01
9.734513163566589355e-01
9.732142686843872070e-01
9.852507114410400391e-01
9.852941036224365234e-01
9.970501661300659180e-01
9.970674514770507812e-01
9.705882072448730469e-01
9.676470756530761719e-01
