4.373090133978854710e-01
2.194921630838008453e-01
2.029855918597529840e-01
1.677172050255885949e-01
1.532145602396633166e-01
1.599120346059688114e-01
1.354258298932395910e-01
1.378838276201363733e-01
1.395012610814024834e-01
1.246227172424194257e-01
1.203729408386879085e-01
1.148523221496057928e-01
1.146731631206341501e-01
1.235899593418805231e-01
1.085531223245798371e-01
1.066593795104387454e-01
1.008079324790688708e-01
1.068740475791832567e-01
1.118909581007813542e-01
9.998425195029551904e-02
1.015509830645119765e-01
9.374073308726943443e-02
8.872572224242457339e-02
9.405679752919372805e-02
8.385133652114062919e-02
8.280005508379313650e-02
8.656416159376140174e-02
8.040698069155310934e-02
1.043219517794784917e-01
8.186442254894935044e-02
7.331800673635822940e-02
8.495800013053510236e-02
7.501355415964022777e-02
7.543820421761596173e-02
6.851944618504551832e-02
7.517560736955196388e-02
6.604485509667137877e-02
6.512565318322195707e-02
5.969589999778517758e-02
6.079309366336643761e-02
6.042424894889240894e-02
6.418082256223715809e-02
5.866156026848879518e-02
5.644143702863532036e-02
6.214577820474697506e-02
4.895006847870207733e-02
4.811933224621416788e-02
5.675103118635230204e-02
4.598865246199240059e-02
4.738675416680188796e-02
5.092510115996981557e-02
4.332828969197782126e-02
4.391889580232440776e-02
4.173765791878620429e-02
4.589292242022238039e-02
4.084389471279930434e-02
5.024566298835993899e-02
4.177541604976060807e-02
3.876882772275098976e-02
3.832098056584724854e-02
3.447866545506129976e-02
3.613166014685965932e-02
3.291925321319342373e-02
3.353719981610501361e-02
3.394087713164248288e-02
3.074337748285132024e-02
3.671888356106921270e-02
3.396301505005813737e-02
2.748615178701563702e-02
2.587044985541275821e-02
2.868572629242699748e-02
2.310808376994602856e-02
2.186624251945762723e-02
2.624359979178884916e-02
2.283257259289560998e-02
2.155774814927458732e-02
2.421695818150085971e-02
2.162700545235738542e-02
2.108355136450535891e-02
3.317506095088562645e-02
1.615550541532473350e-02
1.833421118329698132e-02
1.835377640845010580e-02
2.473901442757236654e-02
1.688680369965436454e-02
1.330284586105958365e-02
1.600484335529797283e-02
1.722583783993333201e-02
2.186584804760294959e-02
1.543679971740564288e-02
1.141902253120483622e-02
2.156998162477297490e-02
1.435348426193996940e-02
1.233622483234304325e-02
1.238276163508873935e-02
7.684805349108545305e-03
6.947976692084505829e-03
1.042453324857293105e-02
1.413434219583486334e-02
2.117679654026892108e-02
1.342202278186150136e-02
1.251201903640260585e-02
1.284802197436707601e-02
1.388537343962098318e-02
8.067099447461301837e-03
6.972546701405157518e-03
2.393137552719981631e-02
1.417792518594003862e-02
1.185154896742693538e-02
7.624040277270544529e-03
5.417306671542664563e-03
6.644242396220381014e-03
9.040566501974222485e-03
2.201519421107941271e-02
1.485651963299829126e-02
3.953304579593493358e-03
4.056232343681027974e-03
4.043702505362310740e-03
8.063731485616690287e-03
3.716210928226507115e-02
5.432340315122918990e-03
6.349332728750653639e-03
6.463813662349619273e-03
6.767021481904569001e-03
5.243099222729316958e-03
7.532148341696741009e-03
7.847599019817240104e-03
9.511955838119503376e-03
3.019875460016125442e-03
4.661609229341505574e-03
1.063841137920170168e-02
9.031255141955457991e-03
2.005155749300787868e-02
3.355496475440920921e-03
3.006369754428038325e-03
1.888336665705664646e-03
2.147017472129118115e-03
5.153851015019172629e-03
1.847400999633880270e-02
9.294135290861768942e-03
1.333178859569644423e-02
1.091963676412172242e-02
5.009918482888219352e-03
4.539058715841527009e-03
6.783147826443887071e-03
5.950743508815176282e-03
5.679716587383314315e-03
3.376532118896778938e-03
3.206332901020247234e-03
6.472663270459848121e-03
