1.626016199588775635e-02
8.943089097738265991e-02
1.300812959671020508e-01
3.170731663703918457e-01
3.577235639095306396e-01
4.227642416954040527e-01
4.634146392345428467e-01
4.390243887901306152e-01
5.284552574157714844e-01
5.365853905677795410e-01
5.609756112098693848e-01
5.691056847572326660e-01
5.365853905677795410e-01
5.609756112098693848e-01
5.934959053993225098e-01
5.934959053993225098e-01
6.178861856460571289e-01
6.422764062881469727e-01
6.260162591934204102e-01
6.260162591934204102e-01
6.747967600822448730e-01
6.422764062881469727e-01
6.016260385513305664e-01
6.585366129875183105e-01
6.829268336296081543e-01
6.910569071769714355e-01
6.666666865348815918e-01
6.666666865348815918e-01
6.422764062881469727e-01
6.910569071769714355e-01
7.073170542716979980e-01
6.910569071769714355e-01
6.991869807243347168e-01
7.317073345184326172e-01
6.910569071769714355e-01
7.154471278190612793e-01
7.154471278190612793e-01
7.398374080657958984e-01
7.398374080657958984e-01
7.886179089546203613e-01
7.723577022552490234e-01
7.967479825019836426e-01
7.479674816131591797e-01
7.154471278190612793e-01
7.479674816131591797e-01
7.398374080657958984e-01
7.723577022552490234e-01
7.967479825019836426e-01
7.560975551605224609e-01
7.967479825019836426e-01
7.804877758026123047e-01
8.292682766914367676e-01
7.967479825019836426e-01
7.886179089546203613e-01
7.804877758026123047e-01
8.130081295967102051e-01
8.292682766914367676e-01
8.130081295967102051e-01
7.804877758026123047e-01
8.048780560493469238e-01
8.211382031440734863e-01
8.373983502388000488e-01
8.130081295967102051e-01
8.211382031440734863e-01
8.617886304855346680e-01
8.292682766914367676e-01
7.886179089546203613e-01
8.130081295967102051e-01
8.292682766914367676e-01
8.536585569381713867e-01
8.455284833908081055e-01
8.211382031440734863e-01
8.292682766914367676e-01
8.455284833908081055e-01
8.048780560493469238e-01
8.699187040328979492e-01
8.048780560493469238e-01
8.536585569381713867e-01
8.455284833908081055e-01
8.617886304855346680e-01
8.617886304855346680e-01
9.186992049217224121e-01
9.105691313743591309e-01
8.536585569381713867e-01
8.617886304855346680e-01
9.024389982223510742e-01
8.943089246749877930e-01
8.861788511276245117e-01
8.943089246749877930e-01
8.617886304855346680e-01
9.186992049217224121e-01
8.455284833908081055e-01
8.699187040328979492e-01
8.861788511276245117e-01
9.268292784690856934e-01
9.024389982223510742e-01
8.780487775802612305e-01
8.861788511276245117e-01
9.593495726585388184e-01
9.268292784690856934e-01
9.105691313743591309e-01
9.105691313743591309e-01
9.349593520164489746e-01
9.430894255638122559e-01
9.349593520164489746e-01
9.024389982223510742e-01
9.430894255638122559e-01
9.268292784690856934e-01
9.105691313743591309e-01
9.268292784690856934e-01
9.593495726585388184e-01
9.024389982223510742e-01
9.430894255638122559e-01
9.593495726585388184e-01
9.024389982223510742e-01
9.593495726585388184e-01
9.268292784690856934e-01
9.186992049217224121e-01
9.186992049217224121e-01
9.105691313743591309e-01
9.186992049217224121e-01
9.349593520164489746e-01
9.105691313743591309e-01
9.268292784690856934e-01
9.593495726585388184e-01
9.756097793579101562e-01
8.536585569381713867e-01
9.512194991111755371e-01
9.512194991111755371e-01
9.918699264526367188e-01
9.512194991111755371e-01
9.024389982223510742e-01
9.105691313743591309e-01
9.593495726585388184e-01
9.593495726585388184e-01
9.756097793579101562e-01
9.512194991111755371e-01
9.268292784690856934e-01
9.512194991111755371e-01
9.674796462059020996e-01
9.918699264526367188e-01
9.918699264526367188e-01
9.105691313743591309e-01
9.430894255638122559e-01
9.593495726585388184e-01
9.186992049217224121e-01
9.756097793579101562e-01
8.861788511276245117e-01
9.430894255638122559e-01
9.186992049217224121e-01
