3.815139243665664065e-02
1.889266382226374372e-02
1.351296956914218098e-02
1.374697249555543316e-02
1.118417999629036687e-02
1.015058057965076768e-02
1.019589859781773640e-02
8.924262531973741613e-03
7.405798942243860088e-03
5.491993044679267799e-03
5.969116604581298224e-03
1.465479965832295998e-02
9.204839809914844642e-03
1.243860703290458093e-02
6.148543769491415269e-03
6.148653397706010069e-03
4.337561636713250027e-03
7.434485935621002774e-03
7.537485615163698645e-03
8.175626642488839982e-03
6.571468446585305642e-03
5.743445083865317269e-03
4.971649564525352540e-03
4.116249666944175878e-03
1.572520649953437766e-02
1.058783948440890701e-02
6.709259678638217206e-03
1.478269025825190187e-02
5.608908376843745568e-03
4.000662532685467232e-03
4.443331718780450107e-03
5.850320946828864443e-03
9.514451937018587879e-03
3.060552428720214949e-03
2.614431829844821725e-03
2.905316368232899703e-03
4.010109619196659640e-03
6.716015481758229322e-03
5.313842027250948070e-03
1.532581579075279095e-02
5.139765532704815287e-03
2.431291725330075437e-03
4.187082570853897096e-03
1.026586240651456219e-02
4.644533840517752789e-03
9.244047924989453116e-03
4.318311626384309029e-03
3.447095910803300248e-03
3.893319340473184054e-03
2.750970102927793176e-03
