9.380281567573547363e-01
9.579831957817077637e-01
9.714285731315612793e-01
9.578651785850524902e-01
9.748603105545043945e-01
9.665738344192504883e-01
9.746478796005249023e-01
9.775910377502441406e-01
9.804469347000122070e-01
9.887955188751220703e-01
9.915254116058349609e-01
9.473684430122375488e-01
9.745042324066162109e-01
9.637883305549621582e-01
9.860334992408752441e-01
9.860334992408752441e-01
9.971590638160705566e-01
9.831932783126831055e-01
9.775280952453613281e-01
9.804469347000122070e-01
9.804469347000122070e-01
9.750692248344421387e-01
9.944134354591369629e-01
9.916434288024902344e-01
9.523809552192687988e-01
9.746478796005249023e-01
9.831460714340209961e-01
9.606741666793823242e-01
9.832869172096252441e-01
9.944134354591369629e-01
9.888268113136291504e-01
9.806094169616699219e-01
9.691876769065856934e-01
1.000000000000000000e+00
9.972144961357116699e-01
9.943977594375610352e-01
9.944134354591369629e-01
9.722991585731506348e-01
9.887640476226806641e-01
9.604519605636596680e-01
9.860334992408752441e-01
1.000000000000000000e+00
9.915966391563415527e-01
9.775280952453613281e-01
9.888579249382019043e-01
9.747899174690246582e-01
9.943820238113403320e-01
9.888888597488403320e-01
9.972066879272460938e-01
9.916897416114807129e-01
