4.102984063550752653e-02
2.091546505202545800e-02
1.769875082128730126e-02
1.427662241189430609e-02
1.353333042953844441e-02
1.045623325921463120e-02
8.662292597082763695e-03
7.415358575552075983e-03
6.846634812396451206e-03
6.480376730754457311e-03
7.197389853668890135e-03
1.020311488857007613e-02
1.183076155506414262e-02
7.814630957234678169e-03
3.449816305837651725e-03
2.196656031582519975e-03
1.720772868863426619e-02
9.919189465454404317e-03
9.477895924058324720e-03
3.648992719911909374e-03
1.924583276795539940e-03
2.033066667989879162e-03
1.354412322328943635e-03
1.272678895703563580e-03
1.250735993737188455e-03
1.219640602524431957e-03
1.201276568298519825e-03
1.185785180808680709e-03
1.173047438794673318e-03
1.169070856014875221e-03
1.140562352661887236e-03
1.129863021001528689e-03
3.080585089745965267e-03
4.427240174379560439e-02
1.572019418643958236e-02
9.909323622424139402e-03
4.478341203391456721e-03
2.813733447509155286e-03
2.332322646585028962e-03
1.181134436496481237e-03
1.259674577065629346e-03
1.122125278804851460e-03
1.081678800581846673e-03
1.098079859608025455e-03
1.019754932608484899e-03
1.068323876306272700e-03
1.011390598286174974e-03
1.034399101744439995e-03
1.471721764149820470e-02
2.196655030522209201e-02
