2.677532954738651161e-01
1.561142328242959842e-01
1.247953322559664235e-01
1.094064358826926237e-01
1.038699692938032937e-01
9.805525114982091561e-02
9.383737435401154348e-02
8.786373700911069562e-02
8.626948993568263335e-02
8.091099938473476916e-02
7.616455558105653112e-02
7.213653906052662490e-02
6.977663246312992840e-02
6.779309175177412883e-02
6.338281457950255271e-02
6.432577956018875609e-02
6.167775098967774594e-02
6.161528373273138237e-02
6.504368861849428585e-02
5.942122779268985827e-02
5.721762248986335397e-02
5.692409100025246083e-02
5.347496138698276669e-02
5.141947258683020328e-02
5.547627089306471360e-02
5.561746305380536881e-02
4.967309216217927204e-02
4.994016855014558193e-02
4.578849269994662852e-02
4.769821963619941263e-02
4.251822127946091462e-02
4.197112953572963712e-02
4.220702225576086070e-02
4.220704344993669865e-02
4.293789180401330619e-02
3.736351753571658801e-02
3.897865765744564642e-02
3.922887294322056906e-02
4.211330013454956528e-02
3.754513310212879984e-02
3.657881202902675544e-02
3.704609885553005605e-02
3.371436777609721630e-02
3.402648483522954098e-02
3.554476376814026672e-02
3.251475069100926568e-02
3.031640070306969303e-02
3.149779565610822535e-02
3.206752501135148870e-02
2.960725278541499403e-02
2.829703148936804288e-02
2.793422433288001577e-02
2.982173810382319004e-02
2.966655439435370717e-02
2.819187044459547237e-02
2.928063523612737390e-02
2.663564183062021307e-02
2.697815269000942984e-02
2.762159386278449646e-02
2.642573641986703178e-02
2.349255739770246196e-02
2.410670125456287199e-02
2.185319212841911260e-02
2.467270478069953643e-02
2.228257508895747224e-02
2.077686842233561482e-02
2.502921926470428465e-02
2.256960093842563103e-02
2.115995719268432690e-02
1.936935923840183565e-02
1.986086287874793202e-02
1.892096165284188475e-02
2.009746594985209814e-02
1.978930332882095425e-02
1.917935314832472024e-02
1.659597559266634895e-02
1.807079849139684238e-02
1.622301787787687813e-02
1.783279410507722026e-02
1.697820549686713740e-02
1.479235932062462552e-02
1.462743945951207325e-02
1.615450584355140190e-02
1.302988417849896760e-02
1.139058246362941763e-02
1.610530083031985402e-02
1.337327505973448342e-02
1.428254077159795722e-02
1.199626977144950882e-02
1.212896152496921280e-02
1.694917240822155571e-02
1.029151522786724525e-02
1.254183241848043015e-02
1.003165457677100691e-02
1.055166847199286335e-02
1.167384898571922555e-02
1.058008710932808495e-02
8.038926916037721429e-03
9.725513650567788743e-03
1.231430592256688855e-02
6.888306801900774372e-03
7.046145934599418875e-03
8.083795004868990150e-03
8.752571203510485162e-03
7.529390949337287989e-03
6.666591820821158795e-03
1.263194996062037487e-02
7.889262931457726238e-03
7.174148874605934534e-03
4.535382197814620715e-03
7.786648422468593275e-03
6.524996752103694349e-03
8.159314722802332720e-03
8.111520250476322511e-03
1.008412601754664524e-02
8.834016269321160950e-03
4.765704769737337185e-03
5.310610418102133107e-03
3.424687946650008859e-03
5.590551835395420402e-03
7.804861467677898755e-03
5.922413681872567594e-03
4.750147952208736042e-03
4.224733981427718221e-03
7.085235026349785692e-03
3.917720122299910186e-03
7.942694820509780054e-03
4.924552933176286687e-03
2.708673423513337664e-03
9.440179457297451573e-03
7.652710807925799247e-03
4.776092979307386063e-03
5.458445809163980748e-03
3.401685671373449234e-03
2.831792813433227970e-03
4.964821784061988416e-03
5.311030614022960519e-03
4.991543999120589409e-03
7.035345332097971659e-03
5.910343685930961530e-03
4.027402601187510603e-03
2.285112850790447375e-03
1.605277553786724166e-03
7.443840695926955131e-03
6.007731248399494212e-03
5.859312857388546646e-03
5.879171614645820228e-03
2.443972114652782478e-03
3.562156217139770924e-03
6.236164281545147209e-03
