9.075630307197570801e-01
9.112903475761413574e-01
9.032257795333862305e-01
9.583333134651184082e-01
9.180327653884887695e-01
9.747899174690246582e-01
9.268292784690856934e-01
9.098360538482666016e-01
9.354838728904724121e-01
9.593495726585388184e-01
9.421487450599670410e-01
9.917355179786682129e-01
9.918032884597778320e-01
9.672130942344665527e-01
9.750000238418579102e-01
9.256198406219482422e-01
9.754098653793334961e-01
9.344262480735778809e-01
9.590163826942443848e-01
9.508196711540222168e-01
9.836065769195556641e-01
9.752066135406494141e-01
9.285714030265808105e-01
9.752066135406494141e-01
1.000000000000000000e+00
9.193548560142517090e-01
9.499999880790710449e-01
9.426229596138000488e-01
9.917355179786682129e-01
9.917355179786682129e-01
9.918032884597778320e-01
1.000000000000000000e+00
1.000000000000000000e+00
1.000000000000000000e+00
1.000000000000000000e+00
1.000000000000000000e+00
1.000000000000000000e+00
9.836065769195556641e-01
9.834710955619812012e-01
8.943089246749877930e-01
9.426229596138000488e-01
9.590163826942443848e-01
9.499999880790710449e-01
9.674796462059020996e-01
1.000000000000000000e+00
9.916666746139526367e-01
9.508196711540222168e-01
9.834710955619812012e-01
1.000000000000000000e+00
9.918032884597778320e-01
