6.254512078187016710e-01
2.536865251684392031e-01
2.075172487898676588e-01
2.016924082643890004e-01
1.812124425372807213e-01
1.633183464518687122e-01
1.572277612419770709e-01
1.530471615674381669e-01
1.493640459478424165e-01
1.399219835519785737e-01
1.306889731302243729e-01
1.289360911558865841e-01
1.285107048797926588e-01
1.209400198562774753e-01
1.275288090900122961e-01
1.173436742353427403e-01
1.094997155169023656e-01
1.254890108656688541e-01
1.078598247690875089e-01
1.104164038090413164e-01
1.047759524657096430e-01
1.016135611935017474e-01
1.040960911692189461e-01
9.906576076583296919e-02
1.034175246869333958e-01
9.272432373980539488e-02
9.266291488315775426e-02
9.423893707782057816e-02
8.740707153387060335e-02
9.356647321656763605e-02
8.571796708420674482e-02
8.350333216437781647e-02
7.891667169863124387e-02
7.729915882385554604e-02
7.048021522583576559e-02
7.699638480964790532e-02
7.244738522023436156e-02
6.358981830163064342e-02
6.667277923201216094e-02
6.565008996242614747e-02
6.091304585967077107e-02
6.456608504075132815e-02
5.467207394674878512e-02
5.282945467427822145e-02
4.980696317932147704e-02
5.791307037673995572e-02
5.041888653748979182e-02
5.678354601424685788e-02
5.132947232795756487e-02
4.486015810963591560e-02
4.457747092135116995e-02
4.665241460411170132e-02
4.636411416373669575e-02
4.364467690218323120e-02
4.496817794660099704e-02
3.784374316634216140e-02
4.179882327561230265e-02
3.440327254711030708e-02
3.098764875040309688e-02
3.000811699255202455e-02
3.617621455037826200e-02
3.505607203127029253e-02
3.383238955238235257e-02
6.734811009260921466e-02
4.089974267689056725e-02
4.621871535158426914e-02
2.778666785720679613e-02
2.251832561408277297e-02
2.399881735425322613e-02
2.121853500326236278e-02
2.282421213019243320e-02
2.136180598532164479e-02
2.187084283919768848e-02
2.219531826675249370e-02
1.668559855956978921e-02
2.247487310222751750e-02
1.702849990090096050e-02
1.503054051045342454e-02
1.701689880192877244e-02
2.097394454370271610e-02
2.269972321687591804e-02
1.472782815473180212e-02
1.473909601061082660e-02
1.302647160167903079e-02
1.559163462647938404e-02
2.619829578257479308e-02
1.302767104242029059e-02
1.510725125359603342e-02
1.102988643311231774e-02
1.020400631132212070e-02
1.272307564766191924e-02
6.444512099650071511e-03
1.132424135973533405e-02
1.322909553711971824e-02
9.707725253597102033e-03
9.250540188575146622e-03
1.195689843264611738e-02
5.030751522749620473e-03
3.837493609605985897e-03
6.162168763381997358e-03
1.989882622282033650e-02
1.280465140328300271e-02
1.404110696459226308e-02
8.760625193241521058e-03
9.119130953540282788e-03
1.229416933962531634e-02
1.397094974363300400e-02
8.380361572525611355e-03
2.650586585055314439e-03
5.006163082062836667e-03
7.351577179722663599e-03
5.050170291642611629e-03
4.328367042930538963e-03
1.675295071985336351e-02
2.211425890026150892e-02
1.238818817658521483e-02
6.513261620033008667e-03
5.292192189366164493e-03
5.072691003073019102e-03
1.118086826294537039e-02
6.925839120727105870e-03
8.289796286678334167e-03
7.828592729661326688e-03
2.555863813473479348e-03
1.490764982276835283e-03
1.398874648232882557e-03
1.368629862564094482e-03
1.346791303450340987e-03
1.298473160335097054e-03
1.283182553495973129e-03
1.239274887251871861e-03
1.208411113013356433e-03
1.181122161876053955e-03
3.223566090051670739e-03
5.615863118217910566e-02
1.430789862472306093e-02
6.323042265644735448e-03
5.624500634704103670e-03
7.964319402253498825e-03
2.025015388526676344e-03
1.385509146353019810e-03
1.202192048811805223e-03
1.145685445965344534e-03
3.201552801963076112e-03
3.549787175352671353e-02
1.141025386589099300e-02
6.616581438021303975e-03
2.730739547295520358e-03
2.195133433722293911e-03
1.347737979964258722e-03
