3.585282797799849847e-02
3.482260410281146773e-02
1.396182949333690977e-02
1.253226290362172146e-02
1.316402810931668541e-02
1.127431678681914060e-02
1.429452470716808740e-02
1.365397275867317670e-02
7.627125901398552378e-03
8.119206924355521285e-03
1.352587253659585931e-02
1.237725933083638763e-02
9.936116709821330231e-03
1.431167602715677917e-02
7.497552012507212489e-03
6.273567582812429252e-03
3.764125792654308186e-03
8.268241624781695956e-03
7.973810000083137936e-03
6.458843368977913897e-03
8.252529737247354946e-03
1.060884689858054494e-02
8.325136856540323385e-03
4.528445443353539511e-03
6.294835048972345637e-03
6.360058963901250514e-03
8.584497888850664907e-03
1.340054564263966179e-02
8.903787662136203318e-03
2.105815573920432823e-02
4.965586691890781779e-03
3.906982197146301704e-03
1.398340763324911395e-03
1.193618415326262120e-03
1.234906326928107874e-03
1.212130478481741490e-03
1.445669616791710492e-03
1.230716681651427766e-03
1.293347251428422773e-02
1.733664050838639933e-02
9.029207119904800530e-03
3.181146018120383379e-03
2.222218757827008895e-02
9.661300959998782995e-03
2.769458779354911152e-03
3.570594125847147658e-03
1.134710517548549085e-03
1.997911030537672002e-03
2.384036533512449898e-03
4.623425481058760118e-03
