2.563215726037983838e-02
1.855439322577139352e-02
1.688299758670828640e-02
1.588882455747691116e-02
1.623975023823312838e-02
1.537085189444858079e-02
1.353378816021839209e-02
1.327968616170444212e-02
1.275645594140177239e-02
9.711376553056892680e-03
1.264471947349082165e-02
1.010822203146986321e-02
9.373063658270676737e-03
9.445913271678138545e-03
9.794101154044212651e-03
8.953975758490512887e-03
1.016444259461926278e-02
1.122203100909563780e-02
8.942562745003367411e-03
8.127262791952805099e-03
1.324504722206452934e-02
8.046619886320978063e-03
4.316134595705391382e-03
5.389240022094074836e-03
9.824020325315018995e-03
7.970865040520141651e-03
7.690482802790999696e-03
7.796269972312119476e-03
8.202082518528082747e-03
5.571882497417950802e-03
5.685515989044112595e-03
6.181750415038548413e-03
6.300849539802600915e-03
4.837466687488280181e-03
9.063424115902770500e-03
7.549257974173983858e-03
7.664038842330684123e-03
4.892785206145753435e-03
4.704876628865245665e-03
7.532818762038639808e-03
7.472216827441841014e-03
4.386360635768975398e-03
3.219757268524255957e-03
2.760861663802728801e-03
5.808911753461737382e-03
1.100137538767852891e-02
5.816004942449366430e-03
3.986386616045294387e-03
4.075619996648493712e-03
2.238645678812275965e-03
