7.950000166893005371e-01
8.647342920303344727e-01
8.682926893234252930e-01
8.472906351089477539e-01
8.529411554336547852e-01
9.025641083717346191e-01
9.211822748184204102e-01
8.971962332725524902e-01
8.851674795150756836e-01
9.375000000000000000e-01
8.732394576072692871e-01
9.120370149612426758e-01
9.099099040031433105e-01
9.216589927673339844e-01
9.140271544456481934e-01
9.433962106704711914e-01
9.032257795333862305e-01
9.069767594337463379e-01
9.054054021835327148e-01
9.070796370506286621e-01
8.611111044883728027e-01
9.192824959754943848e-01
9.686098694801330566e-01
9.473684430122375488e-01
9.070796370506286621e-01
9.247787594795227051e-01
9.203540086746215820e-01
9.251101613044738770e-01
9.452054500579833984e-01
9.557521939277648926e-01
9.432314634323120117e-01
9.264069199562072754e-01
9.429824352264404297e-01
9.605262875556945801e-01
9.115044474601745605e-01
9.419642686843872070e-01
9.427312612533569336e-01
9.521738886833190918e-01
9.555555582046508789e-01
9.383260011672973633e-01
9.342105388641357422e-01
9.561403393745422363e-01
9.656652212142944336e-01
9.828326106071472168e-01
9.442059993743896484e-01
8.990825414657592773e-01
9.561403393745422363e-01
9.565217494964599609e-01
9.570815563201904297e-01
9.787234067916870117e-01
