6.680672168731689453e-01
7.521008253097534180e-01
7.478991746902465820e-01
7.226890921592712402e-01
7.310924530029296875e-01
7.394958138465881348e-01
7.857142686843872070e-01
8.067227005958557129e-01
7.773109078407287598e-01
8.193277120590209961e-01
7.815126180648803711e-01
8.277310729026794434e-01
8.487395048141479492e-01
8.403361439704895020e-01
8.487395048141479492e-01
8.403361439704895020e-01
8.235294222831726074e-01
8.193277120590209961e-01
8.445377945899963379e-01
8.613445162773132324e-01
7.815126180648803711e-01
8.613445162773132324e-01
9.075630307197570801e-01
9.075630307197570801e-01
8.613445162773132324e-01
8.781512379646301270e-01
8.739495873451232910e-01
8.823529481887817383e-01
8.697478771209716797e-01
9.075630307197570801e-01
9.075630307197570801e-01
8.991596698760986328e-01
9.033613204956054688e-01
9.201680421829223633e-01
8.655462265014648438e-01
8.865545988082885742e-01
8.991596698760986328e-01
9.201680421829223633e-01
9.033613204956054688e-01
8.949579596519470215e-01
8.949579596519470215e-01
9.159663915634155273e-01
9.453781247138977051e-01
9.621848464012145996e-01
9.243697524070739746e-01
8.235294222831726074e-01
9.159663915634155273e-01
9.243697524070739746e-01
9.369747638702392578e-01
9.663865566253662109e-01
