19
[0.017828304489039822, 0.7916667, 0.95]

21
[0.023795484554099675, 1.0, 0.75]

23
[0.008716572800336215, 0.9047619, 0.95]

25
[0.05346048011717684, 1.0, 0.8]

27
[0.023596684630659184, 0.9, 0.9]

29
[0.017145444840060257, 0.9444444, 0.85]

31
[0.010110034927290429, 0.9444444, 0.85]

33
[0.03813148020897835, 0.94736844, 0.9]

vote:
accuracy= 0.9944328462073765
precision= 0.7142857142857143
recall= 1.0
f1= 0.8333333333333333

probability:
accuracy= 0.9972164231036882
precision= 1.0
recall= 0.8
f1= 0.888888888888889

