2.225600875457116670e-02
9.945369474989973479e-03
6.002707043376864088e-03
7.282029230606695824e-03
3.868591579538149892e-03
4.516477200304486184e-03
3.881221507204915024e-03
5.014256262399777175e-03
3.063545783783628261e-03
1.489839306701324240e-03
5.767831541137543802e-03
8.021090918261166575e-03
8.603249213990806291e-03
7.977205126806838700e-03
3.735332076277983991e-03
4.780669256776047885e-03
2.600037604005115809e-03
1.733915761634605363e-03
1.971710922134515664e-03
3.182168872297506772e-03
4.225266172653797600e-03
1.201796671416476003e-03
2.314605970592467036e-03
1.425586147198385813e-03
2.460776919335032602e-03
2.692253803950658570e-03
1.336983423105423882e-03
5.306491809603871993e-04
2.842912647410142813e-03
4.917819954923125306e-03
1.866144396133885596e-03
7.266685016428887922e-03
8.052715719390845725e-03
6.170798616706819201e-03
2.523595794137347900e-03
4.984371275526086782e-03
8.053268369664752730e-04
8.489954822763334102e-04
1.195204793682158031e-03
8.814128195847297648e-04
1.727799942765420875e-04
2.378879131304443423e-03
1.756412379427241743e-03
4.777076379962777279e-03
6.284996275783782255e-03
3.557557920000601562e-03
2.166990230428418682e-03
3.977544033069577091e-04
2.181646420482468481e-03
3.418302039761500748e-03
