8.879310488700866699e-01
8.879310488700866699e-01
8.983050584793090820e-01
9.159663915634155273e-01
9.391304254531860352e-01
8.706896305084228516e-01
8.461538553237915039e-01
8.974359035491943359e-01
8.965517282485961914e-01
9.173553586006164551e-01
9.322034120559692383e-01
9.083333611488342285e-01
9.145299196243286133e-01
8.582677245140075684e-01
9.051724076271057129e-01
9.747899174690246582e-01
9.504132270812988281e-01
8.999999761581420898e-01
9.579831957817077637e-01
9.473684430122375488e-01
9.658119678497314453e-01
9.401709437370300293e-01
8.907563090324401855e-01
9.834710955619812012e-01
9.230769276618957520e-01
9.583333134651184082e-01
9.586777091026306152e-01
9.396551847457885742e-01
9.495798349380493164e-01
9.661017060279846191e-01
9.834710955619812012e-01
9.669421315193176270e-01
9.333333373069763184e-01
9.224137663841247559e-01
9.137930870056152344e-01
9.833333492279052734e-01
9.663865566253662109e-01
9.747899174690246582e-01
9.504132270812988281e-01
9.661017060279846191e-01
9.579831957817077637e-01
9.666666388511657715e-01
9.250000119209289551e-01
9.430894255638122559e-01
9.421487450599670410e-01
9.745762944221496582e-01
9.916666746139526367e-01
9.499999880790710449e-01
9.669421315193176270e-01
8.898305296897888184e-01
