7.222051819596162492e-01
3.726553744273144453e-01
2.648240926442755327e-01
2.280247238410943733e-01
1.836639707498715635e-01
1.696437913001909159e-01
1.604907260934586577e-01
1.489835148728482495e-01
1.507000666809585332e-01
1.342111669820612307e-01
1.223004600292235261e-01
1.158712644353256244e-01
1.164649971292866376e-01
1.233618966889659940e-01
1.105489671265420665e-01
9.532992949451629672e-02
1.013443494007086887e-01
9.044849572698328288e-02
8.714137798378120137e-02
9.860231475339401030e-02
8.541366317984498691e-02
8.353823034764684685e-02
8.202440817817580054e-02
7.638215198354635083e-02
7.579501923124519480e-02
7.544128765171984052e-02
7.040076592282061563e-02
7.186629915960299209e-02
7.009910971103211486e-02
6.817937609478072480e-02
5.813069138633802924e-02
6.437340163753206557e-02
6.071146932854276645e-02
6.633092190493200535e-02
5.740936889519927117e-02
5.421446462987145748e-02
5.381266981239728880e-02
5.451238168199198236e-02
5.788293846226776757e-02
5.051545432041747857e-02
5.172161367176682928e-02
4.304676159255872020e-02
4.759934430571937519e-02
5.013393017941158297e-02
4.259558404092682327e-02
4.547394620801564064e-02
5.129020982809839174e-02
4.682489831984897044e-02
3.800764203294858951e-02
4.095753087183685859e-02
3.747899399686266397e-02
4.020695294756575916e-02
3.775870906160298107e-02
3.358814207099088817e-02
3.627866694677018417e-02
3.599526548341809573e-02
3.336964089646683035e-02
4.026916327721643402e-02
3.778292389759984465e-02
3.604497780824691966e-02
3.230137028343500749e-02
3.233381146210523999e-02
3.437529767934012492e-02
2.476682468892109704e-02
2.912621152777852482e-02
2.428414489360595716e-02
2.514285440140716713e-02
2.808380085038343632e-02
2.693489118160794296e-02
2.417940604228412463e-02
2.602568549552319518e-02
2.110515903761204029e-02
1.962355852233792913e-02
2.014631310595803998e-02
2.022960437560026442e-02
2.501167194869353960e-02
2.786923610467338663e-02
2.122803468870113411e-02
2.059528903942309599e-02
2.514034803615180363e-02
2.209483816913622792e-02
1.502693178224501214e-02
1.812994803487692763e-02
2.436165454138534969e-02
1.610947394911361324e-02
2.617185279487218436e-02
1.302427799423192499e-02
1.371151559141559582e-02
1.429351875727874824e-02
1.550402481971070549e-02
1.208534387392797525e-02
1.778945577647881096e-02
2.485816882750531420e-02
1.733790442224309586e-02
9.911704673136935428e-03
8.036871586778491366e-03
1.914037128589567149e-02
2.082334778910868711e-02
1.729121529123343187e-02
1.136713081855317102e-02
1.054744391140969954e-02
1.851126467377295706e-02
1.223161144648449335e-02
1.284739497918782961e-02
7.399495333837555547e-03
2.021489257290095751e-02
1.211125292719432769e-02
2.076305987708666409e-02
1.461216635240998075e-02
6.929967502855912710e-03
9.544958863856711079e-03
4.964352319265592263e-03
8.634020289552917296e-03
1.739754357370465465e-02
9.845528196117989128e-03
8.319681406393577422e-03
1.231641431456334188e-02
1.327006715945576454e-02
1.418380683269197286e-02
3.405631228767495508e-03
4.576409428724103126e-03
8.333179920745392710e-03
3.738045475208381496e-03
6.750288307161273968e-03
1.587302578368132711e-02
6.905423223407488632e-03
1.336055255764087915e-02
1.593975769661302305e-02
8.233376113133406005e-03
8.900705576690719559e-03
1.046523953996152112e-02
1.214312802781861676e-02
7.380462260046237108e-03
1.378464849105493113e-02
5.752833814318426657e-03
8.312350239499749494e-03
2.522829627553952250e-03
1.650188690528155621e-03
1.335671647387576787e-02
1.554891546276147667e-02
1.189267225747824876e-02
5.649232184028205560e-03
1.162265578885673251e-02
8.959078571074275202e-03
8.596202575523003223e-03
3.166635794773251227e-03
3.939610299909865679e-03
1.117170972927219660e-02
1.360774089273695739e-02
4.626270427406845194e-03
