1.261744946241378784e-01
3.060941696166992188e-01
4.817320704460144043e-01
5.688311457633972168e-01
6.426767706871032715e-01
6.817073225975036621e-01
7.007389068603515625e-01
7.228327393531799316e-01
7.246022224426269531e-01
7.639383077621459961e-01
7.811004519462585449e-01
7.872093319892883301e-01
7.969121336936950684e-01
7.675489187240600586e-01
8.000000119209289551e-01
8.337209224700927734e-01
8.050171136856079102e-01
8.452655673027038574e-01
8.564760684967041016e-01
8.270332217216491699e-01
8.510158061981201172e-01
8.564814925193786621e-01
8.579610586166381836e-01
8.734177350997924805e-01
8.771526813507080078e-01
8.582677245140075684e-01
8.892694115638732910e-01
8.859447240829467773e-01
8.785471320152282715e-01
8.814898133277893066e-01
9.122006893157958984e-01
8.974943161010742188e-01
8.940774202346801758e-01
8.862069249153137207e-01
9.056817889213562012e-01
9.112359285354614258e-01
9.145786166191101074e-01
9.039106369018554688e-01
9.109588861465454102e-01
9.049773812294006348e-01
9.068462252616882324e-01
9.280899167060852051e-01
9.124578833580017090e-01
9.115341305732727051e-01
9.209353923797607422e-01
9.229897856712341309e-01
8.949720859527587891e-01
9.168539047241210938e-01
9.490373730659484863e-01
9.278466701507568359e-01
9.344444274902343750e-01
9.320712685585021973e-01
9.392576217651367188e-01
9.405829310417175293e-01
9.243603944778442383e-01
9.329608678817749023e-01
9.337748289108276367e-01
9.180509448051452637e-01
9.260485768318176270e-01
9.296089410781860352e-01
9.397993087768554688e-01
9.453734755516052246e-01
9.377085566520690918e-01
9.533333182334899902e-01
9.426048398017883301e-01
9.570956826210021973e-01
9.510022401809692383e-01
9.481236338615417480e-01
9.416941404342651367e-01
9.507119655609130859e-01
9.515951871871948242e-01
9.603087306022644043e-01
9.680264592170715332e-01
9.627193212509155273e-01
9.572368264198303223e-01
9.493949413299560547e-01
9.544950127601623535e-01
9.591160416603088379e-01
9.633740186691284180e-01
9.475409984588623047e-01
9.577777981758117676e-01
9.725576043128967285e-01
9.605695605278015137e-01
9.537444710731506348e-01
9.735099077224731445e-01
9.549450278282165527e-01
9.724366068840026855e-01
9.706202149391174316e-01
9.747530221939086914e-01
9.779492616653442383e-01
9.758771657943725586e-01
9.672489166259765625e-01
9.515951871871948242e-01
9.682365655899047852e-01
9.826086759567260742e-01
9.891067743301391602e-01
9.628008604049682617e-01
9.582875967025756836e-01
9.609120488166809082e-01
9.824945330619812012e-01
9.782608747482299805e-01
9.595186114311218262e-01
9.760348796844482422e-01
9.792349934577941895e-01
9.858695864677429199e-01
9.648351669311523438e-01
9.803493618965148926e-01
9.553377032279968262e-01
9.801543354988098145e-01
9.847494363784790039e-01
9.782372117042541504e-01
9.924077987670898438e-01
9.836601018905639648e-01
9.661940932273864746e-01
9.825136661529541016e-01
9.826839566230773926e-01
9.780942201614379883e-01
9.737704992294311523e-01
9.760869741439819336e-01
9.945710897445678711e-01
9.913420081138610840e-01
9.837486743927001953e-01
9.945769906044006348e-01
9.868995547294616699e-01
9.738562107086181641e-01
9.847991466522216797e-01
9.760609269142150879e-01
9.706202149391174316e-01
9.846994280815124512e-01
9.837133288383483887e-01
9.826086759567260742e-01
9.835526347160339355e-01
9.880174398422241211e-01
9.815016388893127441e-01
9.869706630706787109e-01
9.868852496147155762e-01
9.967461824417114258e-01
1.000000000000000000e+00
9.793028235435485840e-01
9.759562611579895020e-01
9.782608747482299805e-01
9.902067184448242188e-01
9.740540385246276855e-01
9.836244583129882812e-01
9.848320484161376953e-01
9.956427216529846191e-01
9.945651888847351074e-01
9.793478250503540039e-01
9.759825468063354492e-01
9.913138151168823242e-01
