4.653094604668103207e-01
2.089199944051577107e-01
1.758062679558425323e-01
1.243255576526009765e-01
1.308352763481422376e-01
9.499215916775749502e-02
8.778617520318475476e-02
9.483353060439828064e-02
8.325836106347231369e-02
7.184198654920304072e-02
7.306066017700299509e-02
6.497715032062872931e-02
6.124907660276390775e-02
6.623494587570870340e-02
6.468493565743745066e-02
6.397929554761842830e-02
5.856846004669371414e-02
7.471556661748987582e-02
6.101350012591726796e-02
5.677779696834515943e-02
5.396318734322239768e-02
5.452621728386611993e-02
5.518272567138737122e-02
5.003748335275035042e-02
4.954353491880046645e-02
5.389927310873035560e-02
5.381700071799578461e-02
4.654083667326931045e-02
4.463457400873145631e-02
4.582155324061879670e-02
4.434999242267447656e-02
4.207428271655804658e-02
4.177605674584370515e-02
3.924799432840206381e-02
4.061431071659979408e-02
3.691366274752526377e-02
3.451641718417910315e-02
3.776236941585076751e-02
3.513771908582202091e-02
3.870241415046990485e-02
3.352857256414522313e-02
3.260932397325749799e-02
3.624583693189707689e-02
3.163039838922767494e-02
3.634058998137649349e-02
3.255931950892945737e-02
3.119199728636547556e-02
3.155678441208525226e-02
2.588591540618218750e-02
3.039652369239113569e-02
2.859042150336642621e-02
2.801084360678780805e-02
2.807746199642880899e-02
2.373879010783189539e-02
2.757603722980864203e-02
2.741273343374058674e-02
2.385887298677864810e-02
2.329998848441964740e-02
2.851314930154707702e-02
2.262322576925253001e-02
2.287670928762386771e-02
1.907322672841554531e-02
2.151267928303658358e-02
1.996488700268384681e-02
1.843805213559253364e-02
1.898091652058458631e-02
2.289623525972235910e-02
1.838955796487141275e-02
1.843728932396490952e-02
1.903729884761206498e-02
1.460481006002356877e-02
1.274375699031271049e-02
1.937580528761600682e-02
1.143998867263091961e-02
1.705947954558135332e-02
1.660002931637441503e-02
1.226047421323163064e-02
6.693764706900300065e-03
9.050488749137010000e-03
1.533344624599493160e-02
1.401470022884455414e-02
1.399984855417469275e-02
1.374044943689496645e-02
1.461028541347709001e-02
1.068953051868763195e-02
1.098448153268191500e-02
7.538678905282791484e-03
1.017352590097181375e-02
1.067001003279777899e-02
1.118450037644778267e-02
6.730471005767631187e-03
1.229161280005516658e-02
1.413794554317129859e-02
1.125068152967218307e-02
1.219397438493169394e-02
4.389267788183960455e-03
6.222478373243963551e-03
9.054267591467997367e-03
7.338035490607988827e-03
4.072671412799436924e-03
3.258261993875920075e-03
1.125275009477129037e-02
8.598284342269123942e-03
3.493180465500557615e-03
5.437659132579857751e-03
1.000993392794505277e-02
7.436338211222695387e-03
1.024103960417108682e-02
1.003660850167810079e-02
4.967538783106220136e-03
3.463155995802382706e-03
2.717167982156240818e-03
1.707154957055809219e-02
9.122809674098583330e-03
4.801338272539398648e-03
2.875074705967470712e-03
3.824253016511809395e-03
1.287429313777884929e-02
9.306594605240615936e-03
3.032976861798989971e-03
2.630488819080398829e-03
1.515366355494751670e-03
1.293934316002226179e-03
7.519459742422651173e-03
9.456277819818977373e-03
5.742658492981064268e-03
1.040257103221360960e-02
9.685170489174351957e-03
5.305407004968418737e-03
5.648703953776957297e-03
4.637854811764985374e-03
4.151152979432906273e-03
2.820160858555604156e-03
4.937990317751218307e-03
7.154407668858766764e-03
6.391496366779880756e-03
4.678613048491814599e-03
1.817691703080878858e-03
1.096010496308259157e-03
1.030638308016224892e-03
1.008142877033425333e-03
1.001016438857949518e-03
9.885672583731077226e-04
9.734911710047507724e-04
9.657524464588935695e-04
9.388472828827011283e-04
9.180960799547711838e-04
9.003449263135817997e-04
8.796824549175168628e-04
8.637323530969736197e-04
