7.284767925739288330e-02
2.245762646198272705e-01
3.576388955116271973e-01
5.222222208976745605e-01
5.053763389587402344e-01
6.655405163764953613e-01
6.958041787147521973e-01
6.655948758125305176e-01
7.064515948295593262e-01
7.287065982818603516e-01
7.444089651107788086e-01
7.635782957077026367e-01
7.896440029144287109e-01
7.721518874168395996e-01
7.967742085456848145e-01
7.784810066223144531e-01
8.196202516555786133e-01
7.539936304092407227e-01
7.882736325263977051e-01
8.259493708610534668e-01
8.090614676475524902e-01
8.107255697250366211e-01
8.170347213745117188e-01
8.419354557991027832e-01
8.165137767791748047e-01
8.043478131294250488e-01
8.210862874984741211e-01
8.571428656578063965e-01
8.359621167182922363e-01
8.307692408561706543e-01
8.825396895408630371e-01
8.558282256126403809e-01
8.766233921051025391e-01
8.575949072837829590e-01
8.399999737739562988e-01
8.675078749656677246e-01
8.816199302673339844e-01
8.750000000000000000e-01
8.719512224197387695e-01
8.641975522041320801e-01
8.834356069564819336e-01
8.746177554130554199e-01
8.714733719825744629e-01
9.082278609275817871e-01
8.796296119689941406e-01
8.765060305595397949e-01
8.682634830474853516e-01
8.899082541465759277e-01
9.014925360679626465e-01
8.704819083213806152e-01
8.990825414657592773e-01
8.969696760177612305e-01
9.024389982223510742e-01
9.006024003028869629e-01
9.069069027900695801e-01
8.999999761581420898e-01
9.151515364646911621e-01
9.186747074127197266e-01
8.969696760177612305e-01
9.169139266014099121e-01
9.191616773605346680e-01
9.285714030265808105e-01
9.307228922843933105e-01
8.985507488250732422e-01
9.367470145225524902e-01
9.279279112815856934e-01
9.186747074127197266e-01
9.260355234146118164e-01
9.152047038078308105e-01
9.305136203765869141e-01
9.354838728904724121e-01
9.457831382751464844e-01
9.230769276618957520e-01
9.582089781761169434e-01
9.253731369972229004e-01
9.410029649734497070e-01
9.580838084220886230e-01
9.795321822166442871e-01
9.734513163566589355e-01
9.296187758445739746e-01
9.421965479850769043e-01
9.529411792755126953e-01
9.375000000000000000e-01
9.321534037590026855e-01
9.588235020637512207e-01
9.619883298873901367e-01
9.677419066429138184e-01
9.504373073577880859e-01
9.501466155052185059e-01
9.472140669822692871e-01
9.763313531875610352e-01
9.498525261878967285e-01
9.415204524993896484e-01
9.473684430122375488e-01
9.562682509422302246e-01
9.797101616859436035e-01
9.706745147705078125e-01
9.650145769119262695e-01
9.708454608917236328e-01
9.855072498321533203e-01
9.941349029541015625e-01
9.560117125511169434e-01
9.706745147705078125e-01
9.854651093482971191e-01
9.766082167625427246e-01
9.647058844566345215e-01
9.766764044761657715e-01
9.508670568466186523e-01
9.560117125511169434e-01
9.794721603393554688e-01
9.884058237075805664e-01
9.884058237075805664e-01
9.416909813880920410e-01
9.591836929321289062e-01
9.767441749572753906e-01
9.913043379783630371e-01
9.854227304458618164e-01
9.501466155052185059e-01
9.508670568466186523e-01
9.884058237075805664e-01
9.941691160202026367e-01
1.000000000000000000e+00
1.000000000000000000e+00
9.680232405662536621e-01
9.622092843055725098e-01
9.825072884559631348e-01
9.563953280448913574e-01
9.622092843055725098e-01
9.795918464660644531e-01
9.739884138107299805e-01
9.825072884559631348e-01
9.883720874786376953e-01
9.884393215179443359e-01
9.826086759567260742e-01
9.736841917037963867e-01
9.709302186965942383e-01
9.826589822769165039e-01
9.942029118537902832e-01
1.000000000000000000e+00
1.000000000000000000e+00
1.000000000000000000e+00
1.000000000000000000e+00
1.000000000000000000e+00
1.000000000000000000e+00
1.000000000000000000e+00
1.000000000000000000e+00
1.000000000000000000e+00
1.000000000000000000e+00
1.000000000000000000e+00
1.000000000000000000e+00
