3.986086672158818678e-02
2.421991957009563337e-02
1.881596768222375607e-02
1.971461910264753203e-02
1.433607618180958616e-02
1.389941868735864589e-02
1.896986822543727386e-02
1.409425658912627152e-02
1.791811919579579596e-02
8.413604950274246319e-03
9.482405144735353217e-03
1.382728287657258338e-02
9.652965671951039411e-03
2.195594260304263232e-02
1.050541579839071697e-02
1.384290176434667917e-02
8.271876406039225735e-03
8.369370684339032598e-03
7.409471774765829556e-03
5.442360997845857411e-03
2.146178315131653733e-03
1.642496900931206261e-02
1.334047029454575421e-02
1.145739617665765715e-02
6.360845739838172884e-03
4.518801052438950992e-03
7.019831990835330264e-03
1.679795112554488198e-02
8.362169082904954628e-03
3.393503936157780173e-03
7.113162609704293260e-03
1.856805600338070489e-02
3.944107900482404436e-03
3.693628830307470363e-03
9.411095751723904876e-03
8.979411033201321543e-03
8.589188102454337753e-03
7.699330917483341793e-03
7.591721987071722161e-03
1.177993094615384720e-02
2.110538903452152323e-02
8.755099549868630357e-03
4.160765463916814115e-03
3.056714690653518623e-03
2.963808891063215035e-03
2.668041098475874059e-03
1.984788727303969571e-03
1.376214650926057799e-03
2.524456768995602882e-03
1.340306507761525323e-02
