9.090909361839294434e-01
9.166666865348815918e-01
9.328858852386474609e-01
8.999999761581420898e-01
9.527027010917663574e-01
9.256756901741027832e-01
9.133333563804626465e-01
9.473684430122375488e-01
9.337748289108276367e-01
9.735099077224731445e-01
9.866666793823242188e-01
9.415584206581115723e-01
9.602649211883544922e-01
9.933775067329406738e-01
9.802631735801696777e-01
9.802631735801696777e-01
9.470198750495910645e-01
9.530201554298400879e-01
9.731543660163879395e-01
9.736841917037963867e-01
9.800000190734863281e-01
9.350649118423461914e-01
9.607843160629272461e-01
1.000000000000000000e+00
9.671052694320678711e-01
9.671052694320678711e-01
9.539473652839660645e-01
9.602649211883544922e-01
1.000000000000000000e+00
9.934210777282714844e-01
9.933775067329406738e-01
9.539473652839660645e-01
9.731543660163879395e-01
9.934210777282714844e-01
1.000000000000000000e+00
9.934640526771545410e-01
9.599999785423278809e-01
9.539473652839660645e-01
9.867549538612365723e-01
1.000000000000000000e+00
1.000000000000000000e+00
1.000000000000000000e+00
9.281045794486999512e-01
9.599999785423278809e-01
9.738562107086181641e-01
1.000000000000000000e+00
1.000000000000000000e+00
9.869281053543090820e-01
9.801324605941772461e-01
1.000000000000000000e+00
