9.883138537406921387e-01
9.958211183547973633e-01
9.874791502952575684e-01
9.912499785423278809e-01
9.887406229972839355e-01
9.849812388420104980e-01
9.928959608078002930e-01
9.858333468437194824e-01
9.907949566841125488e-01
9.929078221321105957e-01
9.882845282554626465e-01
9.937474131584167480e-01
9.887076616287231445e-01
9.975000023841857910e-01
9.883040785789489746e-01
9.887076616287231445e-01
9.979131817817687988e-01
9.974989295005798340e-01
9.765592217445373535e-01
9.887264966964721680e-01
9.929078221321105957e-01
9.891304373741149902e-01
9.879065752029418945e-01
9.928840398788452148e-01
9.950000047683715820e-01
9.962453246116638184e-01
9.832915663719177246e-01
9.966652989387512207e-01
9.837296605110168457e-01
9.916457533836364746e-01
9.995828270912170410e-01
9.949958324432373047e-01
9.882698059082031250e-01
9.903926253318786621e-01
9.820459485054016113e-01
9.949958324432373047e-01
1.000000000000000000e+00
1.000000000000000000e+00
1.000000000000000000e+00
1.000000000000000000e+00
9.991663098335266113e-01
9.571068286895751953e-01
9.954128265380859375e-01
9.958280920982360840e-01
9.995828270912170410e-01
9.979149103164672852e-01
9.794635176658630371e-01
9.945743083953857422e-01
9.920833110809326172e-01
9.920668005943298340e-01
