9.870779514312744141e-01
9.933305382728576660e-01
9.862442612648010254e-01
9.916632175445556641e-01
9.883284568786621094e-01
9.841600656509399414e-01
9.904126524925231934e-01
9.862442612648010254e-01
9.870779514312744141e-01
9.920800328254699707e-01
9.845768809318542480e-01
9.937474131584167480e-01
9.854105710983276367e-01
9.979158043861389160e-01
9.862442612648010254e-01
9.854105710983276367e-01
9.966652989387512207e-01
9.974989295005798340e-01
9.724885225296020508e-01
9.870779514312744141e-01
9.920800328254699707e-01
9.862442612648010254e-01
9.874947667121887207e-01
9.887453317642211914e-01
9.954147338867187500e-01
9.954147338867187500e-01
9.812421798706054688e-01
9.966652989387512207e-01
9.829095602035522461e-01
9.895789623260498047e-01
9.987494945526123047e-01
9.945811033248901367e-01
9.833263754844665527e-01
9.883284568786621094e-01
9.804084897041320801e-01
9.945811033248901367e-01
9.995831847190856934e-01
1.000000000000000000e+00
1.000000000000000000e+00
1.000000000000000000e+00
9.991663098335266113e-01
9.487286210060119629e-01
9.949979186058044434e-01
9.949979186058044434e-01
9.987494945526123047e-01
9.974989295005798340e-01
9.741559028625488281e-01
9.933305382728576660e-01
9.924968481063842773e-01
9.904126524925231934e-01
