5.770533270828315242e-01
2.286095647595775548e-01
1.691763326910031007e-01
1.271090275591069962e-01
1.318936652316855529e-01
1.049396604097922875e-01
1.043875732494963099e-01
9.610606290195256030e-02
9.097539892313848131e-02
1.081561948393666428e-01
8.859816918775723082e-02
8.358708266160956579e-02
7.262517095478468465e-02
8.262843592474375387e-02
8.344865943267784636e-02
7.671226153918099533e-02
7.006392511990054695e-02
7.735746043114026527e-02
6.790074247606965596e-02
6.656325008791041942e-02
6.996121509004596395e-02
6.416248642112941380e-02
6.093716646081927257e-02
5.808856326086450639e-02
6.148700229681823559e-02
5.341924495412229967e-02
5.687838425406945703e-02
5.317266507834259026e-02
5.140590294289853340e-02
5.066178894603731026e-02
4.981921645349982747e-02
5.361523746223391396e-02
4.827461881693019541e-02
5.009233009337937803e-02
4.337516545619319458e-02
4.591458404196493287e-02
4.103369849838364031e-02
4.698397865227520176e-02
4.057128117209099494e-02
3.817568225632510248e-02
3.868858273922767127e-02
3.486551911016851080e-02
3.653793633834756527e-02
3.587003506680686710e-02
3.517275913021906952e-02
3.439236201755466182e-02
3.039134536493750746e-02
3.365025147811429029e-02
3.145535349743500131e-02
3.314167626501390157e-02
3.430500391595081577e-02
2.987760997284794398e-02
3.122149553882395262e-02
3.041566390658376196e-02
2.804017539697268094e-02
2.539645589943227005e-02
3.259292756469159974e-02
2.549639178317898713e-02
2.531889946101505140e-02
2.492522928099803747e-02
2.592855637897018700e-02
2.330835440068113745e-02
2.343233494552730486e-02
2.310753773427302524e-02
2.188364351967676466e-02
2.270140510491522670e-02
2.292222521395814380e-02
2.355459151021647990e-02
2.390905685959104215e-02
1.784950294628361370e-02
1.907332253490769472e-02
1.947423630073099460e-02
2.303034402398554045e-02
1.736188915713707953e-02
1.901090142827079402e-02
1.515790501162488611e-02
1.332242993393767221e-02
1.837413230095743741e-02
1.416942258170524223e-02
1.494621043288430449e-02
1.431698319716792449e-02
1.358015685907346462e-02
1.451295746872339337e-02
1.443065309601719755e-02
1.229972836268124550e-02
1.649762458154187261e-02
1.372077437208268393e-02
2.128373956937839109e-02
1.649957345479638460e-02
1.085086108581113755e-02
9.037581698193231788e-03
1.083155177037446217e-02
1.144899124974664562e-02
1.420546061843712404e-02
6.721719674732591111e-03
6.276417374295865416e-03
1.917185663157014788e-02
1.187682743778897300e-02
1.301809612338689082e-02
1.247339567409761277e-02
8.439747989768394895e-03
7.149849324920323074e-03
5.839537350366376216e-03
1.085269860998111166e-02
1.052435006060289079e-02
9.668747171263425422e-03
1.006638243325826479e-02
9.580509280835142541e-03
6.891305239341491418e-03
8.148251038525119311e-03
5.493703505170017751e-03
1.021380606324984869e-02
6.409415861091578154e-03
6.831627428003962839e-03
8.383063290732859288e-03
5.182163383571498395e-03
4.685465562379826504e-03
8.181579709190867078e-03
1.365884046678689234e-02
9.489592645803651694e-03
5.122389145211236026e-03
7.737997910854491589e-03
3.597405217361516507e-03
3.791875095592996733e-03
9.964489344247552324e-03
5.823390781899114368e-03
9.627384114153998002e-03
1.649225512298954296e-02
1.177515149074183191e-02
3.059579716605502573e-03
2.657900170637708323e-03
5.142085898754208441e-03
2.430459065303741846e-03
3.464858586423445741e-03
1.898211755516129601e-03
8.709891278603868262e-03
1.245783919259811287e-02
9.251191439008611336e-03
6.879991712944530900e-03
2.081420966463427141e-03
4.020194053437253258e-03
3.105198516998731572e-03
8.782829672706571680e-03
3.732517019197754363e-03
3.136575962347913551e-03
1.505277061462796185e-03
1.280914470829053881e-03
1.212078599450247367e-03
1.267555885727716068e-03
2.901315707959486838e-03
