9.602648764848709106e-02
1.848739534616470337e-01
3.678160905838012695e-01
5.120275020599365234e-01
5.665528774261474609e-01
6.082802414894104004e-01
6.375839114189147949e-01
6.666666865348815918e-01
6.883116960525512695e-01
6.428571343421936035e-01
7.133550643920898438e-01
7.170417904853820801e-01
7.492163181304931641e-01
7.064515948295593262e-01
7.071651220321655273e-01
7.468354701995849609e-01
7.817589640617370605e-01
7.238095402717590332e-01
7.492354512214660645e-01
7.687296271324157715e-01
7.578616142272949219e-01
7.920489311218261719e-01
7.583081722259521484e-01
8.051118254661560059e-01
7.720364928245544434e-01
8.012232184410095215e-01
8.012618422508239746e-01
8.085106611251831055e-01
8.271604776382446289e-01
8.165137767791748047e-01
8.276923298835754395e-01
8.089552521705627441e-01
8.297872543334960938e-01
8.249999880790710449e-01
8.393939137458801270e-01
8.282208442687988281e-01
8.367952704429626465e-01
8.277945518493652344e-01
8.392857313156127930e-01
8.881987333297729492e-01
8.711656332015991211e-01
8.821752071380615234e-01
8.750000000000000000e-01
8.532934188842773438e-01
8.711656332015991211e-01
8.712574839591979980e-01
9.027355909347534180e-01
8.757575750350952148e-01
8.928571343421936035e-01
8.764705657958984375e-01
8.837920427322387695e-01
8.902077078819274902e-01
8.908554315567016602e-01
8.757396340370178223e-01
8.925372958183288574e-01
8.811594247817993164e-01
8.525073528289794922e-01
9.029411673545837402e-01
9.144542813301086426e-01
9.144542813301086426e-01
9.056047201156616211e-01
9.093567132949829102e-01
9.230769276618957520e-01
9.235293865203857422e-01
9.258159995079040527e-01
9.174041152000427246e-01
9.058823585510253906e-01
8.967551589012145996e-01
9.107142686843872070e-01
9.351032376289367676e-01
9.190751314163208008e-01
9.371257424354553223e-01
9.120234847068786621e-01
9.183673262596130371e-01
9.208211302757263184e-01
9.441176652908325195e-01
9.416909813880920410e-01
9.266862273216247559e-01
9.349112510681152344e-01
9.470587968826293945e-01
9.382352828979492188e-01
9.475218653678894043e-01
9.287749528884887695e-01
9.285714030265808105e-01
9.455587267875671387e-01
9.173789024353027344e-01
9.505813717842102051e-01
9.077810049057006836e-01
9.423630833625793457e-01
9.620991349220275879e-01
9.682080745697021484e-01
9.626436829566955566e-01
9.624277353286743164e-01
9.340974092483520508e-01
9.856733679771423340e-01
9.884726405143737793e-01
9.171428680419921875e-01
9.484240412712097168e-01
9.398280978202819824e-01
9.421965479850769043e-01
9.683908224105834961e-01
9.715909361839294434e-01
9.829059839248657227e-01
9.566473960876464844e-01
9.485714435577392578e-01
9.657142758369445801e-01
9.565217494964599609e-01
9.570200443267822266e-01
9.743589758872985840e-01
9.660056829452514648e-01
9.715909361839294434e-01
9.598853588104248047e-01
9.715099930763244629e-01
9.689265489578247070e-01
9.573863744735717773e-01
9.800570011138916016e-01
9.774011373519897461e-01
9.714285731315612793e-01
9.571428298950195312e-01
9.492957592010498047e-01
9.829059839248657227e-01
9.686609506607055664e-01
9.914772510528564453e-01
9.858757257461547852e-01
9.629629850387573242e-01
9.769452214241027832e-01
9.683908224105834961e-01
9.291784763336181641e-01
9.540230035781860352e-01
9.914529919624328613e-01
9.943019747734069824e-01
9.885057210922241211e-01
9.943502545356750488e-01
9.886685609817504883e-01
1.000000000000000000e+00
9.631727933883666992e-01
9.510086178779602051e-01
9.739884138107299805e-01
9.742857217788696289e-01
9.971751570701599121e-01
9.886363744735717773e-01
9.859550595283508301e-01
9.742857217788696289e-01
9.859550595283508301e-01
9.943019747734069824e-01
1.000000000000000000e+00
1.000000000000000000e+00
1.000000000000000000e+00
1.000000000000000000e+00
9.915013909339904785e-01
