7.575757801532745361e-02
3.711340129375457764e-01
2.842105329036712646e-01
5.104166865348815918e-01
5.876288414001464844e-01
6.037735939025878906e-01
5.048543810844421387e-01
5.779816508293151855e-01
5.940594077110290527e-01
6.836734414100646973e-01
6.339285969734191895e-01
6.851851940155029297e-01
6.792452931404113770e-01
7.047619223594665527e-01
6.700000166893005371e-01
6.915887594223022461e-01
6.880733966827392578e-01
7.254902124404907227e-01
7.450980544090270996e-01
7.524752616882324219e-01
6.513761281967163086e-01
6.818181872367858887e-01
7.904762029647827148e-01
7.522124052047729492e-01
7.636363506317138672e-01
7.798165082931518555e-01
7.809523940086364746e-01
7.818182110786437988e-01
7.946428656578063965e-01
7.788461446762084961e-01
7.909091114997863770e-01
7.787610888481140137e-01
7.962962985038757324e-01
8.333333134651184082e-01
8.256880640983581543e-01
7.247706651687622070e-01
7.980769276618957520e-01
7.631579041481018066e-01
8.598130941390991211e-01
8.260869383811950684e-01
8.558558821678161621e-01
8.303571343421936035e-01
8.839285969734191895e-01
8.532109856605529785e-01
8.750000000000000000e-01
8.558558821678161621e-01
8.839285969734191895e-01
8.468468189239501953e-01
8.849557638168334961e-01
8.660714030265808105e-01
8.818181753158569336e-01
8.434782624244689941e-01
8.378378152847290039e-01
8.454545736312866211e-01
9.203540086746215820e-01
9.298245906829833984e-01
8.495575189590454102e-01
8.695651888847351074e-01
8.623853325843811035e-01
8.421052694320678711e-01
9.196428656578063965e-01
8.849557638168334961e-01
8.660714030265808105e-01
8.706896305084228516e-01
9.545454382896423340e-01
9.310345053672790527e-01
9.285714030265808105e-01
8.999999761581420898e-01
9.210526347160339355e-01
8.750000000000000000e-01
8.956521749496459961e-01
9.391304254531860352e-01
9.561403393745422363e-01
9.310345053672790527e-01
9.652174115180969238e-01
9.642857313156127930e-01
9.652174115180969238e-01
9.298245906829833984e-01
8.695651888847351074e-01
8.938053250312805176e-01
8.869565129280090332e-01
9.565217494964599609e-01
9.553571343421936035e-01
9.449541568756103516e-01
8.974359035491943359e-01
9.380530714988708496e-01
9.652174115180969238e-01
9.652174115180969238e-01
9.826086759567260742e-01
9.561403393745422363e-01
9.636363387107849121e-01
8.849557638168334961e-01
9.122806787490844727e-01
9.824561476707458496e-01
9.380530714988708496e-01
9.385964870452880859e-01
9.652174115180969238e-01
9.913793206214904785e-01
1.000000000000000000e+00
9.913043379783630371e-01
9.385964870452880859e-01
9.391304254531860352e-01
9.568965435028076172e-01
9.734513163566589355e-01
9.739130139350891113e-01
9.099099040031433105e-01
9.646017551422119141e-01
9.122806787490844727e-01
9.059829115867614746e-01
9.642857313156127930e-01
9.491525292396545410e-01
1.000000000000000000e+00
1.000000000000000000e+00
1.000000000000000000e+00
1.000000000000000000e+00
1.000000000000000000e+00
9.196428656578063965e-01
8.706896305084228516e-01
9.487179517745971680e-01
9.385964870452880859e-01
9.565217494964599609e-01
9.827586412429809570e-01
9.734513163566589355e-01
9.487179517745971680e-01
9.473684430122375488e-01
8.644067645072937012e-01
9.823008775711059570e-01
9.316239356994628906e-01
9.913793206214904785e-01
1.000000000000000000e+00
1.000000000000000000e+00
1.000000000000000000e+00
1.000000000000000000e+00
1.000000000000000000e+00
1.000000000000000000e+00
1.000000000000000000e+00
1.000000000000000000e+00
1.000000000000000000e+00
9.739130139350891113e-01
9.189189076423645020e-01
9.380530714988708496e-01
9.482758641242980957e-01
9.561403393745422363e-01
9.826086759567260742e-01
9.639639854431152344e-01
9.380530714988708496e-01
9.401709437370300293e-01
9.658119678497314453e-01
9.734513163566589355e-01
9.826086759567260742e-01
