4.293580269127459520e-02
3.107323567532866912e-02
2.884419236904179826e-02
2.798346099849111784e-02
2.303462668825513940e-02
1.674599129079712770e-02
1.681740776033063475e-02
1.378381062522446819e-02
1.640264347501657269e-02
1.659303860810433170e-02
1.318116242653062480e-02
1.300378744174992066e-02
9.705822598291887621e-03
1.755613926165296851e-02
1.582576944989012163e-02
1.503526637068202353e-02
1.170698000715545556e-02
4.514204073626720132e-03
7.625231578637512581e-03
8.990500639593855536e-03
1.088836018206469636e-02
6.823478888509401478e-03
8.252695162004180032e-03
1.010154934336024088e-02
1.183826771090984269e-02
9.780990544779284007e-03
1.834626966107534216e-02
6.728515572954607386e-03
3.414639613179190712e-03
3.399219523688154672e-03
6.195980909738099326e-03
2.014135611782146701e-02
1.274328009040153267e-02
4.459934653862747400e-03
2.498128173209188379e-03
1.947843864066441544e-03
1.793930221316075930e-03
1.417355953503631957e-02
1.327931339026720836e-02
1.113267270675916999e-02
8.771598216908359572e-03
1.123346684827351491e-02
1.239361286762737623e-02
3.290818320709366657e-03
2.303772037570013878e-03
2.399425416274822941e-03
1.728248055214032936e-03
1.597819812320358437e-03
1.540535625147983288e-03
1.513302773355225785e-03
