9.075144529342651367e-01
9.327485561370849609e-01
9.310345053672790527e-01
9.331395626068115234e-01
9.310345053672790527e-01
9.428571462631225586e-01
9.435028433799743652e-01
9.571428298950195312e-01
9.575070738792419434e-01
9.515669345855712891e-01
9.549295902252197266e-01
9.631727933883666992e-01
9.611111283302307129e-01
9.512894153594970703e-01
9.515669345855712891e-01
9.466292262077331543e-01
9.743589758872985840e-01
9.943977594375610352e-01
9.832402467727661133e-01
9.745042324066162109e-01
9.550561904907226562e-01
9.804469347000122070e-01
9.802817106246948242e-01
9.579831957817077637e-01
9.634831547737121582e-01
9.690141081809997559e-01
9.408450722694396973e-01
9.805014133453369141e-01
9.972066879272460938e-01
9.917126893997192383e-01
9.805014133453369141e-01
9.323943853378295898e-01
9.662921428680419922e-01
9.943661689758300781e-01
1.000000000000000000e+00
1.000000000000000000e+00
1.000000000000000000e+00
9.691876769065856934e-01
9.598853588104248047e-01
9.577465057373046875e-01
9.635854363441467285e-01
9.773371219635009766e-01
9.632768630981445312e-01
9.943661689758300781e-01
9.972222447395324707e-01
9.944444298744201660e-01
1.000000000000000000e+00
1.000000000000000000e+00
1.000000000000000000e+00
1.000000000000000000e+00
