1.055066519822270635e-02
6.869370477884514589e-03
3.056110277735083532e-03
6.250481925353695151e-03
1.562015378266191044e-02
4.597721090803324855e-03
9.570734764296566152e-03
3.316784319310239412e-03
1.105175022264084234e-02
1.713037808916342830e-02
2.529474256300815078e-03
2.603691996982588058e-03
8.385586991348101260e-03
9.033249253047959462e-03
6.122867475603175486e-03
1.142978207949405488e-02
4.691784762206136807e-03
6.449778438669608212e-03
6.268603684624390361e-03
5.568362397749377149e-03
1.270697225748913285e-02
8.939214693014212870e-03
1.960061427082480847e-03
3.198194532914491739e-03
1.998521040425245421e-02
7.277919506736894514e-03
5.597355723621169100e-03
3.233989704821740516e-03
3.736171391031705650e-03
5.079174078508292417e-03
1.115683850256240714e-02
9.172909009667584365e-03
3.273510296957077292e-03
6.061962534122752487e-04
4.568698899995275189e-04
4.129507217793711702e-04
3.919843541396336403e-04
3.725613424856367875e-04
3.502856729202453350e-04
3.272906855078622722e-04
3.099287687370782304e-04
2.913331550282084888e-04
1.746827351026782353e-03
5.207759272382123106e-02
4.675357094077824301e-03
3.263643472780943400e-03
2.468896327350244072e-03
1.634068037736850429e-02
6.961376854391232265e-03
4.254228783074220574e-03
