9.833055138587951660e-01
9.883236289024353027e-01
9.954128265380859375e-01
9.937317371368408203e-01
9.832705855369567871e-01
9.929137229919433594e-01
9.861924648284912109e-01
9.949958324432373047e-01
9.862097501754760742e-01
9.790707230567932129e-01
9.966638684272766113e-01
9.974968433380126953e-01
9.899749159812927246e-01
9.887264966964721680e-01
9.920601844787597656e-01
9.845317602157592773e-01
9.958193898200988770e-01
9.924812316894531250e-01
9.891936779022216797e-01
9.933193922042846680e-01
9.828667044639587402e-01
9.895485043525695801e-01
9.979131817817687988e-01
9.945811033248901367e-01
9.774906039237976074e-01
9.887312054634094238e-01
9.916666746139526367e-01
9.945833086967468262e-01
9.945901036262512207e-01
9.916735887527465820e-01
9.874424338340759277e-01
9.887453317642211914e-01
9.970796704292297363e-01
1.000000000000000000e+00
1.000000000000000000e+00
1.000000000000000000e+00
1.000000000000000000e+00
1.000000000000000000e+00
1.000000000000000000e+00
1.000000000000000000e+00
1.000000000000000000e+00
1.000000000000000000e+00
9.991659522056579590e-01
9.414983391761779785e-01
9.941373467445373535e-01
9.958280920982360840e-01
9.974937438964843750e-01
9.740911126136779785e-01
9.887123703956604004e-01
9.920932054519653320e-01
