6.810035556554794312e-02
2.096069902181625366e-01
3.360655605792999268e-01
4.360902309417724609e-01
5.636363625526428223e-01
5.830388665199279785e-01
6.520146727561950684e-01
6.271777153015136719e-01
6.815286874771118164e-01
6.655737757682800293e-01
7.458745837211608887e-01
7.483870983123779297e-01
8.065573573112487793e-01
7.709677219390869141e-01
7.730262875556945801e-01
7.664473652839660645e-01
7.817589640617370605e-01
8.167202472686767578e-01
8.065573573112487793e-01
7.968254089355468750e-01
8.158730268478393555e-01
8.210862874984741211e-01
8.498402833938598633e-01
8.107255697250366211e-01
8.235294222831726074e-01
8.726114630699157715e-01
8.233438730239868164e-01
8.643532991409301758e-01
8.318042755126953125e-01
8.557993769645690918e-01
8.881788849830627441e-01
8.435583114624023438e-01
8.575949072837829590e-01
8.503184914588928223e-01
8.792569637298583984e-01
8.567073345184326172e-01
8.857142925262451172e-01
8.648648858070373535e-01
8.691588640213012695e-01
8.929663896560668945e-01
8.808777332305908203e-01
8.823529481887817383e-01
8.885449171066284180e-01
8.672839403152465820e-01
8.532109856605529785e-01
8.746177554130554199e-01
8.722741603851318359e-01
9.009287953376770020e-01
8.957055211067199707e-01
8.902438879013061523e-01
8.926380276679992676e-01
8.944099545478820801e-01
9.076923131942749023e-01
8.929663896560668945e-01
9.062500000000000000e-01
8.757575750350952148e-01
9.228395223617553711e-01
8.936170339584350586e-01
9.345794320106506348e-01
8.619632124900817871e-01
9.118540883064270020e-01
9.041916131973266602e-01
9.359756112098693848e-01
9.093655347824096680e-01
9.392096996307373047e-01
9.181818366050720215e-01
9.329268336296081543e-01
9.151515364646911621e-01
9.476923346519470215e-01
9.030302762985229492e-01
9.237805008888244629e-01
9.107142686843872070e-01
8.958333134651184082e-01
9.289940595626831055e-01
9.337349534034729004e-01
9.461078047752380371e-01
9.427710771560668945e-01
9.487951993942260742e-01
9.131736755371093750e-01
9.260355234146118164e-01
9.226190447807312012e-01
9.139465689659118652e-01
9.472140669822692871e-01
9.613095521926879883e-01
9.548192620277404785e-01
9.529411792755126953e-01
9.556213021278381348e-01
9.583333134651184082e-01
9.589442610740661621e-01
9.404761791229248047e-01
9.614243507385253906e-01
9.642857313156127930e-01
9.584569931030273438e-01
9.558823704719543457e-01
9.495549201965332031e-01
9.705014824867248535e-01
9.437869787216186523e-01
9.317507147789001465e-01
9.643917083740234375e-01
9.413489699363708496e-01
9.729729890823364258e-01
9.675516486167907715e-01
9.882006049156188965e-01
9.762611389160156250e-01
9.766082167625427246e-01
9.792284965515136719e-01
9.880952239036560059e-01
9.557521939277648926e-01
9.373134374618530273e-01
9.673590660095214844e-01
9.706745147705078125e-01
9.764011502265930176e-01
9.679300189018249512e-01
9.643917083740234375e-01
9.793510437011718750e-01
9.584569931030273438e-01
9.705014824867248535e-01
9.588235020637512207e-01
9.704142212867736816e-01
9.762611389160156250e-01
9.793510437011718750e-01
9.941176176071166992e-01
1.000000000000000000e+00
9.970674514770507812e-01
9.646017551422119141e-01
9.643917083740234375e-01
9.525222778320312500e-01
9.764011502265930176e-01
9.824561476707458496e-01
9.940476417541503906e-01
9.882006049156188965e-01
9.791044592857360840e-01
9.852070808410644531e-01
9.791044592857360840e-01
9.675516486167907715e-01
9.883040785789489746e-01
9.911504387855529785e-01
1.000000000000000000e+00
9.736070632934570312e-01
9.577039480209350586e-01
9.647058844566345215e-01
9.795321822166442871e-01
9.883040785789489746e-01
9.705014824867248535e-01
9.764705896377563477e-01
9.912023544311523438e-01
1.000000000000000000e+00
9.970588088035583496e-01
9.970414042472839355e-01
1.000000000000000000e+00
