6.186082618513133458e-01
2.764454309398504672e-01
2.097761089629864295e-01
2.171684533362598368e-01
2.041851953244503970e-01
1.583917575708574110e-01
1.673074000303701181e-01
1.531531994118956741e-01
1.396978997701562308e-01
1.448840354978017664e-01
1.336413824970146547e-01
1.336160981914861212e-01
1.286576017161777941e-01
1.314821555509828599e-01
1.225799515738848072e-01
1.091176947668396346e-01
1.143723326658735578e-01
1.210701682874841811e-01
1.153627357448068630e-01
1.049168160788675613e-01
1.081517807789912911e-01
1.057403436743309805e-01
1.072026024397767785e-01
1.043596316726670969e-01
1.085744948067803445e-01
9.050433593446285951e-02
1.038838310591434083e-01
9.100974817505697034e-02
8.817173708001568855e-02
8.713528162879194405e-02
8.528375248476435799e-02
8.105648634679149533e-02
8.805782681872890982e-02
7.650431505757013251e-02
6.948991054716471827e-02
7.728011369012756371e-02
7.558057420307319474e-02
8.202443480184230806e-02
7.198671629213827805e-02
6.248838049527246502e-02
6.622626617536693516e-02
6.089425923819730135e-02
7.407370518851311147e-02
5.847196049934131473e-02
5.766465943144891138e-02
5.538878119905735198e-02
5.716521227896427526e-02
7.567029052132340228e-02
5.800240779200509927e-02
5.160392200007846847e-02
5.302077003372827890e-02
5.954543928043482676e-02
5.133793077879739847e-02
5.113857225110076538e-02
6.868018346875134905e-02
4.889370032412618250e-02
4.157240964596128213e-02
4.199221952410194664e-02
3.946804810163066779e-02
3.896638716975593664e-02
3.856906519839810310e-02
3.560848693388026648e-02
4.540316389395555874e-02
3.890767539084794002e-02
3.814334066871422763e-02
3.699999927023264745e-02
3.510224011990446813e-02
2.807161641921445197e-02
3.222237160708374404e-02
2.694043720855588200e-02
2.387015504086887827e-02
2.792518035335075574e-02
2.594364180904702374e-02
2.663397351228127471e-02
2.112668539414297789e-02
2.980144917796141366e-02
2.329333543263772260e-02
1.990587380656375777e-02
1.779973887515070088e-02
5.474194651395692529e-02
2.404161575642754095e-02
2.042269823505041965e-02
1.605140313449809897e-02
1.603033551731595022e-02
1.423183582915425738e-02
1.450933349020651526e-02
1.274077290645592511e-02
1.785488865621559854e-02
2.480148371318531900e-02
1.670938754944457580e-02
2.535382668709182039e-02
1.978886388316918390e-02
1.178784150617634419e-02
8.500754947293477290e-03
1.070867022170410646e-02
1.671116892435076801e-02
9.709951245735225223e-03
7.742475660251475419e-03
2.096229055759888174e-02
1.486272286947069518e-02
1.127119018006838072e-02
1.303505593692859052e-02
1.571188642913151287e-02
1.224340448363452419e-02
6.676213057596754041e-03
5.117569162045101927e-03
1.700942584022613335e-02
2.058170237825808838e-02
8.986600990613533013e-03
1.819303355469943650e-02
8.390260363198492194e-03
3.609554093917754711e-03
3.251364798710007931e-03
2.913064237743595141e-03
8.277355331618264228e-03
2.643561157120465771e-02
2.837465846522769022e-02
8.019527651394540990e-03
1.039457628634509953e-02
6.169367164395100217e-03
4.087518912660399566e-03
4.740913274126938408e-03
2.108875372396746325e-03
4.451551896362910751e-03
2.991893079167933997e-02
1.048519337748702457e-02
1.445168197088647979e-02
5.388649404416843459e-03
5.337415044178837539e-03
2.843326211157975406e-03
3.918251252649085012e-03
2.092335862422604973e-03
2.188731016934846504e-03
2.042778222429226381e-03
1.574045412229500146e-03
1.533485630683953643e-03
1.498108036955122287e-03
1.508563355250091371e-03
2.568614670778615605e-02
4.370092293048450510e-02
9.292438670918643645e-03
9.303885510964973043e-03
1.733292152008834852e-02
2.911696585239764018e-02
7.039359501461658029e-03
2.684212405815864476e-03
1.734954354425667124e-03
4.569758077838216928e-03
2.927839193546955161e-03
4.251124741701531144e-03
