1.580310910940170288e-01
2.809278368949890137e-01
3.824289441108703613e-01
3.901808857917785645e-01
4.293193817138671875e-01
5.236768722534179688e-01
5.055865645408630371e-01
5.583333373069763184e-01
5.683646202087402344e-01
5.640326738357543945e-01
6.068376302719116211e-01
5.896739363670349121e-01
6.280992031097412109e-01
6.092896461486816406e-01
6.549865007400512695e-01
6.748633980751037598e-01
6.639999747276306152e-01
6.487935781478881836e-01
6.181818246841430664e-01
7.038043737411499023e-01
7.082228064537048340e-01
6.847545504570007324e-01
7.029177546501159668e-01
6.843501329421997070e-01
6.571428775787353516e-01
7.235141992568969727e-01
6.824147105216979980e-01
7.441253066062927246e-01
7.324675321578979492e-01
7.500000000000000000e-01
7.487309575080871582e-01
7.720206975936889648e-01
7.384615540504455566e-01
8.129870295524597168e-01
7.964823842048645020e-01
7.805486321449279785e-01
7.722772359848022461e-01
7.344912886619567871e-01
7.960687875747680664e-01
8.545918464660644531e-01
8.421052694320678711e-01
8.424999713897705078e-01
7.989949584007263184e-01
8.488665223121643066e-01
8.574938774108886719e-01
8.658227920532226562e-01
8.564356565475463867e-01
7.913485765457153320e-01
8.410757780075073242e-01
8.540145754814147949e-01
8.508557677268981934e-01
8.325471878051757812e-01
8.663484454154968262e-01
8.544152975082397461e-01
8.220551609992980957e-01
8.584905862808227539e-01
8.804597854614257812e-01
8.803827762603759766e-01
8.758782148361206055e-01
9.075829386711120605e-01
8.922716379165649414e-01
9.042056202888488770e-01
8.752940893173217773e-01
8.990610241889953613e-01
8.698630332946777344e-01
8.929384946823120117e-01
9.174311757087707520e-01
9.185520410537719727e-01
9.050925970077514648e-01
9.279279112815856934e-01
9.379157423973083496e-01
9.127516746520996094e-01
9.269911646842956543e-01
9.232505559921264648e-01
9.528089761734008789e-01
9.272727370262145996e-01
9.330357313156127930e-01
9.485458731651306152e-01
9.451754093170166016e-01
8.220720887184143066e-01
9.252747297286987305e-01
9.388646483421325684e-01
9.578713774681091309e-01
9.562363028526306152e-01
9.542483687400817871e-01
9.566160440444946289e-01
9.782608747482299805e-01
9.452953934669494629e-01
9.354120492935180664e-01
9.473684430122375488e-01
9.352678656578063965e-01
9.410480260848999023e-01
9.694989323616027832e-01
9.744681119918823242e-01
9.702127575874328613e-01
9.452953934669494629e-01
9.721029996871948242e-01
9.764453768730163574e-01
9.287257194519042969e-01
9.462365508079528809e-01
9.655913710594177246e-01
9.632034897804260254e-01
9.521738886833190918e-01
9.552238583564758301e-01
9.827957153320312500e-01
9.872340559959411621e-01
9.465811848640441895e-01
9.413043260574340820e-01
9.701492786407470703e-01
9.439654946327209473e-01
9.701492786407470703e-01
9.957537055015563965e-01
9.957627058029174805e-01
1.000000000000000000e+00
9.829059839248657227e-01
9.157667160034179688e-01
9.152173995971679688e-01
9.744136333465576172e-01
9.850106835365295410e-01
9.829787015914916992e-01
9.915074110031127930e-01
9.893389940261840820e-01
1.000000000000000000e+00
9.957173466682434082e-01
9.017093777656555176e-01
9.614561200141906738e-01
9.570815563201904297e-01
9.872340559959411621e-01
9.851379990577697754e-01
9.957537055015563965e-01
9.935897588729858398e-01
1.000000000000000000e+00
1.000000000000000000e+00
9.957805871963500977e-01
1.000000000000000000e+00
1.000000000000000000e+00
1.000000000000000000e+00
1.000000000000000000e+00
9.357602000236511230e-01
8.822222352027893066e-01
9.700854420661926270e-01
9.763441085815429688e-01
9.546436071395874023e-01
9.299781322479248047e-01
9.763948321342468262e-01
9.978678226470947266e-01
1.000000000000000000e+00
9.830148816108703613e-01
9.978632330894470215e-01
9.872881174087524414e-01
