1.292372941970825195e-01
2.309322059154510498e-01
3.135593235492706299e-01
3.199152648448944092e-01
3.474576175212860107e-01
3.983050882816314697e-01
3.834745883941650391e-01
4.258474707603454590e-01
4.491525292396545410e-01
4.385593235492706299e-01
4.512711763381958008e-01
4.597457647323608398e-01
4.830508530139923096e-01
4.724576175212860107e-01
5.148305296897888184e-01
5.233050584793090820e-01
5.275423526763916016e-01
5.127118825912475586e-01
5.042372941970825195e-01
5.487288236618041992e-01
5.656779408454895020e-01
5.614407062530517578e-01
5.614407062530517578e-01
5.466101765632629395e-01
5.360169410705566406e-01
5.932203531265258789e-01
5.508474707603454590e-01
6.038135886192321777e-01
5.974576473236083984e-01
6.165254116058349609e-01
6.250000000000000000e-01
6.313559412956237793e-01
6.101694703102111816e-01
6.631355881690979004e-01
6.716101765632629395e-01
6.631355881690979004e-01
6.610169410705566406e-01
6.271186470985412598e-01
6.864407062530517578e-01
7.097457647323608398e-01
7.118644118309020996e-01
7.139830589294433594e-01
6.737288236618041992e-01
7.139830589294433594e-01
7.394067645072937012e-01
7.245762944221496582e-01
7.330508232116699219e-01
6.588982939720153809e-01
7.288135886192321777e-01
7.436440587043762207e-01
7.372881174087524414e-01
7.478813529014587402e-01
7.690678238868713379e-01
7.584745883941650391e-01
6.949152350425720215e-01
7.711864113807678223e-01
8.114407062530517578e-01
7.796609997749328613e-01
7.923728823661804199e-01
8.114407062530517578e-01
8.072034120559692383e-01
8.199152350425720215e-01
7.881355881690979004e-01
8.114407062530517578e-01
8.072034120559692383e-01
8.305084705352783203e-01
8.474576473236083984e-01
8.601694703102111816e-01
8.283898234367370605e-01
8.728813529014587402e-01
8.961864113807678223e-01
8.644067645072937012e-01
8.877118825912475586e-01
8.665254116058349609e-01
8.983050584793090820e-01
8.644067645072937012e-01
8.855932354927062988e-01
8.983050584793090820e-01
9.131355881690979004e-01
7.733050584793090820e-01
8.919491767883300781e-01
9.110169410705566406e-01
9.152542352676391602e-01
9.258474707603454590e-01
9.279661178588867188e-01
9.343220591545104980e-01
9.533898234367370605e-01
9.152542352676391602e-01
8.898305296897888184e-01
9.152542352676391602e-01
8.877118825912475586e-01
9.131355881690979004e-01
9.427965879440307617e-01
9.703390002250671387e-01
9.661017060279846191e-01
9.152542352676391602e-01
9.597457647323608398e-01
9.661017060279846191e-01
9.110169410705566406e-01
9.322034120559692383e-01
9.512711763381958008e-01
9.427965879440307617e-01
9.279661178588867188e-01
9.491525292396545410e-01
9.682203531265258789e-01
9.830508232116699219e-01
9.385592937469482422e-01
9.173728823661804199e-01
9.639830589294433594e-01
9.279661178588867188e-01
9.639830589294433594e-01
9.936440587043762207e-01
9.957627058029174805e-01
9.957627058029174805e-01
9.745762944221496582e-01
8.983050584793090820e-01
8.919491767883300781e-01
9.682203531265258789e-01
9.745762944221496582e-01
9.788135886192321777e-01
9.894067645072937012e-01
9.830508232116699219e-01
1.000000000000000000e+00
9.851694703102111816e-01
8.940678238868713379e-01
9.512711763381958008e-01
9.449152350425720215e-01
9.830508232116699219e-01
9.830508232116699219e-01
9.936440587043762207e-01
9.851694703102111816e-01
9.957627058029174805e-01
9.978813529014587402e-01
1.000000000000000000e+00
1.000000000000000000e+00
1.000000000000000000e+00
1.000000000000000000e+00
1.000000000000000000e+00
9.258474707603454590e-01
8.411017060279846191e-01
9.618644118309020996e-01
9.618644118309020996e-01
9.364407062530517578e-01
9.004237055778503418e-01
9.639830589294433594e-01
9.915254116058349609e-01
1.000000000000000000e+00
9.809321761131286621e-01
9.894067645072937012e-01
9.872881174087524414e-01
