1.406098671161582769e-01
5.462067454687066781e-02
4.257272897332860934e-02
4.119566671534923008e-02
3.882314753601628921e-02
3.077394112216039201e-02
2.862752522160936716e-02
3.436187265817123443e-02
2.773224407523742358e-02
2.783452860701487661e-02
2.443553763248166102e-02
2.177495624792991774e-02
2.511253576576128257e-02
2.552278866292143414e-02
2.243211126500688213e-02
2.332566335150587991e-02
2.388340922194347182e-02
2.461521975521171329e-02
2.566256878865090171e-02
2.211793985751087446e-02
2.312410825913579354e-02
2.170178700744103059e-02
2.357299546343353744e-02
2.217844120320977205e-02
2.187422687532715113e-02
2.270635803053323160e-02
2.139733655876949192e-02
2.102857019783056086e-02
2.094936622427801681e-02
2.162154378015252593e-02
1.882199747770612816e-02
2.135825246041377773e-02
1.950998200556831874e-02
1.872907127041228623e-02
1.605156427018822676e-02
1.810521520676929702e-02
1.732950783477377882e-02
2.042226679021580393e-02
1.472449400173985422e-02
1.589101105254958970e-02
1.732363726866346237e-02
1.700808121246212556e-02
1.748595834620659401e-02
1.792297625133229544e-02
1.618507031264567950e-02
1.648873670781333609e-02
1.573214096788152008e-02
1.923822224646974666e-02
1.450619426287537081e-02
1.384109653948376907e-02
1.438788357421277517e-02
1.310040499374060842e-02
1.269231605096284368e-02
1.160980213057337743e-02
1.500081571509544014e-02
1.343700962697752868e-02
1.181507701223391375e-02
1.206966845298963059e-02
1.201581856598950629e-02
1.722916640533315308e-02
1.136010642204781512e-02
1.035489199190983527e-02
1.068905860321170929e-02
9.333172710136580438e-03
1.147773559830977605e-02
9.083390458549120763e-03
9.379725419978540008e-03
9.890359328210779344e-03
9.686137140203832097e-03
1.281153912152341832e-02
7.148431119366245416e-03
8.242473284445529791e-03
8.551358614794510662e-03
1.016589168359888044e-02
9.061215541506075291e-03
1.013280527015269009e-02
8.708893605987796938e-03
7.877173182134170060e-03
7.651469906845413151e-03
7.098018593389929416e-03
7.613778217127622171e-03
7.134803669333462245e-03
7.154389417504778727e-03
5.437085256785967845e-03
8.486548830481100564e-03
8.378491204567009229e-03
6.906612816827060325e-03
6.147074859481082426e-03
5.966401265676316533e-03
6.593592710790592733e-03
4.672132001828760081e-03
5.956399853482787290e-03
5.070222280892443083e-03
6.620369666328016281e-03
8.168624162072504052e-03
3.841092514313217826e-03
4.805382776072040368e-03
4.297842892044875969e-03
5.007109602091032452e-03
5.287372460148203647e-03
6.416795396719420647e-03
5.151918610601487897e-03
6.209047604047699537e-03
5.009012435830363305e-03
4.889622667292578551e-03
6.058026534749530456e-03
4.771425672721153234e-03
3.960187005340985895e-03
4.215767020778973632e-03
4.782619971410965662e-03
7.941388489580925025e-03
3.966109186741425055e-03
3.859446779591194435e-03
5.016001036729690436e-03
2.413149197164142501e-03
2.303589816202817556e-03
5.256142386990067701e-03
4.227521544769147037e-03
1.022207480875311075e-02
3.180174894850654969e-03
2.040379566032808015e-03
2.527916722169738350e-03
2.426990190568758220e-03
1.828385006208168391e-03
2.378951585905011816e-03
4.139992566575400636e-03
2.444080743787295593e-03
1.581738683649487349e-03
1.329230423679715698e-03
1.940870471798916697e-03
5.828296890517977238e-03
6.052785966217940489e-03
4.090131291985167269e-03
3.795302470471868892e-03
3.851941847134519002e-03
3.657777229731790525e-03
4.669555799692673773e-03
5.317454177589595044e-03
3.237745638449526960e-03
2.805102902603438027e-03
2.003427234892691134e-03
5.684479212260730788e-03
3.979776614277744963e-03
1.622879512691083412e-03
1.325235432319692977e-03
7.578220544813621395e-04
1.770096299992034551e-03
1.384335017953176915e-03
2.234704286393656737e-03
2.018574072805304296e-03
