8.986486196517944336e-01
9.256756901741027832e-01
9.194630980491638184e-01
9.399999976158142090e-01
9.527027010917663574e-01
9.473684430122375488e-01
9.664429426193237305e-01
9.599999785423278809e-01
9.480519294738769531e-01
9.735099077224731445e-01
1.000000000000000000e+00
9.666666388511657715e-01
9.662162065505981445e-01
9.536423683166503906e-01
9.801324605941772461e-01
9.346405267715454102e-01
9.673202633857727051e-01
9.933333396911621094e-01
9.350649118423461914e-01
9.539473652839660645e-01
9.548386931419372559e-01
9.800000190734863281e-01
9.934210777282714844e-01
9.803921580314636230e-01
9.933333396911621094e-01
9.868420958518981934e-01
9.934210777282714844e-01
1.000000000000000000e+00
1.000000000000000000e+00
1.000000000000000000e+00
1.000000000000000000e+00
1.000000000000000000e+00
1.000000000000000000e+00
1.000000000000000000e+00
1.000000000000000000e+00
1.000000000000000000e+00
1.000000000000000000e+00
1.000000000000000000e+00
1.000000000000000000e+00
1.000000000000000000e+00
1.000000000000000000e+00
1.000000000000000000e+00
1.000000000000000000e+00
1.000000000000000000e+00
1.000000000000000000e+00
9.328858852386474609e-01
9.210526347160339355e-01
9.542483687400817871e-01
9.666666388511657715e-01
9.539473652839660645e-01
