9.523809887468814850e-03
1.700000017881393433e-01
2.551020383834838867e-01
3.076923191547393799e-01
4.269662797451019287e-01
4.591836631298065186e-01
4.615384638309478760e-01
5.000000000000000000e-01
5.252525210380554199e-01
5.842696428298950195e-01
5.977011322975158691e-01
5.408163070678710938e-01
5.777778029441833496e-01
6.741573214530944824e-01
6.145833134651184082e-01
6.326530575752258301e-01
6.464646458625793457e-01
6.966292262077331543e-01
6.421052813529968262e-01
6.969696879386901855e-01
5.918367505073547363e-01
6.262626051902770996e-01
7.391304373741149902e-01
6.804123520851135254e-01
7.526881694793701172e-01
7.171717286109924316e-01
7.500000000000000000e-01
7.291666865348815918e-01
7.448979616165161133e-01
7.812500000000000000e-01
7.500000000000000000e-01
7.666666507720947266e-01
7.623762488365173340e-01
7.900000214576721191e-01
7.326732873916625977e-01
8.055555820465087891e-01
7.789473533630371094e-01
8.019801974296569824e-01
8.380952477455139160e-01
7.307692170143127441e-01
8.100000023841857910e-01
8.224298954010009766e-01
8.666666746139526367e-01
8.113207817077636719e-01
8.365384340286254883e-01
8.666666746139526367e-01
7.788461446762084961e-01
8.317757248878479004e-01
7.884615659713745117e-01
8.990825414657592773e-01
8.224298954010009766e-01
8.811880946159362793e-01
8.037382960319519043e-01
8.942307829856872559e-01
8.333333134651184082e-01
8.857142925262451172e-01
8.584905862808227539e-01
7.962962985038757324e-01
8.623853325843811035e-01
9.528301954269409180e-01
8.773584961891174316e-01
8.785046935081481934e-01
8.504672646522521973e-01
9.252336621284484863e-01
8.666666746139526367e-01
9.056603908538818359e-01
8.333333134651184082e-01
8.807339668273925781e-01
8.348624110221862793e-01
9.528301954269409180e-01
8.454545736312866211e-01
9.629629850387573242e-01
8.899082541465759277e-01
9.266055226325988770e-01
9.454545378684997559e-01
9.339622855186462402e-01
8.918918967247009277e-01
9.047619104385375977e-01
8.818181753158569336e-01
9.166666865348815918e-01
9.181818366050720215e-01
8.828828930854797363e-01
8.888888955116271973e-01
9.279279112815856934e-01
9.727272987365722656e-01
9.722222089767456055e-01
9.369369149208068848e-01
9.181818366050720215e-01
9.272727370262145996e-01
9.252336621284484863e-01
9.642857313156127930e-01
9.819819927215576172e-01
9.545454382896423340e-01
9.238095283508300781e-01
8.518518805503845215e-01
8.571428656578063965e-01
9.158878326416015625e-01
9.266055226325988770e-01
9.357798099517822266e-01
9.541284441947937012e-01
9.357798099517822266e-01
9.549549818038940430e-01
9.724770784378051758e-01
9.107142686843872070e-01
9.906542301177978516e-01
9.009009003639221191e-01
9.369369149208068848e-01
9.259259104728698730e-01
9.545454382896423340e-01
9.639639854431152344e-01
9.724770784378051758e-01
9.549549818038940430e-01
9.449541568756103516e-01
9.298245906829833984e-01
9.363636374473571777e-01
9.099099040031433105e-01
9.727272987365722656e-01
9.909909963607788086e-01
9.115044474601745605e-01
8.785046935081481934e-01
9.428571462631225586e-01
9.363636374473571777e-01
9.642857313156127930e-01
9.357798099517822266e-01
9.646017551422119141e-01
9.816513657569885254e-01
9.369369149208068848e-01
9.818181991577148438e-01
9.464285969734191895e-01
8.660714030265808105e-01
8.818181753158569336e-01
9.541284441947937012e-01
9.363636374473571777e-01
9.639639854431152344e-01
9.549549818038940430e-01
9.819819927215576172e-01
9.819819927215576172e-01
9.909090995788574219e-01
9.636363387107849121e-01
9.816513657569885254e-01
9.727272987365722656e-01
9.819819927215576172e-01
9.823008775711059570e-01
9.819819927215576172e-01
9.181818366050720215e-01
9.537037014961242676e-01
9.464285969734191895e-01
9.818181991577148438e-01
9.816513657569885254e-01
9.909090995788574219e-01
