9.286631997803795890e-01
3.388144511253818880e-01
2.776005107421109508e-01
2.327066333310691959e-01
2.207762077010414492e-01
2.275470554197598361e-01
2.013471089910146006e-01
1.936735927544157576e-01
1.900170639102173875e-01
1.788849205353961747e-01
1.791015119085968277e-01
1.708577965510591490e-01
1.689433999911772455e-01
1.651614093070021272e-01
1.532486600760086803e-01
1.491413781663087079e-01
1.448419056856549703e-01
1.468252327452027606e-01
1.342604101351078105e-01
1.355683443222561180e-01
1.302092227799850066e-01
1.253767757251211812e-01
1.272886739966541947e-01
1.198151544008263514e-01
1.173155530064384500e-01
1.195313733095956787e-01
1.113026630730697686e-01
1.120406484507831119e-01
1.108302643947989830e-01
1.088532363962884386e-01
1.013575363672189200e-01
1.063572102889556031e-01
1.112622649315146706e-01
1.023836130496253716e-01
9.779223950307402990e-02
9.841279824694745826e-02
9.935850707189308739e-02
9.619627565853834661e-02
9.540549634422310077e-02
9.257764463700239588e-02
9.098907618304388767e-02
9.133914866877877736e-02
8.914116612568670495e-02
9.093577516155484930e-02
8.752723069930987143e-02
8.660216277456592171e-02
8.475719785681373741e-02
8.377842870172054479e-02
8.522296584345885606e-02
8.088319559484838384e-02
7.969272810405217400e-02
8.195076587781131849e-02
8.075067048262046798e-02
7.959691699931006892e-02
7.814406331927452320e-02
7.794827444100820013e-02
7.510415878398893352e-02
7.374211281998621637e-02
7.168940090603191650e-02
6.991019397321426854e-02
6.804456890188181895e-02
6.449257038149421029e-02
6.672147912349049581e-02
6.509825192338651589e-02
6.338050177613789582e-02
6.290249624301649800e-02
6.366106566063724215e-02
5.924748202884925347e-02
5.999827441052213439e-02
5.486097734117690444e-02
5.560030743119855762e-02
5.189353236089484789e-02
5.284005439478284966e-02
5.180476840506748060e-02
5.503800071754846868e-02
5.142842231026828470e-02
4.899418254942557172e-02
4.899771177038490799e-02
4.804873782223278295e-02
4.838640593222710840e-02
4.519468729707250276e-02
4.145932443181934990e-02
4.036362223832676982e-02
4.224386904440144419e-02
3.863535484690219790e-02
3.828177785280635625e-02
4.027864903561963195e-02
3.643080566684562399e-02
3.068412549727511304e-02
2.958489155984939459e-02
3.159890717520408288e-02
2.535290786035184971e-02
2.868754739974365212e-02
2.872365820970613007e-02
2.510357091900249776e-02
2.443675009835089354e-02
2.969448818154818426e-02
2.412864769342237467e-02
2.190160672733350994e-02
1.901056156228609836e-02
2.365398787031250741e-02
2.077041352206136435e-02
2.425104634198538972e-02
2.482870826750115806e-02
2.103830731802314863e-02
1.613497199504763599e-02
1.669305059225674806e-02
2.031643293409644835e-02
1.439023351283833657e-02
1.335911957565462209e-02
2.063278128650425716e-02
1.717035558546016819e-02
1.602172634011026983e-02
1.431884921349388905e-02
1.350714609830089979e-02
8.162245571313371875e-03
1.429492884154462753e-02
2.274122215827870802e-02
1.331307349862856544e-02
1.080156953482182096e-02
1.023721047204092897e-02
1.351786473155911286e-02
1.053178869678856114e-02
1.943879378832424551e-02
1.346232893480862891e-02
7.759644675147239767e-03
1.567624864689129080e-02
1.314495593728198623e-02
3.162368332860324843e-02
6.179024264284889087e-03
3.995767173799744457e-03
1.248106722239941679e-02
1.800981276776554216e-02
4.910974963290068614e-03
5.619223545990844997e-03
9.689480335684660939e-03
7.531549528324532790e-03
1.115474373038949016e-02
1.187259111312729751e-02
1.817906872425866308e-02
3.017043079296445780e-03
5.086460313647877748e-03
1.490920962405276398e-02
2.221196670430304609e-02
4.176866505755274898e-03
3.028636505778937744e-03
8.819393742756809207e-03
4.843275619022834044e-03
2.218634694307184546e-02
1.377814126587526868e-02
