2.181008905172348022e-01
5.456339120864868164e-01
6.414914131164550781e-01
7.042985558509826660e-01
7.034611701965332031e-01
7.025346755981445312e-01
7.349905967712402344e-01
7.333645820617675781e-01
7.536993026733398438e-01
7.690498828887939453e-01
7.603344321250915527e-01
7.744821310043334961e-01
7.866227030754089355e-01
7.834336161613464355e-01
7.997185587882995605e-01
8.061694502830505371e-01
8.105263113975524902e-01
8.075333237648010254e-01
8.284133076667785645e-01
8.233134746551513672e-01
8.344891071319580078e-01
8.407731056213378906e-01
8.430555462837219238e-01
8.464711308479309082e-01
8.549653291702270508e-01
8.489440083503723145e-01
8.672445416450500488e-01
8.579285144805908203e-01
8.655346632003784180e-01
8.712051510810852051e-01
8.747162818908691406e-01
8.682170510292053223e-01
8.543378710746765137e-01
8.673607707023620605e-01
8.735840320587158203e-01
8.704873919486999512e-01
8.635749816894531250e-01
8.795454502105712891e-01
8.755111098289489746e-01
8.832649588584899902e-01
8.819004297256469727e-01
8.792248964309692383e-01
8.899999856948852539e-01
8.781703114509582520e-01
8.868778347969055176e-01
8.881818056106567383e-01
8.883363604545593262e-01
8.851868510246276855e-01
8.871402740478515625e-01
9.023615121841430664e-01
8.955224156379699707e-01
8.926325440406799316e-01
8.963360190391540527e-01
8.901295065879821777e-01
8.957027792930603027e-01
8.937500119209289551e-01
9.021447896957397461e-01
9.024389982223510742e-01
9.054594039916992188e-01
9.148082137107849121e-01
9.104610085487365723e-01
9.161089062690734863e-01
9.183123707771301270e-01
9.118689298629760742e-01
9.193404912948608398e-01
9.159700870513916016e-01
9.181053638458251953e-01
9.207964539527893066e-01
9.162280559539794922e-01
9.293286204338073730e-01
9.328325390815734863e-01
9.317585229873657227e-01
9.252173900604248047e-01
9.284467697143554688e-01
9.225721955299377441e-01
9.313811063766479492e-01
9.325206875801086426e-01
9.337375760078430176e-01
9.350762367248535156e-01
9.365217685699462891e-01
9.376353621482849121e-01
9.442764520645141602e-01
9.431524276733398438e-01
9.429065585136413574e-01
9.488831758499145508e-01
9.461902976036071777e-01
9.434204697608947754e-01
9.502999186515808105e-01
9.612402915954589844e-01
9.561702013015747070e-01
9.521776437759399414e-01
9.626960754394531250e-01
9.583687186241149902e-01
9.591836929321289062e-01
9.631199836730957031e-01
9.627591967582702637e-01
9.613899588584899902e-01
9.642553329467773438e-01
9.682875275611877441e-01
9.730299115180969238e-01
9.657939076423645020e-01
9.708614945411682129e-01
9.603375792503356934e-01
9.613282680511474609e-01
9.704516530036926270e-01
9.751787781715393066e-01
9.780683517456054688e-01
9.705758690834045410e-01
9.789827466011047363e-01
9.827295541763305664e-01
9.693920612335205078e-01
9.764606952667236328e-01
9.764606952667236328e-01
9.744341969490051270e-01
9.844733476638793945e-01
9.895353913307189941e-01
9.802686572074890137e-01
9.692890048027038574e-01
9.811320900917053223e-01
9.853372573852539062e-01
9.844928979873657227e-01
9.815358519554138184e-01
9.853126406669616699e-01
9.748005270957946777e-01
9.795321822166442871e-01
9.916212558746337891e-01
9.773964285850524902e-01
9.862499833106994629e-01
9.534981250762939453e-01
9.912244081497192383e-01
9.958263635635375977e-01
9.811872839927673340e-01
9.769101738929748535e-01
9.920866489410400391e-01
9.937343597412109375e-01
9.858037829399108887e-01
9.899707436561584473e-01
9.837092757225036621e-01
9.815899729728698730e-01
9.780868291854858398e-01
9.966624975204467773e-01
9.933277964591979980e-01
9.786700010299682617e-01
9.669594168663024902e-01
9.941593408584594727e-01
9.974916577339172363e-01
9.870509505271911621e-01
9.929078221321105957e-01
9.711176156997680664e-01
9.798234701156616211e-01
