1.838265955448150635e-01
4.610254168510437012e-01
5.593997240066528320e-01
6.215089559555053711e-01
6.269279122352600098e-01
6.123384833335876465e-01
6.531888246536254883e-01
6.523551344871520996e-01
6.581909060478210449e-01
6.815339922904968262e-01
6.823676824569702148e-01
6.857023835182189941e-01
6.961233615875244141e-01
7.057107090950012207e-01
7.107127904891967773e-01
7.298874258995056152e-01
7.382242679595947266e-01
7.328053116798400879e-01
7.486452460289001465e-01
7.478116154670715332e-01
7.523968219757080078e-01
7.615672945976257324e-01
7.590662837028503418e-01
7.699041366577148438e-01
7.715715169906616211e-01
7.707378268241882324e-01
7.924135327339172363e-01
7.803251147270202637e-01
7.861608862876892090e-01
7.894956469535827637e-01
8.032513260841369629e-01
7.936640381813049316e-01
7.799082994461059570e-01
7.986661195755004883e-01
8.036682009696960449e-01
8.040850162506103516e-01
7.994998097419738770e-01
8.065860867500305176e-01
8.032513260841369629e-01
8.074197769165039062e-01
8.124218583106994629e-01
8.132555484771728516e-01
8.161734342575073242e-01
8.082534670829772949e-01
8.170070648193359375e-01
8.145060539245605469e-01
8.190912604331970215e-01
8.195081353187561035e-01
8.224260210990905762e-01
8.282617926597595215e-01
8.253439068794250488e-01
8.282617926597595215e-01
8.361817598342895508e-01
8.307628035545349121e-01
8.340975642204284668e-01
8.345143795013427734e-01
8.416006565093994141e-01
8.482701182365417480e-01
8.503543138504028320e-01
8.549395799636840820e-01
8.561900854110717773e-01
8.557732105255126953e-01
8.528553843498229980e-01
8.582742810249328613e-01
8.599416613578796387e-01
8.678616285324096680e-01
8.645268678665161133e-01
8.674447536468505859e-01
8.707795143127441406e-01
8.770321011543273926e-01
8.799499869346618652e-01
8.878699541091918945e-01
8.870362639427185059e-01
8.870362639427185059e-01
8.791162967681884766e-01
8.882867693901062012e-01
8.928720355033874512e-01
8.987078070640563965e-01
8.945394158363342285e-01
8.978741168975830078e-01
9.024593830108642578e-01
9.112129807472229004e-01
9.128803610801696777e-01
9.087119698524475098e-01
9.208003282546997070e-01
9.162150621414184570e-01
9.174656271934509277e-01
9.245519042015075684e-01
9.303876757621765137e-01
9.366402626037597656e-01
9.295539855957031250e-01
9.466444253921508789e-01
9.403918385505676270e-01
9.403918385505676270e-01
9.470613002777099609e-01
9.483118057250976562e-01
9.341392517089843750e-01
9.445602297782897949e-01
9.545643925666809082e-01
9.624843597412109375e-01
9.533138871192932129e-01
9.583159685134887695e-01
9.487286210060119629e-01
9.533138871192932129e-01
9.583159685134887695e-01
9.662359356880187988e-01
9.666527509689331055e-01
9.624843597412109375e-01
9.708212018013000488e-01
9.724885225296020508e-01
9.637348651885986328e-01
9.683201313018798828e-01
9.683201313018798828e-01
9.691538214683532715e-01
9.779074788093566895e-01
9.854105710983276367e-01
9.733222126960754395e-01
9.604001641273498535e-01
9.754064083099365234e-01
9.804084897041320801e-01
9.791579842567443848e-01
9.749895930290222168e-01
9.787411689758300781e-01
9.674864411354064941e-01
9.774906039237976074e-01
9.866611361503601074e-01
9.733222126960754395e-01
9.866611361503601074e-01
9.487286210060119629e-01
9.887453317642211914e-01
9.945811033248901367e-01
9.783242940902709961e-01
9.699875116348266602e-01
9.929137229919433594e-01
9.916632175445556641e-01
9.841600656509399414e-01
9.874947667121887207e-01
9.816589951515197754e-01
9.779074788093566895e-01
9.674864411354064941e-01
9.958316087722778320e-01
9.929137229919433594e-01
9.754064083099365234e-01
9.637348651885986328e-01
9.933305382728576660e-01
9.945811033248901367e-01
9.849937558174133301e-01
9.920800328254699707e-01
9.670696258544921875e-01
9.716548323631286621e-01
