2.542372792959213257e-02
1.949152499437332153e-01
3.305084705352783203e-01
3.728813529014587402e-01
4.661017060279846191e-01
4.152542352676391602e-01
5.000000000000000000e-01
5.254237055778503418e-01
4.915254116058349609e-01
5.338982939720153809e-01
5.508474707603454590e-01
6.101694703102111816e-01
5.677965879440307617e-01
5.847457647323608398e-01
6.101694703102111816e-01
6.610169410705566406e-01
5.677965879440307617e-01
5.762711763381958008e-01
6.440678238868713379e-01
6.271186470985412598e-01
6.186440587043762207e-01
6.440678238868713379e-01
6.355932354927062988e-01
6.694915294647216797e-01
6.694915294647216797e-01
6.271186470985412598e-01
6.779661178588867188e-01
7.118644118309020996e-01
6.779661178588867188e-01
6.016949415206909180e-01
6.525423526763916016e-01
6.779661178588867188e-01
7.203390002250671387e-01
7.288135886192321777e-01
7.542372941970825195e-01
7.372881174087524414e-01
7.372881174087524414e-01
7.542372941970825195e-01
6.610169410705566406e-01
7.118644118309020996e-01
7.457627058029174805e-01
6.779661178588867188e-01
7.372881174087524414e-01
7.796609997749328613e-01
7.288135886192321777e-01
7.457627058029174805e-01
7.542372941970825195e-01
7.881355881690979004e-01
8.389830589294433594e-01
7.118644118309020996e-01
7.627118825912475586e-01
7.711864113807678223e-01
7.796609997749328613e-01
7.796609997749328613e-01
7.288135886192321777e-01
7.627118825912475586e-01
7.966101765632629395e-01
7.966101765632629395e-01
7.627118825912475586e-01
8.220338821411132812e-01
7.966101765632629395e-01
7.966101765632629395e-01
7.796609997749328613e-01
8.135592937469482422e-01
7.966101765632629395e-01
8.305084705352783203e-01
8.305084705352783203e-01
8.644067645072937012e-01
8.135592937469482422e-01
8.728813529014587402e-01
8.135592937469482422e-01
8.644067645072937012e-01
8.220338821411132812e-01
8.644067645072937012e-01
8.559321761131286621e-01
8.644067645072937012e-01
8.644067645072937012e-01
8.135592937469482422e-01
7.627118825912475586e-01
8.474576473236083984e-01
8.813559412956237793e-01
8.728813529014587402e-01
8.389830589294433594e-01
8.644067645072937012e-01
8.050847649574279785e-01
8.983050584793090820e-01
9.152542352676391602e-01
8.813559412956237793e-01
8.559321761131286621e-01
9.152542352676391602e-01
9.152542352676391602e-01
9.237288236618041992e-01
8.728813529014587402e-01
8.813559412956237793e-01
9.322034120559692383e-01
9.406779408454895020e-01
8.898305296897888184e-01
9.237288236618041992e-01
9.152542352676391602e-01
8.728813529014587402e-01
8.813559412956237793e-01
8.983050584793090820e-01
8.728813529014587402e-01
9.237288236618041992e-01
9.067796468734741211e-01
8.898305296897888184e-01
8.898305296897888184e-01
9.491525292396545410e-01
8.983050584793090820e-01
9.661017060279846191e-01
9.237288236618041992e-01
9.067796468734741211e-01
9.491525292396545410e-01
8.983050584793090820e-01
9.237288236618041992e-01
9.745762944221496582e-01
9.406779408454895020e-01
9.491525292396545410e-01
9.406779408454895020e-01
9.406779408454895020e-01
9.406779408454895020e-01
9.322034120559692383e-01
9.406779408454895020e-01
9.661017060279846191e-01
8.983050584793090820e-01
9.152542352676391602e-01
9.491525292396545410e-01
9.237288236618041992e-01
9.406779408454895020e-01
9.661017060279846191e-01
9.152542352676391602e-01
9.745762944221496582e-01
9.915254116058349609e-01
9.322034120559692383e-01
9.406779408454895020e-01
9.322034120559692383e-01
9.067796468734741211e-01
9.491525292396545410e-01
9.661017060279846191e-01
9.576271176338195801e-01
9.661017060279846191e-01
9.237288236618041992e-01
9.661017060279846191e-01
9.915254116058349609e-01
9.830508232116699219e-01
9.576271176338195801e-01
9.745762944221496582e-01
9.745762944221496582e-01
9.830508232116699219e-01
9.830508232116699219e-01
