2.480200082063674927e-01
5.047936439514160156e-01
5.777407288551330566e-01
6.010837554931640625e-01
6.231763362884521484e-01
6.398499608039855957e-01
6.486035585403442383e-01
6.561067104339599609e-01
6.573572158813476562e-01
6.802834272384643555e-01
6.648603677749633789e-01
6.777824163436889648e-01
6.836181879043579102e-01
6.865360736846923828e-01
7.090454101562500000e-01
7.040433287620544434e-01
7.144643664360046387e-01
7.223843336105346680e-01
7.357231974601745605e-01
7.257190346717834473e-01
7.303043007850646973e-01
7.419758439064025879e-01
7.403084635734558105e-01
7.561483979225158691e-01
7.565652132034301758e-01
7.624009847640991211e-01
7.540642023086547852e-01
7.515631318092346191e-01
7.694872617721557617e-01
7.778241038322448730e-01
7.878282666206359863e-01
7.811588048934936523e-01
7.682367563247680664e-01
7.874113917350769043e-01
7.894956469535827637e-01
7.865777611732482910e-01
8.024176955223083496e-01
7.899124622344970703e-01
8.003334999084472656e-01
8.011671304702758789e-01
7.969987392425537109e-01
7.949145436286926270e-01
8.053355813026428223e-01
8.045018911361694336e-01
8.161734342575073242e-01
8.015840053558349609e-01
8.124218583106994629e-01
8.249270319938659668e-01
8.028345108032226562e-01
8.211755156517028809e-01
8.186744451522827148e-01
8.274281024932861328e-01
8.315964937210083008e-01
8.324301838874816895e-01
8.315964937210083008e-01
8.378490805625915527e-01
8.374322652816772461e-01
8.441017270088195801e-01
8.436848521232604980e-01
8.495206236839294434e-01
8.365985751152038574e-01
8.491038084030151367e-01
8.611921668052673340e-01
8.624426722526550293e-01
8.545227050781250000e-01
8.699458241462707520e-01
8.578574657440185547e-01
8.645268678665161133e-01
8.649437427520751953e-01
8.686953186988830566e-01
8.778657913208007812e-01
8.820341825485229492e-01
8.741142153739929199e-01
8.761984109878540039e-01
8.945394158363342285e-01
8.866194486618041992e-01
8.874530792236328125e-01
8.966236114501953125e-01
8.928720355033874512e-01
9.020425081253051758e-01
8.999583125114440918e-01
9.024593830108642578e-01
9.095456600189208984e-01
9.124635457992553711e-01
9.112129807472229004e-01
9.099624752998352051e-01
9.174656271934509277e-01
9.191329479217529297e-01
9.274697899818420410e-01
9.203835129737854004e-01
9.366402626037597656e-01
9.399749636650085449e-01
9.362234473228454590e-01
9.453939199447631836e-01
9.295539855957031250e-01
9.358065724372863770e-01
9.466444253921508789e-01
9.591496586799621582e-01
9.545643925666809082e-01
9.520633816719055176e-01
9.562317728996276855e-01
9.549812674522399902e-01
9.645685553550720215e-01
9.662359356880187988e-01
9.658191204071044922e-01
9.474781155586242676e-01
9.599833488464355469e-01
9.620675444602966309e-01
9.745727181434631348e-01
9.670696258544921875e-01
9.704043269157409668e-01
9.566485881805419922e-01
9.699875116348266602e-01
9.691538214683532715e-01
9.733222126960754395e-01
9.724885225296020508e-01
9.737390875816345215e-01
9.629012346267700195e-01
9.804084897041320801e-01
9.854105710983276367e-01
9.820758700370788574e-01
9.745727181434631348e-01
9.745727181434631348e-01
9.745727181434631348e-01
9.795747995376586914e-01
9.758232831954956055e-01
9.654022455215454102e-01
9.837432503700256348e-01
9.866611361503601074e-01
9.837432503700256348e-01
9.758232831954956055e-01
9.683201313018798828e-01
9.874947667121887207e-01
9.887453317642211914e-01
9.904126524925231934e-01
9.733222126960754395e-01
9.741559028625488281e-01
9.758232831954956055e-01
9.883284568786621094e-01
9.970821142196655273e-01
9.720717072486877441e-01
9.704043269157409668e-01
9.741559028625488281e-01
9.879116415977478027e-01
9.891621470451354980e-01
9.862442612648010254e-01
9.820758700370788574e-01
9.770737886428833008e-01
9.845768809318542480e-01
9.849937558174133301e-01
