9.084821343421936035e-01
9.225663542747497559e-01
9.208791255950927734e-01
9.161148071289062500e-01
9.685392975807189941e-01
9.517543911933898926e-01
9.505618214607238770e-01
9.714285731315612793e-01
9.452953934669494629e-01
9.393258690834045410e-01
9.605262875556945801e-01
9.888888597488403320e-01
9.825708270072937012e-01
9.781659245491027832e-01
9.440715909004211426e-01
9.423503279685974121e-01
9.556540846824645996e-01
8.874458670616149902e-01
9.649122953414916992e-01
9.912087917327880859e-01
9.911894202232360840e-01
9.693654179573059082e-01
9.717391133308410645e-01
9.337748289108276367e-01
9.978213310241699219e-01
1.000000000000000000e+00
9.978308081626892090e-01
1.000000000000000000e+00
1.000000000000000000e+00
1.000000000000000000e+00
1.000000000000000000e+00
1.000000000000000000e+00
1.000000000000000000e+00
1.000000000000000000e+00
1.000000000000000000e+00
1.000000000000000000e+00
8.202764987945556641e-01
9.331848621368408203e-01
9.499999880790710449e-01
9.565217494964599609e-01
9.602649211883544922e-01
9.710467457771301270e-01
9.892241358757019043e-01
9.956140518188476562e-01
9.956236481666564941e-01
9.090909361839294434e-01
8.567961454391479492e-01
9.601770043373107910e-01
9.694989323616027832e-01
9.912280440330505371e-01
