8.809523582458496094e-01
9.025974273681640625e-01
9.069263935089111328e-01
8.982684016227722168e-01
9.329004287719726562e-01
9.393939375877380371e-01
9.155844449996948242e-01
9.567099809646606445e-01
9.350649118423461914e-01
9.047619104385375977e-01
9.480519294738769531e-01
9.632034897804260254e-01
9.761904478073120117e-01
9.696969985961914062e-01
9.134199023246765137e-01
9.199134111404418945e-01
9.329004287719726562e-01
8.874458670616149902e-01
9.523809552192687988e-01
9.761904478073120117e-01
9.740259647369384766e-01
9.588744640350341797e-01
9.675324559211730957e-01
9.155844449996948242e-01
9.913420081138610840e-01
9.956709742546081543e-01
9.956709742546081543e-01
9.978355169296264648e-01
1.000000000000000000e+00
1.000000000000000000e+00
1.000000000000000000e+00
1.000000000000000000e+00
1.000000000000000000e+00
1.000000000000000000e+00
1.000000000000000000e+00
1.000000000000000000e+00
7.705627679824829102e-01
9.069263935089111328e-01
9.458874464035034180e-01
9.523809552192687988e-01
9.415584206581115723e-01
9.437229633331298828e-01
9.935064911842346191e-01
9.826839566230773926e-01
9.848484992980957031e-01
9.090909361839294434e-01
7.640692591667175293e-01
9.393939375877380371e-01
9.632034897804260254e-01
9.783549904823303223e-01
