9.288864033909891363e-03
1.507964652674981081e-02
4.865326654887016690e-03
9.872848663617121365e-03
9.171410158404540852e-03
8.862941256723941633e-03
1.558652028062548420e-02
8.407231847868130992e-03
1.252062957749075500e-02
3.059109359113763860e-03
3.929097590891646695e-03
1.261029978953660986e-02
1.306410224252458133e-02
1.404499857946188077e-02
8.732872626939156002e-03
2.709868776385102734e-03
1.868311886994297039e-02
7.380783906981890768e-03
1.396890884661379983e-03
5.639133270445868124e-04
1.125732078476935662e-02
2.300194788490076206e-02
4.124977278693649045e-03
1.348830740319914047e-02
8.284119119479377291e-03
4.481389088833915603e-03
7.534586791122212246e-03
4.850481566673069816e-03
1.553442032651654314e-02
6.135461235912039075e-03
8.657036125797202414e-03
1.108100509910673812e-02
1.314443271582252902e-02
6.576392672657375461e-03
1.900203656287503340e-03
1.138366415685533768e-03
2.027622083414016077e-02
1.785724019653364344e-02
5.242525764419738929e-03
1.248648116780554833e-03
9.622663095297708793e-04
1.037566746013007975e-02
1.568560392019943336e-02
5.267216366168187697e-03
4.483409090441268889e-03
1.219141203902192674e-02
7.791617568026329779e-03
1.120308536132765161e-02
5.400617448750851500e-03
4.613797582469817381e-03
