1.664475153119877524e-02
1.374371855602740319e-02
1.147691122240324275e-02
9.753380572746751798e-03
4.244608603637652425e-03
3.302325265492915898e-03
1.374296020367888477e-03
3.518536467526327607e-03
7.492552948758690948e-03
3.709550399222867698e-03
3.813508896984723652e-03
2.458911384808751526e-03
6.750718023818532386e-03
3.201243403235598441e-03
4.192869766413912479e-03
7.025409253974893888e-03
5.236076570375860356e-03
6.389048944110731253e-04
1.123272172020528866e-05
2.033538445454318686e-05
5.232587814718016850e-06
8.415251817531613535e-05
1.289279136579962455e-04
6.939626064431670023e-03
5.263535771168977376e-03
4.169131917748163454e-03
3.801948121346767576e-03
8.152116227332705661e-03
6.888647614113746313e-03
1.560716629836588019e-03
1.199031129208706159e-03
1.595479564805162617e-03
1.690255932354048016e-03
1.878639870618837096e-03
1.121076935607799498e-04
7.421096932894967674e-05
4.781817200560941716e-04
1.638333582040353437e-05
1.218843535384813142e-05
4.575890726580692712e-05
2.761095278669723437e-05
7.871601271970771969e-06
7.572916886926471514e-05
6.848396371803352079e-04
1.513730605161756233e-02
8.141644332864354100e-03
1.412707353570106725e-02
1.269899486950102317e-03
2.055420463448612463e-03
5.111502260540071695e-03
