3.294898819492692588e-01
1.700413082328764425e-01
1.395910654507810378e-01
1.385020717210721508e-01
1.159662701679160107e-01
1.061234091245903816e-01
1.051786927850199144e-01
9.823631001658918172e-02
9.614330613729524244e-02
9.613758306819734922e-02
8.892589923170403365e-02
8.630293309695925841e-02
8.090389123912011815e-02
7.982729931516434341e-02
7.522500641244855846e-02
8.030943334652972110e-02
7.527980748989820947e-02
7.161594205980847949e-02
7.075852873336767324e-02
6.742855826395437180e-02
6.630102504823379150e-02
6.752073908529945823e-02
6.253044483959248334e-02
6.222209853339907837e-02
6.167199663355830974e-02
5.904580655224525576e-02
6.153501068005855917e-02
5.584388923893501139e-02
5.594757681753709938e-02
5.194044492181210115e-02
4.889267007506464813e-02
5.248480262547041558e-02
5.392015195486486723e-02
4.997917462101878622e-02
5.142338745873013817e-02
4.676607152551971736e-02
5.105773140743227051e-02
4.893860842596712418e-02
4.944463493281771316e-02
4.717757055295448282e-02
4.537596274434008842e-02
4.605076655422511711e-02
4.451040637816017914e-02
4.358576500645101187e-02
4.466166508713113187e-02
4.664231913953074959e-02
4.120633185858203068e-02
4.425640086458218492e-02
4.079105186171338993e-02
4.242589409774744080e-02
3.842740237593944563e-02
4.157363898654929668e-02
3.650343069504209670e-02
3.835958340036144110e-02
4.037848734529309730e-02
3.848982606084901809e-02
3.761437663283598992e-02
3.820143454524083104e-02
3.657655285688643509e-02
3.737140019935928509e-02
4.071317294640163648e-02
3.503842308161025237e-02
3.442866964391609608e-02
3.362538159796351483e-02
3.876015947506200598e-02
3.548442177542188158e-02
3.289690479424267622e-02
3.232627558605480345e-02
3.300084290084327049e-02
3.586356804810034854e-02
3.052143220723651032e-02
3.345344078721192160e-02
2.968336918187070364e-02
3.005315200048899391e-02
3.164918854895555633e-02
2.875980965239296333e-02
2.784053626984971455e-02
3.036860029055358026e-02
2.646314951412820013e-02
2.803475676106357770e-02
2.751411683687298576e-02
2.722755794493561532e-02
2.935624259216940493e-02
2.605387862829321860e-02
2.592258631109695122e-02
2.660214980985659006e-02
2.448699211003983051e-02
2.515623642566055043e-02
2.500832467537752318e-02
2.475665647397689087e-02
2.631058013866088841e-02
2.279755546514250150e-02
2.339185145944548336e-02
2.359547614859054676e-02
2.487289567090076453e-02
2.111105690635521961e-02
2.192711108855048552e-02
2.242195326293450544e-02
2.364589234392186837e-02
1.989456308996973011e-02
2.037703055934950505e-02
2.399746350692415556e-02
1.912945084172327365e-02
1.553245805569398834e-02
2.015360310316506587e-02
1.650470937573194144e-02
2.297586198216151898e-02
1.971256711760247318e-02
1.850506721238683386e-02
1.593754882736872144e-02
1.531740535944889695e-02
2.013035568906495348e-02
1.450756098371517276e-02
1.519064688897818483e-02
1.610823436812184803e-02
1.893251804698565383e-02
1.555058798837773322e-02
1.519530114167761889e-02
1.409472691739031315e-02
1.695010367662651979e-02
1.448602862780734232e-02
1.239963299568838315e-02
1.244977902524141596e-02
1.393737232226385271e-02
1.505467755949619658e-02
1.475513609859224924e-02
1.291475316572470930e-02
1.144416646838009900e-02
1.132430570296744966e-02
1.305118170321070172e-02
1.208201285892394027e-02
1.150317865855841545e-02
1.157619284433530210e-02
9.214616705529135240e-03
1.495019755633525405e-02
1.185203761241997861e-02
1.014151386629867126e-02
9.954280591414206916e-03
6.959347021805323448e-03
1.571753464019587029e-02
7.008420158842916699e-03
9.979163353116042579e-03
1.158765377040246736e-02
8.675596784968226532e-03
8.872545080766926912e-03
1.324869345545541359e-02
7.006235074257224048e-03
9.377117818174546260e-03
7.851258681839138817e-03
1.097220363169805479e-02
