4.694835748523473740e-03
1.388888899236917496e-02
1.818181760609149933e-02
2.941176481544971466e-02
3.846153989434242249e-02
2.985074557363986969e-02
1.666666753590106964e-02
1.724137924611568451e-02
7.272727042436599731e-02
4.615384712815284729e-02
9.259258955717086792e-02
1.052631586790084839e-01
1.346153914928436279e-01
6.557376682758331299e-02
1.818181872367858887e-01
1.724137961864471436e-01
1.914893686771392822e-01
2.452830225229263306e-01
2.173912972211837769e-01
2.968750000000000000e-01
4.062500000000000000e-01
3.000000119209289551e-01
3.548386991024017334e-01
3.409090936183929443e-01
2.894736826419830322e-01
4.000000059604644775e-01
3.375000059604644775e-01
3.953488469123840332e-01
4.642857015132904053e-01
5.000000000000000000e-01
5.274725556373596191e-01
5.263158082962036133e-01
4.845360815525054932e-01
4.653465449810028076e-01
5.157894492149353027e-01
6.082473993301391602e-01
4.600000083446502686e-01
4.485981166362762451e-01
5.233644843101501465e-01
5.701754093170166016e-01
5.462962985038757324e-01
5.169491767883300781e-01
5.939849615097045898e-01
5.892857313156127930e-01
5.691056847572326660e-01
5.583333373069763184e-01
6.166666746139526367e-01
5.725190639495849609e-01
6.302521228790283203e-01
5.826771855354309082e-01
6.796875000000000000e-01
5.957446694374084473e-01
6.268656849861145020e-01
6.153846383094787598e-01
6.423357725143432617e-01
6.299212574958801270e-01
6.223776340484619141e-01
5.958904027938842773e-01
6.597222089767456055e-01
6.413792967796325684e-01
6.266666650772094727e-01
6.642335653305053711e-01
6.776315569877624512e-01
6.965517401695251465e-01
6.344827413558959961e-01
6.291390657424926758e-01
7.086092829704284668e-01
7.210884094238281250e-01
7.171052694320678711e-01
6.862745285034179688e-01
7.820512652397155762e-01
6.666666865348815918e-01
7.654321193695068359e-01
7.294117808341979980e-01
7.770270109176635742e-01
7.385621070861816406e-01
7.891566157341003418e-01
7.261904478073120117e-01
7.914110422134399414e-01
7.485029697418212891e-01
7.485714554786682129e-01
7.298850417137145996e-01
7.425149679183959961e-01
7.784430980682373047e-01
7.597765326499938965e-01
7.816091775894165039e-01
8.156424760818481445e-01
8.000000119209289551e-01
7.955800890922546387e-01
8.202247023582458496e-01
7.759562730789184570e-01
8.265895843505859375e-01
8.032786846160888672e-01
7.741935253143310547e-01
7.945945858955383301e-01
8.102564215660095215e-01
8.260869383811950684e-01
8.085106611251831055e-01
7.988826632499694824e-01
7.989949584007263184e-01
8.142076730728149414e-01
7.830687761306762695e-01
8.709677457809448242e-01
8.905472755432128906e-01
8.291457295417785645e-01
8.677248954772949219e-01
7.704081535339355469e-01
8.586387634277343750e-01
8.391959667205810547e-01
8.743718862533569336e-01
8.557214140892028809e-01
8.281250000000000000e-01
8.926829099655151367e-01
8.750000000000000000e-01
8.592965006828308105e-01
8.106796145439147949e-01
8.731707334518432617e-01
8.571428656578063965e-01
8.472222089767456055e-01
8.536585569381713867e-01
8.604651093482971191e-01
9.004739522933959961e-01
9.047619104385375977e-01
8.767123222351074219e-01
8.653846383094787598e-01
8.691588640213012695e-01
8.894230723381042480e-01
8.888888955116271973e-01
9.056603908538818359e-01
8.657407164573669434e-01
8.847926259040832520e-01
9.245283007621765137e-01
8.935185074806213379e-01
9.174311757087707520e-01
8.669725060462951660e-01
8.949771523475646973e-01
8.893805146217346191e-01
9.315068721771240234e-01
9.285714030265808105e-01
8.295964002609252930e-01
9.464285969734191895e-01
8.863636255264282227e-01
9.054054021835327148e-01
9.285714030265808105e-01
9.230769276618957520e-01
8.642534017562866211e-01
9.513274431228637695e-01
8.947368264198303223e-01
9.636363387107849121e-01
8.815789222717285156e-01
