4.149377811700105667e-03
8.298755623400211334e-03
8.298755623400211334e-03
1.244813296943902969e-02
1.244813296943902969e-02
8.298755623400211334e-03
4.149377811700105667e-03
4.149377811700105667e-03
1.659751124680042267e-02
1.244813296943902969e-02
2.074688859283924103e-02
1.659751124680042267e-02
2.904564328491687775e-02
1.659751124680042267e-02
3.319502249360084534e-02
4.149377718567848206e-02
3.734439983963966370e-02
5.394190922379493713e-02
4.149377718567848206e-02
7.883817702531814575e-02
1.078838184475898743e-01
9.958506375551223755e-02
9.128630906343460083e-02
1.244813278317451477e-01
9.128630906343460083e-02
1.410788446664810181e-01
1.120331957936286926e-01
1.410788446664810181e-01
1.618257313966751099e-01
2.074688822031021118e-01
1.991701275110244751e-01
2.074688822031021118e-01
1.950207501649856567e-01
1.950207501649856567e-01
2.033195048570632935e-01
2.448132783174514771e-01
1.908713728189468384e-01
1.991701275110244751e-01
2.323651462793350220e-01
2.697095572948455811e-01
2.448132783174514771e-01
2.531120479106903076e-01
3.278008401393890381e-01
2.738589346408843994e-01
2.904564440250396729e-01
2.780083119869232178e-01
3.070539534091949463e-01
3.112033307552337646e-01
3.112033307552337646e-01
3.070539534091949463e-01
3.609958589076995850e-01
3.485477268695831299e-01
3.485477268695831299e-01
3.651452362537384033e-01
3.651452362537384033e-01
3.319502174854278564e-01
3.692946135997772217e-01
3.609958589076995850e-01
3.941908776760101318e-01
3.858921229839324951e-01
3.900415003299713135e-01
3.775933682918548584e-01
4.273858964443206787e-01
4.190871417522430420e-01
3.817427456378936768e-01
3.941908776760101318e-01
4.439834058284759521e-01
4.398340284824371338e-01
4.522821605205535889e-01
4.356846511363983154e-01
5.062240958213806152e-01
4.398340284824371338e-01
5.145228505134582520e-01
5.145228505134582520e-01
4.771784245967864990e-01
4.688796699047088623e-01
5.435684919357299805e-01
5.062240958213806152e-01
5.352697372436523438e-01
5.186722278594970703e-01
5.435684919357299805e-01
5.269709825515747070e-01
5.145228505134582520e-01
5.394191145896911621e-01
5.643153786659240723e-01
5.643153786659240723e-01
6.058091521263122559e-01
5.809128880500793457e-01
5.975103974342346191e-01
6.058091521263122559e-01
5.892116427421569824e-01
5.933610200881958008e-01
6.099585294723510742e-01
5.975103974342346191e-01
6.099585294723510742e-01
6.556016802787780762e-01
6.307054162025451660e-01
6.307054162025451660e-01
5.933610200881958008e-01
6.597510576248168945e-01
6.182572841644287109e-01
6.141079068183898926e-01
6.721991896629333496e-01
7.427386045455932617e-01
6.846473217010498047e-01
6.804979443550109863e-01
6.265560388565063477e-01
6.804979443550109863e-01
6.929460763931274414e-01
7.219917178153991699e-01
7.136929631233215332e-01
6.597510576248168945e-01
7.593361139297485352e-01
7.551867365837097168e-01
7.095435857772827148e-01
6.929460763931274414e-01
7.427386045455932617e-01
7.468879818916320801e-01
7.593361139297485352e-01
7.261410951614379883e-01
7.676348686218261719e-01
7.883817553520202637e-01
7.883817553520202637e-01
7.966805100440979004e-01
7.468879818916320801e-01
7.717842459678649902e-01
7.676348686218261719e-01
7.966805100440979004e-01
7.966805100440979004e-01
7.759336233139038086e-01
7.966805100440979004e-01
8.132780194282531738e-01
8.008298873901367188e-01
8.298755288124084473e-01
7.842323780059814453e-01
8.132780194282531738e-01
8.340249061584472656e-01
8.464730381965637207e-01
8.630705475807189941e-01
7.676348686218261719e-01
8.796680569648742676e-01
8.091286420822143555e-01
8.340249061584472656e-01
8.630705475807189941e-01
8.464730381965637207e-01
7.925311326980590820e-01
8.921161890029907227e-01
8.464730381965637207e-01
8.796680569648742676e-01
8.340249061584472656e-01
