7.100840210914611816e-01
7.352941036224365234e-01
7.226890921592712402e-01
7.605041861534118652e-01
7.857142686843872070e-01
7.857142686843872070e-01
8.277310729026794434e-01
8.361344337463378906e-01
8.067227005958557129e-01
7.773109078407287598e-01
8.487395048141479492e-01
8.109243512153625488e-01
8.991596698760986328e-01
8.739495873451232910e-01
8.613445162773132324e-01
8.151260614395141602e-01
8.697478771209716797e-01
8.823529481887817383e-01
8.235294222831726074e-01
8.235294222831726074e-01
8.529411554336547852e-01
9.201680421829223633e-01
9.327731132507324219e-01
8.613445162773132324e-01
8.739495873451232910e-01
8.823529481887817383e-01
8.823529481887817383e-01
8.865545988082885742e-01
8.865545988082885742e-01
9.537814855575561523e-01
9.075630307197570801e-01
9.201680421829223633e-01
9.369747638702392578e-01
8.361344337463378906e-01
9.117646813392639160e-01
9.495798349380493164e-01
9.327731132507324219e-01
9.453781247138977051e-01
8.235294222831726074e-01
9.075630307197570801e-01
9.747899174690246582e-01
9.243697524070739746e-01
9.201680421829223633e-01
8.865545988082885742e-01
8.781512379646301270e-01
9.579831957817077637e-01
9.705882072448730469e-01
9.579831957817077637e-01
9.495798349380493164e-01
9.033613204956054688e-01
