8.849557489156723022e-03
8.849557489156723022e-03
1.769911497831344604e-02
4.424778744578361511e-03
1.327433623373508453e-02
4.424778744578361511e-03
8.849557489156723022e-03
1.327433623373508453e-02
3.097345121204853058e-02
3.097345121204853058e-02
2.212389372289180756e-02
2.654867246747016907e-02
2.654867246747016907e-02
2.654867246747016907e-02
3.097345121204853058e-02
4.424778744578361511e-02
5.309734493494033813e-02
6.637167930603027344e-02
7.079645991325378418e-02
7.522124052047729492e-02
8.407079428434371948e-02
1.106194704771041870e-01
9.292035549879074097e-02
1.106194704771041870e-01
1.061946898698806763e-01
1.194690242409706116e-01
1.415929198265075684e-01
1.371681392192840576e-01
1.548672616481781006e-01
1.548672616481781006e-01
1.371681392192840576e-01
1.637168079614639282e-01
1.858407109975814819e-01
1.725663691759109497e-01
2.300885021686553955e-01
1.725663691759109497e-01
2.256637215614318848e-01
2.079645991325378418e-01
2.743362784385681152e-01
2.256637215614318848e-01
2.610619366168975830e-01
2.743362784385681152e-01
2.566371560096740723e-01
2.300885021686553955e-01
2.964601814746856689e-01
2.522123754024505615e-01
2.876106202602386475e-01
2.964601814746856689e-01
3.274336159229278564e-01
3.097345232963562012e-01
3.141593039035797119e-01
3.584070801734924316e-01
3.672566413879394531e-01
3.672566413879394531e-01
3.628318607807159424e-01
3.761062026023864746e-01
4.247787594795227051e-01
4.115044176578521729e-01
4.247787594795227051e-01
3.938052952289581299e-01
4.203539788722991943e-01
4.336283206939697266e-01
4.336283206939697266e-01
4.557522237300872803e-01
4.292035400867462158e-01
4.867256581783294678e-01
4.513274431228637695e-01
4.646017551422119141e-01
4.690265357494354248e-01
4.690265357494354248e-01
5.265486836433410645e-01
5.309734344482421875e-01
5.132743120193481445e-01
5.486725568771362305e-01
5.176991224288940430e-01
5.486725568771362305e-01
5.176991224288940430e-01
4.911504387855529785e-01
5.707964897155761719e-01
5.752212405204772949e-01
6.106194853782653809e-01
5.132743120193481445e-01
5.530973672866821289e-01
5.707964897155761719e-01
5.929203629493713379e-01
5.884955525398254395e-01
6.238937973976135254e-01
6.150442361831665039e-01
6.061946749687194824e-01
6.194690465927124023e-01
6.637167930603027344e-01
6.194690465927124023e-01
6.283186078071594238e-01
6.681416034698486328e-01
6.637167930603027344e-01
5.884955525398254395e-01
6.504424810409545898e-01
6.769911646842956543e-01
6.946902871131896973e-01
6.902654767036437988e-01
7.300884723663330078e-01
6.902654767036437988e-01
6.946902871131896973e-01
6.946902871131896973e-01
7.566371560096740723e-01
7.256637215614318848e-01
7.212389111518859863e-01
7.654867172241210938e-01
7.654867172241210938e-01
7.433628439903259277e-01
7.389380335807800293e-01
7.079645991325378418e-01
7.610619664192199707e-01
7.389380335807800293e-01
7.876105904579162598e-01
7.212389111518859863e-01
7.876105904579162598e-01
8.362832069396972656e-01
8.274336457252502441e-01
8.097345232963562012e-01
7.920354008674621582e-01
7.920354008674621582e-01
7.920354008674621582e-01
8.318583965301513672e-01
8.451327681541442871e-01
8.097345232963562012e-01
8.318583965301513672e-01
8.185840845108032227e-01
8.584070801734924316e-01
8.495575189590454102e-01
8.539823293685913086e-01
9.070796370506286621e-01
8.362832069396972656e-01
8.805309534072875977e-01
8.451327681541442871e-01
7.699115276336669922e-01
8.849557638168334961e-01
9.203540086746215820e-01
8.495575189590454102e-01
8.584070801734924316e-01
7.699115276336669922e-01
9.070796370506286621e-01
8.849557638168334961e-01
9.159291982650756836e-01
8.584070801734924316e-01
9.026548862457275391e-01
8.893805146217346191e-01
8.893805146217346191e-01
8.451327681541442871e-01
8.761062026023864746e-01
