9.083333611488342285e-01
9.491525292396545410e-01
8.559321761131286621e-01
8.524590134620666504e-01
9.406779408454895020e-01
9.411764740943908691e-01
8.943089246749877930e-01
9.666666388511657715e-01
9.333333373069763184e-01
9.663865566253662109e-01
9.743589758872985840e-01
9.512194991111755371e-01
9.739130139350891113e-01
8.888888955116271973e-01
9.322034120559692383e-01
9.250000119209289551e-01
9.499999880790710449e-01
9.750000238418579102e-01
9.663865566253662109e-01
9.421487450599670410e-01
9.344262480735778809e-01
9.256198406219482422e-01
9.754098653793334961e-01
9.586777091026306152e-01
9.586777091026306152e-01
9.338843226432800293e-01
9.752066135406494141e-01
9.338843226432800293e-01
9.338843226432800293e-01
9.663865566253662109e-01
9.274193644523620605e-01
9.421487450599670410e-01
9.672130942344665527e-01
9.666666388511657715e-01
9.672130942344665527e-01
9.915966391563415527e-01
9.745762944221496582e-01
9.836065769195556641e-01
9.426229596138000488e-01
9.672130942344665527e-01
9.593495726585388184e-01
9.754098653793334961e-01
9.430894255638122559e-01
8.943089246749877930e-01
9.752066135406494141e-01
9.672130942344665527e-01
9.499999880790710449e-01
9.917355179786682129e-01
8.925619721412658691e-01
8.606557250022888184e-01
