3.702738341268702049e-01
1.509054559212372471e-01
1.342932036165743193e-01
1.242694269255261996e-01
1.171299913422723382e-01
1.103590579393239207e-01
1.073425500328344384e-01
1.060261810269702148e-01
9.603796803514742797e-02
9.838611739177424709e-02
8.921036768452841881e-02
9.201101216094005608e-02
8.491083202138745289e-02
8.197907752660046898e-02
8.183222480325388903e-02
7.766018242509516167e-02
7.546447698962770179e-02
7.438564993301680084e-02
7.447172856822942277e-02
7.354750082011558832e-02
6.838156933489419886e-02
6.584355369618033471e-02
6.740837472186594903e-02
6.426306977809312371e-02
6.277523616056424061e-02
5.780019426814645561e-02
5.955635990259741663e-02
5.461825496380869754e-02
6.105911659846312983e-02
5.683343318773247110e-02
5.699894095019215207e-02
5.035259660247128066e-02
5.480195299613455084e-02
4.968045166671233165e-02
5.163592676208727389e-02
5.099841549721069456e-02
5.139113957279318329e-02
4.731709625711207068e-02
4.574965218514599752e-02
4.471865975735437454e-02
4.519316933829600064e-02
4.654706341036012746e-02
4.294783619414527936e-02
4.380009026518721232e-02
4.352976078244719799e-02
4.277564242983599579e-02
4.228882986882243761e-02
4.242421468699238835e-02
4.199184555498179650e-02
3.954796005682901378e-02
4.340867782454458507e-02
3.716213790775851900e-02
3.799414545936254106e-02
3.929168042982809916e-02
3.611645604199047871e-02
3.529576428257753112e-02
3.483801083659267273e-02
3.512772704194099677e-02
3.610987618671507304e-02
3.391197441355443820e-02
3.403150232579410517e-02
3.200574378223737526e-02
3.299882769384301917e-02
3.282331678429498134e-02
3.136884954929556463e-02
3.239761999512710128e-02
3.139204518992734505e-02
2.924333800020167615e-02
3.038644070217164095e-02
2.886142594317105819e-02
2.913027108581493427e-02
2.913880409898271864e-02
2.650144672139817525e-02
2.533555312437125312e-02
2.856778872938740138e-02
2.743842926335119531e-02
2.685289743243928634e-02
2.504205167437387886e-02
2.636673098872246643e-02
2.466241345497459034e-02
2.587190417480933133e-02
2.308299512248906601e-02
2.302325452377029444e-02
2.206716341839674855e-02
2.120827383530105720e-02
2.027724936603764183e-02
2.092736217455002865e-02
2.088235874952728069e-02
1.964090510245922183e-02
2.215266553356280352e-02
1.994379279774609673e-02
1.663227824156992760e-02
1.630820085988955379e-02
2.012878488514860051e-02
1.911139176680328941e-02
1.882564619071844247e-02
1.690511529137064817e-02
1.441458374074147675e-02
1.565182008568780786e-02
1.549201104556141573e-02
1.466990981089320162e-02
1.439292259265130720e-02
1.400344073652870849e-02
1.405735035410682170e-02
1.409403557654482012e-02
1.229003486179948597e-02
1.258231822415264468e-02
1.164745802680168529e-02
1.283090682548987567e-02
1.505431828695432024e-02
1.246234277963488568e-02
1.380712586966773361e-02
1.489852390678260419e-02
1.199370006894230102e-02
1.193487575347961828e-02
8.227202607934858136e-03
1.404178066249098591e-02
8.898426541714255997e-03
6.598498170286689647e-03
7.952697445978106766e-03
9.717860009934714549e-03
8.863682298503877330e-03
1.060355898965282054e-02
8.033860587220900684e-03
7.280213467342728541e-03
8.183720731915635968e-03
8.132772281901845535e-03
6.188073596814524548e-03
9.818898609440051758e-03
8.472893327690352722e-03
8.591522921475643060e-03
9.601700887573880183e-03
5.996093845843843834e-03
7.083865227287641786e-03
5.852336802387468617e-03
4.642222385540443856e-03
4.379189334947124201e-03
7.375731630884154767e-03
5.599581515542213263e-03
4.693843355728702198e-03
9.038934951412169738e-03
8.899468677592519208e-03
9.673286317679366877e-03
3.249646343169476041e-03
2.127312888943393415e-03
1.870372762466213350e-03
2.328287819554247448e-03
5.606534014620276167e-03
1.308424556463590183e-02
7.146210505690485208e-03
