5.763056623433393533e-01
2.790649842228505317e-01
2.009341520696236172e-01
2.066737383735973432e-01
1.719426412636610724e-01
1.761332220886147604e-01
1.642360582681394454e-01
1.591115675429139731e-01
1.504807052030072978e-01
1.475758829779389714e-01
1.446279837945683988e-01
1.348531130934036981e-01
1.340313004773954209e-01
1.318022553221475379e-01
1.299322252632790498e-01
1.367167286393756453e-01
1.294627963693402162e-01
1.294878048226915657e-01
1.277018923056978950e-01
1.140358319995629366e-01
1.261110489127478806e-01
1.156568810228464639e-01
1.177768528755173266e-01
1.203203700491557310e-01
1.093196570835923559e-01
1.070462466359691084e-01
1.031870848165462040e-01
1.089476658110529739e-01
1.018179226434888923e-01
1.077124418585479471e-01
1.036620884046305785e-01
9.854384784470905656e-02
9.240585308875753912e-02
9.339154388283869845e-02
1.012155037769386784e-01
9.775805382202237825e-02
8.796497772587856534e-02
8.672689242092607165e-02
8.287731745251311621e-02
9.336660747090164136e-02
8.508723965173704828e-02
8.009394474060294034e-02
8.047030426939558168e-02
7.672239936422128870e-02
8.187878332264546255e-02
8.102146681663556504e-02
7.625317576783229023e-02
7.870831046958799704e-02
6.799040132274626613e-02
6.775508460164901547e-02
6.311782586677573692e-02
6.692437750735319435e-02
6.451397512288083169e-02
6.130960859474366559e-02
5.769777056248247965e-02
5.910116066266488111e-02
6.244606651241067091e-02
5.794277586087063364e-02
5.425569040712149849e-02
5.527625478950191906e-02
5.411865200440881679e-02
5.334150929003642766e-02
5.642195153789473366e-02
5.050446931299969883e-02
5.934939303746993022e-02
5.085762727270266154e-02
4.875201888307449660e-02
4.848007518121148079e-02
4.431120644588075475e-02
5.241839328296090533e-02
4.101604678921116909e-02
4.580008752210720790e-02
4.371506011294452876e-02
3.795531563242483808e-02
3.741057272122089161e-02
3.972949202710809868e-02
3.587836412985413032e-02
3.880960189186737769e-02
3.457577945762729116e-02
3.081846647526937169e-02
3.333580831600469613e-02
3.150539645434884128e-02
2.487480423005544727e-02
2.814391046293965998e-02
2.882711712198168102e-02
3.064373465418874024e-02
2.687507877767675302e-02
2.363987257527566319e-02
2.224951861418650312e-02
2.537200686654918561e-02
4.547631500999334275e-02
1.900424604404244572e-02
2.533581734819364759e-02
2.244668863121017724e-02
1.571309030693682912e-02
1.600440162516213183e-02
2.417609324090877823e-02
1.266221829884424388e-02
2.432504344297255552e-02
1.930849194281415368e-02
1.345950124978522594e-02
1.659373732472807159e-02
1.552591728760060324e-02
1.216140740647624757e-02
1.114719364862737545e-02
1.160132546504592452e-02
1.985712441461979019e-02
1.758911968760346750e-02
1.311034988724725167e-02
7.755572597156601584e-03
1.458361208792640501e-02
1.513762020855881699e-02
9.753221814511867094e-03
1.141786295351805876e-02
1.385073932464912262e-02
1.933700739047692838e-02
1.100187245501252180e-02
1.001806208647183609e-02
4.353978707537006082e-03
7.439980968628550316e-03
1.275769778246359232e-02
2.628576135944867692e-02
9.523830893214962554e-03
8.070308400794383788e-03
2.988635856932957656e-03
1.322428065367387690e-02
1.125980768429598808e-02
2.002130193350116355e-02
1.541482291441173720e-02
1.150441922382833965e-02
3.126699505728536017e-03
2.691709542050235889e-03
1.595361602842975193e-03
1.316835832433456291e-03
1.266231853083201776e-03
1.197142004529582870e-03
1.151155111992713557e-03
1.154288227194938052e-03
5.459732131018466689e-02
2.764114885809196981e-02
1.035597666065913094e-02
3.579891234946514476e-03
2.460441190342901006e-03
3.613195151542087508e-03
2.430968861064726396e-03
1.402733294042388112e-02
2.415355518713464822e-02
4.602336201500678396e-03
1.873002557704418151e-03
3.825141005520224687e-03
