8.986486196517944336e-01
8.766233921051025391e-01
9.523809552192687988e-01
9.594594836235046387e-01
9.407894611358642578e-01
9.527027010917663574e-01
9.144737124443054199e-01
9.452054500579833984e-01
9.542483687400817871e-01
9.607843160629272461e-01
9.664429426193237305e-01
9.403973221778869629e-01
9.800000190734863281e-01
9.738562107086181641e-01
9.675324559211730957e-01
9.869281053543090820e-01
9.802631735801696777e-01
9.802631735801696777e-01
1.000000000000000000e+00
1.000000000000000000e+00
1.000000000000000000e+00
9.599999785423278809e-01
8.947368264198303223e-01
9.342105388641357422e-01
9.225806593894958496e-01
9.666666388511657715e-01
9.867549538612365723e-01
9.868420958518981934e-01
9.867549538612365723e-01
9.539473652839660645e-01
1.000000000000000000e+00
9.801324605941772461e-01
9.673202633857727051e-01
9.673202633857727051e-01
9.539473652839660645e-01
9.868420958518981934e-01
1.000000000000000000e+00
1.000000000000000000e+00
9.934640526771545410e-01
1.000000000000000000e+00
9.934640526771545410e-01
9.934210777282714844e-01
9.733333587646484375e-01
9.533333182334899902e-01
9.934210777282714844e-01
9.668874144554138184e-01
1.000000000000000000e+00
1.000000000000000000e+00
1.000000000000000000e+00
1.000000000000000000e+00
