4.411764815449714661e-02
1.264705955982208252e-01
2.205882370471954346e-01
3.441176414489746094e-01
4.147058725357055664e-01
4.529411792755126953e-01
4.941176474094390869e-01
5.323529243469238281e-01
5.676470398902893066e-01
6.088235378265380859e-01
6.205882430076599121e-01
6.323529481887817383e-01
6.088235378265380859e-01
6.999999880790710449e-01
6.794117689132690430e-01
6.705882549285888672e-01
6.794117689132690430e-01
7.176470756530761719e-01
6.999999880790710449e-01
7.088235020637512207e-01
7.235293984413146973e-01
7.352941036224365234e-01
7.235293984413146973e-01
7.323529124259948730e-01
7.205882072448730469e-01
7.147058844566345215e-01
7.264705896377563477e-01
7.647058963775634766e-01
7.441176176071166992e-01
7.617647051811218262e-01
7.911764979362487793e-01
7.588235139846801758e-01
8.058823347091674805e-01
7.882353067398071289e-01
8.088235259056091309e-01
7.852941155433654785e-01
7.911764979362487793e-01
8.147059082984924316e-01
8.147059082984924316e-01
7.882353067398071289e-01
8.029412031173706055e-01
8.352941274642944336e-01
8.117647171020507812e-01
8.205882310867309570e-01
8.264706134796142578e-01
8.441176414489746094e-01
8.176470398902893066e-01
8.264706134796142578e-01
8.617647290229797363e-01
8.117647171020507812e-01
8.588235378265380859e-01
8.558823466300964355e-01
8.705882430076599121e-01
8.647058606147766113e-01
8.470588326454162598e-01
8.735294342041015625e-01
8.323529362678527832e-01
8.676470518112182617e-01
8.823529481887817383e-01
8.558823466300964355e-01
8.735294342041015625e-01
8.676470518112182617e-01
8.794117569923400879e-01
8.999999761581420898e-01
8.970588445663452148e-01
8.941176533699035645e-01
8.941176533699035645e-01
8.735294342041015625e-01
8.999999761581420898e-01
9.058823585510253906e-01
9.147058725357055664e-01
9.323529601097106934e-01
8.882352709770202637e-01
9.205882549285888672e-01
9.088235497474670410e-01
9.323529601097106934e-01
9.264705777168273926e-01
9.088235497474670410e-01
9.235293865203857422e-01
8.999999761581420898e-01
9.176470637321472168e-01
9.647058844566345215e-01
9.705882072448730469e-01
9.323529601097106934e-01
9.235293865203857422e-01
9.264705777168273926e-01
9.382352828979492188e-01
9.470587968826293945e-01
9.441176652908325195e-01
9.294117689132690430e-01
9.294117689132690430e-01
9.705882072448730469e-01
9.647058844566345215e-01
9.558823704719543457e-01
9.617646932601928711e-01
9.352940917015075684e-01
9.647058844566345215e-01
9.382352828979492188e-01
9.441176652908325195e-01
9.676470756530761719e-01
9.647058844566345215e-01
9.470587968826293945e-01
9.735293984413146973e-01
9.529411792755126953e-01
9.529411792755126953e-01
9.529411792755126953e-01
9.735293984413146973e-01
9.764705896377563477e-01
9.323529601097106934e-01
9.735293984413146973e-01
9.764705896377563477e-01
9.499999880790710449e-01
9.735293984413146973e-01
9.911764860153198242e-01
9.794117808341979980e-01
9.676470756530761719e-01
9.294117689132690430e-01
9.647058844566345215e-01
9.735293984413146973e-01
9.794117808341979980e-01
9.705882072448730469e-01
9.764705896377563477e-01
9.852941036224365234e-01
9.764705896377563477e-01
9.529411792755126953e-01
9.558823704719543457e-01
9.941176176071166992e-01
9.941176176071166992e-01
9.970588088035583496e-01
1.000000000000000000e+00
1.000000000000000000e+00
1.000000000000000000e+00
9.235293865203857422e-01
9.176470637321472168e-01
9.617646932601928711e-01
9.705882072448730469e-01
9.794117808341979980e-01
9.882352948188781738e-01
9.823529124259948730e-01
9.970588088035583496e-01
1.000000000000000000e+00
1.000000000000000000e+00
9.970588088035583496e-01
9.823529124259948730e-01
9.499999880790710449e-01
9.382352828979492188e-01
9.617646932601928711e-01
9.882352948188781738e-01
9.941176176071166992e-01
9.911764860153198242e-01
