9.256198406219482422e-01
9.349593520164489746e-01
9.322034120559692383e-01
9.666666388511657715e-01
9.669421315193176270e-01
9.256198406219482422e-01
9.590163826942443848e-01
9.586777091026306152e-01
9.590163826942443848e-01
9.583333134651184082e-01
9.916666746139526367e-01
9.754098653793334961e-01
9.426229596138000488e-01
1.000000000000000000e+00
9.504132270812988281e-01
9.833333492279052734e-01
9.193548560142517090e-01
9.593495726585388184e-01
9.833333492279052734e-01
9.917355179786682129e-01
9.672130942344665527e-01
9.758064746856689453e-01
9.180327653884887695e-01
9.674796462059020996e-01
9.504132270812988281e-01
9.401709437370300293e-01
9.672130942344665527e-01
9.836065769195556641e-01
9.917355179786682129e-01
1.000000000000000000e+00
1.000000000000000000e+00
1.000000000000000000e+00
1.000000000000000000e+00
1.000000000000000000e+00
9.836065769195556641e-01
9.200000166893005371e-01
9.243697524070739746e-01
9.754098653793334961e-01
9.836065769195556641e-01
9.512194991111755371e-01
9.754098653793334961e-01
9.268292784690856934e-01
9.333333373069763184e-01
9.674796462059020996e-01
9.516128897666931152e-01
9.836065769195556641e-01
1.000000000000000000e+00
1.000000000000000000e+00
1.000000000000000000e+00
1.000000000000000000e+00
