2.826744175681012994e-01
1.252343054091570873e-01
9.628923384260965057e-02
9.424076631250348501e-02
7.985594149676064624e-02
6.953405012352836811e-02
6.938812815442346738e-02
5.228268888714879270e-02
5.807234939225219827e-02
6.091316630926965625e-02
5.066174791358002416e-02
5.345410397830898525e-02
5.122134864779746832e-02
4.397880989548225150e-02
4.426173065563596132e-02
5.097773920079118337e-02
4.457685906852019986e-02
4.607775071398149958e-02
4.433018751932223112e-02
4.571316676028504972e-02
3.544448727953600220e-02
3.833917029236558194e-02
4.149876479045052496e-02
3.596141987119362560e-02
3.792396926501879345e-02
3.082737710387413455e-02
2.933345318895066653e-02
3.643411588736241574e-02
2.758433546637575895e-02
2.644316605828869390e-02
3.185770745775953761e-02
2.953723610334864705e-02
2.712043338906875573e-02
3.170268003067486934e-02
2.714364924839044596e-02
2.239225465049484581e-02
1.803621134165406606e-02
2.381125296777934081e-02
2.399588617433527984e-02
1.937776640682767337e-02
1.702959244755332391e-02
2.166991988564312063e-02
1.787420502724810373e-02
1.610960183472121346e-02
1.663387763009270548e-02
1.439933214345277129e-02
1.783494359351930902e-02
1.943074898759719962e-02
1.730058580703244114e-02
1.325232638744817427e-02
1.618131762838649623e-02
1.228386258392408226e-02
1.215026652539827508e-02
9.939972860111990355e-03
1.187519949615255255e-02
9.960421965524485569e-03
1.557240392422132129e-02
1.421339667477117090e-02
7.463484878449398556e-03
8.626077766944377154e-03
1.030441836510876362e-02
9.842612790354374544e-03
1.078912938461687281e-02
1.071249823426656360e-02
1.030772542062360214e-02
1.009800350790510635e-02
8.130576532681264151e-03
1.104169437043766439e-02
4.930906319718488320e-03
8.038393022097814478e-03
1.064217779320813725e-02
5.168200981546098270e-03
7.971672162778059220e-03
6.594282095965174097e-03
6.934964267302186521e-03
6.368996949660413708e-03
4.535450784119288495e-03
6.935101544285698916e-03
8.478853904137247446e-03
9.953384902234616027e-03
3.578241580660755389e-03
1.002089671804285223e-02
2.749756029544128764e-03
6.899944183539832507e-03
3.511033332975089984e-03
1.361255708751279471e-02
6.688919569234588920e-03
1.139113354681769996e-02
7.099050350075951712e-03
3.718413217825136674e-03
4.082359251932133823e-03
2.060818685613405310e-03
1.494630696921849140e-02
2.678980297165543117e-03
4.089785474536210101e-03
5.865744323010880189e-03
4.905886180469822173e-03
3.059792855995068211e-03
4.470722339089386668e-03
9.103588431811410545e-03
3.710380649123533672e-03
3.313179125801184004e-03
2.250920675769851539e-03
2.486071142847725256e-03
1.355309030530889303e-02
5.151435245211651547e-03
5.602274254185550181e-03
1.045202011151033332e-02
4.656152339286278100e-03
1.989315071882217806e-03
1.357013682891706303e-03
1.577336853802238691e-03
3.834706413406916130e-03
6.848781980424312882e-03
2.870252490715661901e-03
4.855656059464613650e-03
1.352583463696297589e-03
3.218675425711209608e-03
5.873040396796520499e-03
3.317333355600738960e-03
3.251767391194888140e-03
4.018446029007595975e-03
1.739218516029671091e-03
1.097454119746321894e-03
4.651068543766071622e-03
1.479559158483175884e-03
4.691365349707204459e-03
2.599325819073888995e-03
3.511256979188139352e-03
2.276168270254463194e-03
1.053657857571531874e-02
6.599829846743511877e-03
2.832967134686698463e-03
3.224862674843629543e-03
3.749137855995999819e-03
6.310142170636405534e-03
5.024711768271088522e-03
4.128873813897371292e-03
8.693788008301966139e-04
2.066504420510551551e-03
9.235575353011506086e-04
8.391284943671359527e-04
2.225192125653667995e-03
5.030670687792158403e-03
8.719730651372004917e-04
8.140331800819618517e-04
7.973088081911701734e-04
7.858596254523328006e-04
8.851702604875002871e-04
4.929076596786255947e-03
