1.165048554539680481e-01
3.100000023841857910e-01
3.513513505458831787e-01
4.499999880790710449e-01
5.420560836791992188e-01
5.961538553237915039e-01
5.727272629737854004e-01
7.142857313156127930e-01
6.448597908020019531e-01
6.086956262588500977e-01
6.831682920455932617e-01
6.899999976158142090e-01
7.064220309257507324e-01
7.297297120094299316e-01
7.105262875556945801e-01
7.009345889091491699e-01
6.902654767036437988e-01
7.196261882781982422e-01
6.842105388641357422e-01
7.452830076217651367e-01
7.857142686843872070e-01
7.428571581840515137e-01
7.247706651687622070e-01
8.018867969512939453e-01
7.631579041481018066e-01
8.198198080062866211e-01
8.440366983413696289e-01
8.073394298553466797e-01
7.982456088066101074e-01
7.948718070983886719e-01
8.148148059844970703e-01
8.141592741012573242e-01
8.260869383811950684e-01
7.807017564773559570e-01
8.482142686843872070e-01
8.448275923728942871e-01
8.739495873451232910e-01
8.482142686843872070e-01
8.468468189239501953e-01
8.596491217613220215e-01
8.938053250312805176e-01
8.482142686843872070e-01
8.859649300575256348e-01
8.898305296897888184e-01
8.813559412956237793e-01
9.059829115867614746e-01
8.706896305084228516e-01
8.347826004028320312e-01
9.035087823867797852e-01
8.983050584793090820e-01
8.620689511299133301e-01
9.145299196243286133e-01
9.075630307197570801e-01
9.316239356994628906e-01
9.067796468734741211e-01
9.304347634315490723e-01
8.803418874740600586e-01
8.888888955116271973e-01
9.333333373069763184e-01
9.008264541625976562e-01
9.385964870452880859e-01
9.159663915634155273e-01
8.833333253860473633e-01
9.469026327133178711e-01
9.152542352676391602e-01
8.943089246749877930e-01
9.736841917037963867e-01
8.925619721412658691e-01
9.669421315193176270e-01
9.411764740943908691e-01
9.173553586006164551e-01
9.745762944221496582e-01
9.250000119209289551e-01
9.491525292396545410e-01
9.568965435028076172e-01
9.499999880790710449e-01
9.830508232116699219e-01
9.333333373069763184e-01
9.416666626930236816e-01
9.083333611488342285e-01
9.915254116058349609e-01
9.090909361839294434e-01
9.915966391563415527e-01
9.426229596138000488e-01
9.750000238418579102e-01
8.780487775802612305e-01
9.416666626930236816e-01
9.166666865348815918e-01
9.411764740943908691e-01
9.747899174690246582e-01
9.747899174690246582e-01
1.000000000000000000e+00
8.595041036605834961e-01
1.000000000000000000e+00
9.426229596138000488e-01
9.499999880790710449e-01
9.833333492279052734e-01
9.917355179786682129e-01
9.743589758872985840e-01
9.327731132507324219e-01
9.669421315193176270e-01
9.752066135406494141e-01
9.916666746139526367e-01
9.916666746139526367e-01
9.016393423080444336e-01
9.495798349380493164e-01
9.344262480735778809e-01
9.250000119209289551e-01
9.583333134651184082e-01
9.752066135406494141e-01
1.000000000000000000e+00
9.916666746139526367e-01
9.508196711540222168e-01
9.262295365333557129e-01
9.750000238418579102e-01
9.499999880790710449e-01
9.917355179786682129e-01
9.750000238418579102e-01
9.663865566253662109e-01
9.750000238418579102e-01
9.586777091026306152e-01
9.669421315193176270e-01
9.915966391563415527e-01
1.000000000000000000e+00
9.508196711540222168e-01
1.000000000000000000e+00
9.590163826942443848e-01
9.833333492279052734e-01
9.669421315193176270e-01
9.752066135406494141e-01
9.256198406219482422e-01
9.586777091026306152e-01
9.831932783126831055e-01
9.752066135406494141e-01
9.833333492279052734e-01
9.421487450599670410e-01
9.583333134651184082e-01
9.583333134651184082e-01
1.000000000000000000e+00
9.915254116058349609e-01
9.918032884597778320e-01
1.000000000000000000e+00
9.674796462059020996e-01
9.579831957817077637e-01
1.000000000000000000e+00
1.000000000000000000e+00
1.000000000000000000e+00
1.000000000000000000e+00
1.000000000000000000e+00
9.666666388511657715e-01
