4.765519378143064089e-02
3.038096523938486893e-02
2.332010822240008011e-02
1.860910175720906917e-02
1.618110477973312700e-02
1.298325790387271778e-02
1.392199431326891952e-02
1.652910227411753460e-02
1.117981188208879741e-02
1.235210776140916941e-02
1.305383108547908746e-02
1.181965757538520553e-02
6.578953866280971667e-03
7.702759007981760213e-03
8.961898030133778545e-03
7.910694841549527345e-03
7.754920808946721457e-03
7.476781652450025482e-03
1.339696144648317919e-02
8.886834641132986684e-03
3.615547519877343203e-03
7.307134335082757400e-03
9.996440730219527740e-03
2.545344478662369021e-03
1.461396436951790077e-03
1.080895588762580909e-03
1.007608537646432914e-03
9.493004326832060313e-04
9.410144642446117199e-04
9.557313639613049163e-04
5.820320795342404790e-02
1.160894688834113175e-02
4.565333855397861462e-03
3.876554623831643398e-03
4.691858199700168000e-03
5.721546475574114908e-03
3.739811293234362576e-03
1.171315224410851390e-02
1.074143776912865958e-02
6.861471220741889240e-03
1.950350166679791063e-03
9.344969166174470297e-04
9.550443872587566913e-04
8.770239450215063567e-04
8.975193235254047596e-04
2.970915151183049080e-02
2.054464727163853727e-02
4.037604040195283926e-03
3.573070637006127339e-03
1.460860236837248404e-03
