2.380952425301074982e-02
1.587301641702651978e-01
2.301587313413619995e-01
3.253968358039855957e-01
3.571428656578063965e-01
3.968254029750823975e-01
3.968254029750823975e-01
4.682539701461791992e-01
5.238095521926879883e-01
5.317460298538208008e-01
5.317460298538208008e-01
5.714285969734191895e-01
5.476190447807312012e-01
5.634920597076416016e-01
5.793650746345520020e-01
5.952380895614624023e-01
5.952380895614624023e-01
6.349206566810607910e-01
6.349206566810607910e-01
5.793650746345520020e-01
6.190476417541503906e-01
6.428571343421936035e-01
6.428571343421936035e-01
6.349206566810607910e-01
6.428571343421936035e-01
6.190476417541503906e-01
6.349206566810607910e-01
6.190476417541503906e-01
6.746031641960144043e-01
6.587301492691040039e-01
7.063491940498352051e-01
6.666666865348815918e-01
7.063491940498352051e-01
6.746031641960144043e-01
7.619047760963439941e-01
6.666666865348815918e-01
6.666666865348815918e-01
6.825397014617919922e-01
6.746031641960144043e-01
7.301587462425231934e-01
6.904761791229248047e-01
6.825397014617919922e-01
7.380952239036560059e-01
7.460317611694335938e-01
7.380952239036560059e-01
7.301587462425231934e-01
6.904761791229248047e-01
7.619047760963439941e-01
7.222222089767456055e-01
7.539682388305664062e-01
7.380952239036560059e-01
7.619047760963439941e-01
7.777777910232543945e-01
8.174602985382080078e-01
7.539682388305664062e-01
7.857142686843872070e-01
7.698412537574768066e-01
8.333333134651184082e-01
6.825397014617919922e-01
8.015872836112976074e-01
7.936508059501647949e-01
8.253968358039855957e-01
8.174602985382080078e-01
8.095238208770751953e-01
8.333333134651184082e-01
8.174602985382080078e-01
8.412698507308959961e-01
7.698412537574768066e-01
8.333333134651184082e-01
7.936508059501647949e-01
8.015872836112976074e-01
8.174602985382080078e-01
8.333333134651184082e-01
8.333333134651184082e-01
8.253968358039855957e-01
8.412698507308959961e-01
8.412698507308959961e-01
8.253968358039855957e-01
8.253968358039855957e-01
8.412698507308959961e-01
8.888888955116271973e-01
8.571428656578063965e-01
8.650793433189392090e-01
8.333333134651184082e-01
8.333333134651184082e-01
8.571428656578063965e-01
8.650793433189392090e-01
9.047619104385375977e-01
8.253968358039855957e-01
8.571428656578063965e-01
8.571428656578063965e-01
8.809523582458496094e-01
8.650793433189392090e-01
8.730158805847167969e-01
8.333333134651184082e-01
8.809523582458496094e-01
8.730158805847167969e-01
9.126983880996704102e-01
8.888888955116271973e-01
8.412698507308959961e-01
8.888888955116271973e-01
9.444444179534912109e-01
9.206349253654479980e-01
9.285714030265808105e-01
9.365079402923583984e-01
9.126983880996704102e-01
8.730158805847167969e-01
9.047619104385375977e-01
9.285714030265808105e-01
8.809523582458496094e-01
9.126983880996704102e-01
8.888888955116271973e-01
9.206349253654479980e-01
9.206349253654479980e-01
9.206349253654479980e-01
9.047619104385375977e-01
9.206349253654479980e-01
9.126983880996704102e-01
9.523809552192687988e-01
8.888888955116271973e-01
9.126983880996704102e-01
8.730158805847167969e-01
9.285714030265808105e-01
9.365079402923583984e-01
9.365079402923583984e-01
9.523809552192687988e-01
9.523809552192687988e-01
8.968253731727600098e-01
9.523809552192687988e-01
9.444444179534912109e-01
9.444444179534912109e-01
9.523809552192687988e-01
9.365079402923583984e-01
9.444444179534912109e-01
9.444444179534912109e-01
9.444444179534912109e-01
9.285714030265808105e-01
9.365079402923583984e-01
9.285714030265808105e-01
9.365079402923583984e-01
9.523809552192687988e-01
9.126983880996704102e-01
8.888888955116271973e-01
9.365079402923583984e-01
9.682539701461791992e-01
9.523809552192687988e-01
9.285714030265808105e-01
9.603174328804016113e-01
9.444444179534912109e-01
9.206349253654479980e-01
