8.949792805562821127e-03
1.020364711030326971e-02
8.673591566348448634e-03
7.525071923911812871e-03
6.310889518306849778e-03
8.139379058884540011e-03
5.228178447240400956e-03
5.463152202202596446e-03
4.544335383497731008e-03
7.101649278600137560e-03
7.222337716594391145e-03
6.531067713991970357e-03
5.916172529209074923e-03
4.485369893773518205e-03
8.838257615890724242e-03
3.588839314297750504e-03
1.815027530869767289e-03
2.490652524972776071e-03
4.619050217773850581e-03
3.056439311343249997e-03
3.535333634779795446e-03
3.880987711305520366e-03
4.094636897497967026e-03
3.685240631897978170e-03
2.563521259541024985e-03
2.242472543669195295e-03
3.573952752700340456e-03
3.060925450125592546e-03
3.117630894689007483e-03
1.836893610642107658e-03
4.144534810482681901e-03
7.996188509925677632e-03
5.835080751927125900e-03
2.686994516635204510e-03
2.534819198970062869e-03
1.577855555630930558e-03
1.795670135852509442e-03
6.701844676505114068e-04
4.292654556334167017e-03
3.897548030454107797e-03
2.211615431235680954e-03
6.874264942392415345e-04
7.835407311320206555e-03
3.486664853221458325e-03
2.093415855318691687e-03
1.529968132299440106e-03
7.920483728677193969e-04
2.805163681555219220e-03
2.655765308605679241e-03
4.021446210605650676e-03
