9.152542352676391602e-01
9.067796468734741211e-01
8.991596698760986328e-01
9.250000119209289551e-01
9.322034120559692383e-01
8.907563090324401855e-01
9.491525292396545410e-01
9.243697524070739746e-01
9.344262480735778809e-01
8.925619721412658691e-01
9.008264541625976562e-01
9.152542352676391602e-01
9.145299196243286133e-01
9.426229596138000488e-01
8.888888955116271973e-01
9.504132270812988281e-01
9.752066135406494141e-01
9.831932783126831055e-01
9.411764740943908691e-01
9.747899174690246582e-01
9.495798349380493164e-01
9.344262480735778809e-01
9.583333134651184082e-01
9.661017060279846191e-01
9.504132270812988281e-01
9.516128897666931152e-01
9.655172228813171387e-01
9.512194991111755371e-01
9.512194991111755371e-01
9.915966391563415527e-01
9.504132270812988281e-01
8.823529481887817383e-01
9.237288236618041992e-01
9.421487450599670410e-01
9.913793206214904785e-01
9.915966391563415527e-01
9.672130942344665527e-01
9.917355179786682129e-01
9.338843226432800293e-01
9.663865566253662109e-01
9.750000238418579102e-01
1.000000000000000000e+00
9.243697524070739746e-01
9.268292784690856934e-01
9.750000238418579102e-01
9.834710955619812012e-01
9.918032884597778320e-01
9.663865566253662109e-01
9.590163826942443848e-01
9.499999880790710449e-01
