5.184173708620020138e-01
2.265272733610863010e-01
1.787628050445535799e-01
1.651251699934944139e-01
1.543160467088386945e-01
1.346052555766828751e-01
1.344507128735649426e-01
1.286559123311793451e-01
1.197662638597204871e-01
1.192458008853824331e-01
1.082822030711444450e-01
1.118848370914380247e-01
1.065478027597735050e-01
9.669054877399314851e-02
1.093448865163359207e-01
9.751986783548627358e-02
1.074405918808493537e-01
1.038026110242199207e-01
1.012280455664754941e-01
8.880199203835793809e-02
8.756635189505547479e-02
8.716476934291958467e-02
8.639121477957387163e-02
8.478271153349060951e-02
7.991751400148452977e-02
7.410941042175019089e-02
8.060372882318335430e-02
8.211910504650975218e-02
6.731901280836977142e-02
6.924441513947322824e-02
7.006959859070524543e-02
6.492045209956714968e-02
6.146698059192336888e-02
5.693382648247747452e-02
6.462010332049492045e-02
5.193288802805211962e-02
5.165563783354016475e-02
5.850564805794398332e-02
5.259848229845530410e-02
4.831206161672325916e-02
4.670903704587731076e-02
4.950357401326543894e-02
4.362028201007984302e-02
4.395122402669737749e-02
3.698465524520525016e-02
4.742988421591867731e-02
4.673728207131017803e-02
3.668784193600954646e-02
3.623350271716282989e-02
3.509278644016768783e-02
3.339965193641555169e-02
3.895288103796702012e-02
3.160391161342943761e-02
3.406106465172296233e-02
3.079108051565357038e-02
3.676660993712464048e-02
3.035093041650149120e-02
2.924795387254913032e-02
3.170370856891695927e-02
3.100228458683878044e-02
2.450171967124663633e-02
2.484187577481233172e-02
3.422480049059959534e-02
2.965012589463652051e-02
2.253568547762510935e-02
2.432953489271944339e-02
2.748575885019358123e-02
1.615827053213798187e-02
2.675123001112232266e-02
2.160386115665997517e-02
2.151482481420187790e-02
2.040946128706504908e-02
1.479315571463160096e-02
1.836797985890306281e-02
1.748362199081802959e-02
1.549011954394056631e-02
1.993065803054169458e-02
1.673562285154707799e-02
1.642211192718861026e-02
1.202015747673313914e-02
1.448024395513372586e-02
1.890329483950163592e-02
1.402020458510476464e-02
1.311321053109645168e-02
2.808302654960407110e-02
1.296041554114670501e-02
1.132625503690299143e-02
1.096841715091822871e-02
9.014139432736791718e-03
6.769162902236060611e-03
7.663198854817819365e-03
1.304630399129704660e-02
8.747718259690288184e-03
1.863451035206263248e-02
1.671451701210451696e-02
1.269408351428372161e-02
1.310779782246386874e-02
1.054439821968634894e-02
1.141483630529019008e-02
7.546612333191939602e-03
1.730294997232055543e-02
2.954170131098387414e-02
1.139574669341191296e-02
9.463753341989771667e-03
1.128409442603070523e-02
9.906586649042311427e-03
1.096703250332163246e-02
4.130536605424808133e-03
4.991545177806981821e-03
4.156981384535048465e-03
3.943741607945174844e-03
9.959588044049824673e-03
2.538557813189869575e-02
2.603921870881531833e-02
1.227541229218211127e-02
7.296477781285730553e-03
1.067355146356207922e-02
7.179916665272786241e-03
5.145939666675267490e-03
1.032653530376189711e-02
6.767321817247253998e-03
3.383523476476317429e-03
4.015111498384518578e-03
2.696245490845787084e-03
2.546138221885591371e-03
2.520352411306073844e-03
2.441568033444472749e-03
2.448984265490746545e-03
2.079577123264960900e-02
3.447825255523234711e-02
1.207725726116741331e-02
7.426146355622133960e-03
4.230470157443374374e-03
3.335705094904055975e-03
3.417417133524648654e-03
9.307213429933678880e-03
1.455287137765372968e-02
7.242205329632375906e-03
6.440634220131324396e-03
1.597200722435624873e-02
8.695052084618159691e-03
1.270008435545357320e-02
7.384402648536000056e-03
3.862886898667975376e-03
2.411082697546187200e-03
2.819328500932158452e-03
4.699095187479782922e-03
4.164668938433944978e-03
2.207154929902451282e-03
2.152974220493103583e-03
