1.643059551715850830e-01
3.597733676433563232e-01
4.532577991485595703e-01
4.730878174304962158e-01
4.872521162033081055e-01
5.439093708992004395e-01
5.325779318809509277e-01
5.297450423240661621e-01
5.155807137489318848e-01
5.325779318809509277e-01
5.750707983970642090e-01
5.580736398696899414e-01
5.920680165290832520e-01
6.288951635360717773e-01
5.892351269721984863e-01
6.232294440269470215e-01
5.694050788879394531e-01
6.062322854995727539e-01
5.835694074630737305e-01
6.373937726020812988e-01
6.515581011772155762e-01
6.487252116203308105e-01
6.402266025543212891e-01
6.458923220634460449e-01
6.742209792137145996e-01
6.912181377410888672e-01
6.600566506385803223e-01
6.487252116203308105e-01
7.252124547958374023e-01
6.968838572502136230e-01
6.912181377410888672e-01
7.478753328323364258e-01
7.478753328323364258e-01
7.422096133232116699e-01
7.308781743049621582e-01
7.875354290008544922e-01
7.875354290008544922e-01
7.762039899826049805e-01
7.818697094917297363e-01
8.016996979713439941e-01
8.045325875282287598e-01
7.875354290008544922e-01
8.215297460556030273e-01
8.101983070373535156e-01
8.470255136489868164e-01
7.988668680191040039e-01
8.073654174804687500e-01
8.441926240921020508e-01
8.441926240921020508e-01
8.583569526672363281e-01
8.470255136489868164e-01
8.498583436012268066e-01
8.498583436012268066e-01
8.526912331581115723e-01
8.611897826194763184e-01
8.470255136489868164e-01
8.640226721763610840e-01
8.753541111946105957e-01
8.753541111946105957e-01
8.555240631103515625e-01
8.923512697219848633e-01
9.036827087402343750e-01
8.611897826194763184e-01
8.668555021286010742e-01
9.036827087402343750e-01
9.093484282493591309e-01
9.008498787879943848e-01
9.348441958427429199e-01
8.980169892311096191e-01
9.206798672676086426e-01
9.178470373153686523e-01
9.121813178062438965e-01
9.433428049087524414e-01
9.235127568244934082e-01
9.291784763336181641e-01
9.291784763336181641e-01
9.178470373153686523e-01
9.376770257949829102e-01
9.263455867767333984e-01
9.546742439270019531e-01
9.320113062858581543e-01
9.178470373153686523e-01
9.518413543701171875e-01
9.461756348609924316e-01
8.838527202606201172e-01
9.433428049087524414e-01
9.603399634361267090e-01
9.575070738792419434e-01
9.688385128974914551e-01
9.801699519157409668e-01
9.773371219635009766e-01
9.518413543701171875e-01
9.716714024543762207e-01
9.405099153518676758e-01
9.376770257949829102e-01
9.518413543701171875e-01
9.490085244178771973e-01
9.603399634361267090e-01
9.461756348609924316e-01
9.660056829452514648e-01
9.348441958427429199e-01
8.951841592788696289e-01
9.490085244178771973e-01
9.688385128974914551e-01
9.518413543701171875e-01
9.631727933883666992e-01
9.745042324066162109e-01
9.943342804908752441e-01
9.886685609817504883e-01
9.971671104431152344e-01
9.915013909339904785e-01
9.631727933883666992e-01
9.036827087402343750e-01
9.121813178062438965e-01
9.518413543701171875e-01
9.745042324066162109e-01
9.575070738792419434e-01
9.716714024543762207e-01
9.858356714248657227e-01
9.575070738792419434e-01
9.716714024543762207e-01
9.943342804908752441e-01
9.886685609817504883e-01
1.000000000000000000e+00
1.000000000000000000e+00
1.000000000000000000e+00
1.000000000000000000e+00
1.000000000000000000e+00
9.376770257949829102e-01
8.838527202606201172e-01
9.518413543701171875e-01
9.745042324066162109e-01
9.915013909339904785e-01
9.915013909339904785e-01
9.915013909339904785e-01
9.660056829452514648e-01
9.575070738792419434e-01
9.716714024543762207e-01
9.745042324066162109e-01
9.461756348609924316e-01
9.660056829452514648e-01
9.518413543701171875e-01
9.688385128974914551e-01
9.915013909339904785e-01
1.000000000000000000e+00
9.943342804908752441e-01
9.858356714248657227e-01
9.886685609817504883e-01
1.000000000000000000e+00
1.000000000000000000e+00
