1.471791053344064654e-02
9.965011320911090417e-03
7.997780927479538823e-03
7.052579984178396558e-03
5.414123478716849000e-03
6.289369445757360226e-03
4.898088586677476659e-03
3.262083724469426113e-03
3.275842228636523940e-03
3.639608201747327951e-03
3.807149271654674573e-03
2.958338540684638581e-03
3.962767842470838603e-03
2.743901640618719509e-03
5.147776222316024705e-03
2.651720220021968732e-03
3.989046580571390006e-03
5.163691901827285359e-03
4.491487696199999297e-03
3.770311225648263678e-03
2.387723487554717968e-03
2.261964204248953243e-03
3.274305532546852027e-03
5.527834663623878639e-03
1.979217756013887906e-03
1.581346310698100678e-03
3.846675571923672838e-03
1.910912427766508050e-03
3.670616902191797207e-03
2.847242548502569581e-03
1.850778421831585909e-03
2.822314586549578685e-03
1.706583631773294502e-03
3.025491586459276919e-03
1.623979539121856537e-03
2.763999016994975362e-03
3.586275207252028786e-03
2.869569428924852866e-03
3.652313162517229622e-03
4.157688573832274762e-03
1.782669606882937097e-03
1.640664153931507959e-03
1.260854422316495631e-03
1.292590754275084160e-03
3.956030258165875099e-03
5.609328901795052058e-03
2.315200858563475420e-03
1.079904168023965855e-03
1.819716078762424619e-03
1.305529808467234716e-03
