2.230784394844036872e-02
1.052809341098286285e-02
1.050340556581011268e-02
1.241770087095223768e-02
8.801085539327823878e-03
6.277890223541570183e-03
4.683233106081004411e-03
4.965624560159757200e-03
6.934623572145633824e-03
8.698323940577696450e-03
6.675902252663171686e-03
3.602193712826950740e-03
4.305231433686975730e-03
3.001646614652948072e-03
3.936988164361765290e-03
6.856023005698933664e-03
5.963356133879213657e-03
5.661507800498031227e-03
2.465625890260180614e-03
5.282263022608701085e-03
1.137232614566960169e-02
7.240408036307909197e-03
2.009187822233041154e-03
2.125806390266067342e-03
3.353579033491016579e-03
1.113962175690821725e-02
3.792627608468028804e-03
4.036748226824211916e-03
3.331561093773240719e-03
1.282818103497250072e-03
3.802773169146768384e-03
4.391268937764235443e-03
4.763472702300892286e-03
6.504156410676835941e-03
2.956202657821632024e-03
1.148328836485080964e-03
1.984584362727603770e-03
1.223233750821807941e-03
2.539196776259295633e-03
5.129875192254470910e-03
5.547716489051088967e-03
5.740305008854694122e-03
5.130236260272412821e-03
4.292628820566892801e-03
3.987321073793692779e-03
2.614725234783964007e-03
1.575204548383655947e-03
4.633378272644573213e-03
1.606806990786326583e-03
5.985990704443487111e-03
