9.137930870056152344e-01
9.237288236618041992e-01
9.327731132507324219e-01
8.760330677032470703e-01
9.217391014099121094e-01
9.572649598121643066e-01
9.512194991111755371e-01
9.579831957817077637e-01
9.105691313743591309e-01
9.406779408454895020e-01
9.499999880790710449e-01
9.590163826942443848e-01
9.830508232116699219e-01
9.833333492279052734e-01
9.586777091026306152e-01
9.112903475761413574e-01
9.504132270812988281e-01
9.499999880790710449e-01
9.836065769195556641e-01
9.576271176338195801e-01
9.173553586006164551e-01
9.262295365333557129e-01
9.756097793579101562e-01
9.917355179786682129e-01
9.754098653793334961e-01
8.842975497245788574e-01
9.590163826942443848e-01
9.834710955619812012e-01
9.915254116058349609e-01
1.000000000000000000e+00
9.674796462059020996e-01
9.504132270812988281e-01
9.508196711540222168e-01
9.421487450599670410e-01
9.833333492279052734e-01
1.000000000000000000e+00
9.917355179786682129e-01
9.917355179786682129e-01
9.917355179786682129e-01
9.426229596138000488e-01
9.504132270812988281e-01
9.504132270812988281e-01
9.508196711540222168e-01
9.829059839248657227e-01
9.430894255638122559e-01
9.833333492279052734e-01
9.918032884597778320e-01
9.666666388511657715e-01
1.000000000000000000e+00
9.586777091026306152e-01
