1.637931019067764282e-01
3.431372642517089844e-01
4.351851940155029297e-01
5.384615659713745117e-01
5.420560836791992188e-01
6.296296119689941406e-01
6.074766516685485840e-01
5.762711763381958008e-01
6.761904954910278320e-01
6.574074029922485352e-01
6.403508782386779785e-01
7.238095402717590332e-01
7.410714030265808105e-01
7.155963182449340820e-01
6.695652008056640625e-01
7.363636493682861328e-01
7.826086878776550293e-01
7.327586412429809570e-01
8.703703880310058594e-01
7.563025355339050293e-01
8.214285969734191895e-01
8.333333134651184082e-01
8.125000000000000000e-01
8.245614171028137207e-01
7.851239442825317383e-01
8.429751992225646973e-01
8.053097128868103027e-01
8.389830589294433594e-01
8.695651888847351074e-01
8.319327831268310547e-01
8.925619721412658691e-01
9.322034120559692383e-01
8.898305296897888184e-01
8.706896305084228516e-01
9.075630307197570801e-01
8.632478713989257812e-01
8.956521749496459961e-01
9.159663915634155273e-01
9.090909361839294434e-01
8.333333134651184082e-01
8.833333253860473633e-01
8.813559412956237793e-01
9.262295365333557129e-01
9.230769276618957520e-01
9.666666388511657715e-01
8.888888955116271973e-01
8.925619721412658691e-01
8.907563090324401855e-01
8.770492076873779297e-01
9.666666388511657715e-01
9.112903475761413574e-01
9.032257795333862305e-01
8.916666507720947266e-01
9.173553586006164551e-01
9.834710955619812012e-01
8.999999761581420898e-01
9.586777091026306152e-01
9.834710955619812012e-01
9.508196711540222168e-01
9.024389982223510742e-01
9.576271176338195801e-01
9.105691313743591309e-01
9.579831957817077637e-01
9.833333492279052734e-01
9.416666626930236816e-01
9.173553586006164551e-01
9.504132270812988281e-01
9.918032884597778320e-01
9.186992049217224121e-01
9.834710955619812012e-01
9.916666746139526367e-01
9.495798349380493164e-01
9.344262480735778809e-01
9.426229596138000488e-01
9.344262480735778809e-01
9.583333134651184082e-01
9.504132270812988281e-01
9.256198406219482422e-01
9.499999880790710449e-01
9.669421315193176270e-01
9.344262480735778809e-01
9.672130942344665527e-01
9.752066135406494141e-01
9.666666388511657715e-01
9.918032884597778320e-01
1.000000000000000000e+00
1.000000000000000000e+00
1.000000000000000000e+00
1.000000000000000000e+00
1.000000000000000000e+00
9.268292784690856934e-01
8.991596698760986328e-01
9.915966391563415527e-01
9.836065769195556641e-01
9.918032884597778320e-01
9.674796462059020996e-01
9.256198406219482422e-01
9.516128897666931152e-01
9.918032884597778320e-01
9.669421315193176270e-01
9.516128897666931152e-01
9.416666626930236816e-01
9.669421315193176270e-01
9.504132270812988281e-01
9.754098653793334961e-01
9.918032884597778320e-01
1.000000000000000000e+00
9.586777091026306152e-01
8.960000276565551758e-01
9.674796462059020996e-01
9.918699264526367188e-01
9.672130942344665527e-01
9.344262480735778809e-01
9.918032884597778320e-01
9.752066135406494141e-01
1.000000000000000000e+00
9.512194991111755371e-01
9.754098653793334961e-01
9.672130942344665527e-01
9.752066135406494141e-01
9.918032884597778320e-01
9.586777091026306152e-01
9.590163826942443848e-01
1.000000000000000000e+00
1.000000000000000000e+00
1.000000000000000000e+00
1.000000000000000000e+00
1.000000000000000000e+00
1.000000000000000000e+00
1.000000000000000000e+00
1.000000000000000000e+00
1.000000000000000000e+00
1.000000000000000000e+00
1.000000000000000000e+00
1.000000000000000000e+00
1.000000000000000000e+00
1.000000000000000000e+00
1.000000000000000000e+00
1.000000000000000000e+00
1.000000000000000000e+00
1.000000000000000000e+00
1.000000000000000000e+00
1.000000000000000000e+00
1.000000000000000000e+00
1.000000000000000000e+00
1.000000000000000000e+00
1.000000000000000000e+00
1.000000000000000000e+00
1.000000000000000000e+00
1.000000000000000000e+00
