1.787651155618052295e-02
6.802144755304007258e-03
1.215880101944929147e-02
2.137697028082745365e-02
1.129586941100594634e-02
9.300702975398348130e-03
1.141829628864363122e-02
4.003367475786176813e-03
8.095387264734854593e-03
2.913120793699559147e-02
1.487924355078145029e-02
9.742582519571369934e-03
5.845120606160780947e-03
9.997847718734921216e-03
1.716209445726749050e-02
1.127469947887935024e-02
3.283347394256307551e-03
1.504613582103921099e-02
2.930623230418355485e-02
6.388705450986575940e-03
3.750770990201605665e-03
2.183860831799062235e-02
9.100085804860318095e-03
7.660597964123064263e-03
9.814651155846964431e-03
5.299016193944234079e-03
2.012043478038817723e-02
9.760366517111467716e-03
4.721369736086641726e-03
7.356276583386490292e-03
8.953858585640151260e-03
7.364018786161383341e-03
1.299155222487148598e-02
8.570200287267569147e-03
8.712793173377492845e-03
2.080213713542906906e-02
2.684637547903572039e-03
8.471420815781885091e-03
1.468233470946332143e-02
1.118954365125964141e-02
6.577924680854326661e-03
1.056725970745903478e-02
1.525280540425323628e-02
9.836275175385593428e-03
3.001231500392746807e-03
3.379709345567725749e-03
2.010791112910938552e-02
9.666171507956164421e-03
1.648570754984609449e-02
5.865620143450987409e-03
