9.699875116348266602e-01
9.887453317642211914e-01
9.770737886428833008e-01
9.595664739608764648e-01
9.783242940902709961e-01
9.845768809318542480e-01
9.808253645896911621e-01
9.941642284393310547e-01
9.862442612648010254e-01
9.503960013389587402e-01
9.724885225296020508e-01
9.829095602035522461e-01
9.891621470451354980e-01
9.824926853179931641e-01
9.708212018013000488e-01
9.808253645896911621e-01
9.941642284393310547e-01
9.754064083099365234e-01
9.549812674522399902e-01
9.908295273780822754e-01
9.929137229919433594e-01
9.629012346267700195e-01
9.866611361503601074e-01
9.845768809318542480e-01
9.816589951515197754e-01
9.920800328254699707e-01
9.629012346267700195e-01
9.808253645896911621e-01
9.924968481063842773e-01
9.874947667121887207e-01
9.858274459838867188e-01
9.870779514312744141e-01
9.791579842567443848e-01
9.841600656509399414e-01
9.849937558174133301e-01
9.691538214683532715e-01
9.954147338867187500e-01
9.858274459838867188e-01
9.729053974151611328e-01
9.795747995376586914e-01
9.895789623260498047e-01
9.845768809318542480e-01
9.724885225296020508e-01
9.841600656509399414e-01
9.954147338867187500e-01
9.945811033248901367e-01
9.704043269157409668e-01
9.849937558174133301e-01
9.762400984764099121e-01
9.891621470451354980e-01
