3.386176939464549118e-01
1.831557069904320434e-01
1.311027160845926742e-01
1.225322127203902906e-01
1.112357402722610328e-01
1.097164888786370807e-01
1.010794421470395388e-01
1.026562094838876504e-01
9.384757820041345067e-02
9.011785111449879815e-02
8.389656012663994356e-02
8.472805947298218954e-02
8.635296674458790844e-02
7.619912642879818343e-02
7.953909769950781583e-02
7.367768719632708518e-02
7.450518747392963215e-02
7.168805745902964710e-02
6.747849664661387248e-02
6.307510263798107863e-02
6.738810793932187293e-02
6.444824704707156904e-02
6.284802850831180954e-02
5.989950690947762335e-02
6.273067851192153099e-02
5.984934865626406753e-02
5.685928562225262689e-02
5.767021313311877090e-02
5.282256029694698540e-02
5.353562931675902303e-02
5.636781784728120415e-02
5.114237166893709913e-02
5.298513325842399424e-02
5.044622587993139590e-02
5.145515112029483418e-02
4.864522836249540044e-02
4.761219722297122675e-02
4.815117242386778712e-02
4.440714509054353998e-02
4.565858261205231472e-02
4.511138689938529872e-02
4.534426941420716117e-02
4.123804424820179393e-02
4.377490548060224834e-02
3.980781686388017854e-02
4.103481688688957740e-02
4.468700491738713393e-02
3.903445633836353373e-02
4.251773813435461707e-02
3.718214969879563708e-02
3.879862656544704608e-02
4.082609972503281615e-02
3.618871570652958808e-02
3.451023009855263418e-02
3.834567746605150457e-02
3.513489712859438341e-02
3.670030708059125041e-02
3.676902316243967767e-02
3.623810140757230402e-02
3.563562017120853326e-02
3.237166860646826377e-02
3.485540051482456658e-02
3.406634861094561678e-02
3.402146116582966534e-02
3.278801385363165621e-02
3.232379884223684358e-02
3.105140554132417713e-02
3.134331868419802658e-02
3.125616948896099007e-02
2.899746232538951210e-02
2.736841523940284487e-02
2.877034491024115306e-02
2.751612722529172411e-02
2.864333388463618374e-02
2.686557127395897832e-02
2.544356594994772250e-02
2.731601455021867228e-02
2.754113485479603093e-02
2.504133126851022101e-02
2.349474901675839902e-02
2.554238297952779457e-02
2.280446189801582993e-02
2.165885666963409187e-02
2.154320213966229303e-02
2.442279377197579052e-02
2.178182054328695050e-02
2.143713956569926957e-02
2.122916064627742433e-02
2.006354665051275285e-02
2.176169019744224331e-02
2.085442504500756994e-02
1.799504552471507812e-02
1.927360404440166958e-02
1.822726122326058171e-02
1.948904462149667061e-02
2.181599686603271498e-02
1.731746455727203177e-02
1.859973778570471817e-02
1.400629098302775405e-02
1.717371363734320963e-02
1.604090969462718466e-02
1.911343077457781925e-02
1.504315771147335043e-02
1.480752923770277049e-02
1.515401638127585222e-02
1.577811646805077697e-02
1.295593055480451401e-02
1.413755702851399523e-02
1.422219599538479887e-02
1.349182834494037746e-02
1.072769575663429925e-02
1.458509183057314293e-02
1.153076323561020092e-02
1.061726567537160486e-02
1.450780325044633522e-02
9.573906767056975312e-03
1.089842586152095331e-02
9.056478383497620563e-03
1.438033316448473348e-02
1.190422415046939360e-02
9.497566696238511977e-03
1.177865466079040108e-02
9.947857949025654123e-03
1.287231093990567551e-02
7.988808889179271899e-03
7.929038199719483371e-03
7.229673155939337660e-03
1.598523815795639333e-02
8.733705335325556846e-03
8.753084781417256807e-03
7.561367380066794271e-03
8.382126237045270725e-03
7.328024319816959196e-03
1.027665745450519544e-02
8.690790216898109169e-03
8.990911514672194488e-03
8.833148307784335213e-03
7.352553969082205494e-03
9.863180162951909816e-03
8.903310747208278975e-03
9.443718684070293717e-03
7.292329013234136181e-03
6.580271995556723381e-03
9.527402421483146047e-03
7.825288107325401726e-03
6.670189361151298083e-03
1.287179279296911741e-02
6.276598445850790735e-03
6.165266555082333372e-03
8.838452394822346805e-03
