2.020202018320560455e-02
1.875000074505805969e-02
2.298850566148757935e-02
6.250000000000000000e-02
3.389830514788627625e-02
5.633802711963653564e-02
3.448275849223136902e-02
7.407407462596893311e-02
9.803921729326248169e-02
1.276595741510391235e-01
2.765957415103912354e-01
7.999999821186065674e-02
1.923076957464218140e-01
3.191489279270172119e-01
1.551724076271057129e-01
2.941176593303680420e-01
3.653846085071563721e-01
2.857142984867095947e-01
3.870967626571655273e-01
4.000000059604644775e-01
3.506493568420410156e-01
4.383561611175537109e-01
5.000000000000000000e-01
4.246575236320495605e-01
4.086021482944488525e-01
4.166666567325592041e-01
4.190476238727569580e-01
4.175824224948883057e-01
5.402298569679260254e-01
4.942528605461120605e-01
4.499999880790710449e-01
5.102040767669677734e-01
4.392523467540740967e-01
4.761904776096343994e-01
5.049505233764648438e-01
5.833333134651184082e-01
5.825242996215820312e-01
5.333333611488342285e-01
5.979381203651428223e-01
6.216216087341308594e-01
5.754716992378234863e-01
5.478261113166809082e-01
6.936936974525451660e-01
6.090909242630004883e-01
6.785714030265808105e-01
6.666666865348815918e-01
5.775862336158752441e-01
6.890756487846374512e-01
5.952380895614624023e-01
6.999999880790710449e-01
6.666666865348815918e-01
6.343283653259277344e-01
7.380952239036560059e-01
7.460317611694335938e-01
6.888889074325561523e-01
6.691729426383972168e-01
6.478873491287231445e-01
6.978417038917541504e-01
7.153284549713134766e-01
6.433566212654113770e-01
7.642857432365417480e-01
6.800000071525573730e-01
7.394366264343261719e-01
6.410256624221801758e-01
7.368420958518981934e-01
7.070063948631286621e-01
7.115384340286254883e-01
6.987179517745971680e-01
7.243589758872985840e-01
7.820512652397155762e-01
7.973856329917907715e-01
8.216560482978820801e-01
7.987805008888244629e-01
7.440476417541503906e-01
7.411764860153198242e-01
8.106508851051330566e-01
8.012048006057739258e-01
7.861635088920593262e-01
8.057143092155456543e-01
8.034682273864746094e-01
7.722222208976745605e-01
8.135592937469482422e-01
8.245614171028137207e-01
8.478260636329650879e-01
7.740113139152526855e-01
8.260869383811950684e-01
7.912088036537170410e-01
8.418079018592834473e-01
8.735632300376892090e-01
8.426966071128845215e-01
8.216215968132019043e-01
8.709677457809448242e-01
8.299999833106994629e-01
8.290155529975891113e-01
7.989690899848937988e-01
8.041236996650695801e-01
8.686868548393249512e-01
8.520408272743225098e-01
8.934010267257690430e-01
8.505154848098754883e-01
8.808290362358093262e-01
8.229166865348815918e-01
8.872548937797546387e-01
8.849999904632568359e-01
8.500000238418579102e-01
8.660287261009216309e-01
9.004974961280822754e-01
8.431372642517089844e-01
8.965517282485961914e-01
8.719211816787719727e-01
9.223300814628601074e-01
8.894230723381042480e-01
8.921568393707275391e-01
9.082568883895874023e-01
8.731707334518432617e-01
9.417475461959838867e-01
8.930232524871826172e-01
9.170507192611694336e-01
8.457943797111511230e-01
9.033816456794738770e-01
9.308755993843078613e-01
9.038461446762084961e-01
8.750000000000000000e-01
8.779342770576477051e-01
9.436619877815246582e-01
9.223744273185729980e-01
9.200000166893005371e-01
8.443396091461181641e-01
9.476190209388732910e-01
9.128440618515014648e-01
9.449541568756103516e-01
9.159291982650756836e-01
9.321267008781433105e-01
8.957346081733703613e-01
9.026548862457275391e-01
9.095022678375244141e-01
9.151785969734191895e-01
9.336283206939697266e-01
9.140271544456481934e-01
9.090909361839294434e-01
8.947368264198303223e-01
9.360730648040771484e-01
9.288889169692993164e-01
9.299065470695495605e-01
9.288889169692993164e-01
9.366515874862670898e-01
8.705357313156127930e-01
9.459459185600280762e-01
9.399141669273376465e-01
9.115044474601745605e-01
