1.694915257394313812e-02
1.271186396479606628e-02
8.474576286971569061e-03
2.118644118309020996e-02
8.474576286971569061e-03
1.694915257394313812e-02
8.474576286971569061e-03
1.694915257394313812e-02
2.118644118309020996e-02
2.542372792959213257e-02
5.508474633097648621e-02
1.694915257394313812e-02
4.237288236618041992e-02
6.355932354927062988e-02
3.813559189438819885e-02
8.474576473236083984e-02
8.050847798585891724e-02
8.474576473236083984e-02
1.016949117183685303e-01
1.016949117183685303e-01
1.144067794084548950e-01
1.355932205915451050e-01
1.228813529014587402e-01
1.313559263944625854e-01
1.610169559717178345e-01
1.483050882816314697e-01
1.864406764507293701e-01
1.610169559717178345e-01
1.991525441408157349e-01
1.822033971548080444e-01
1.906779706478118896e-01
2.118644118309020996e-01
1.991525441408157349e-01
2.118644118309020996e-01
2.161016911268234253e-01
2.372881323099136353e-01
2.542372941970825195e-01
2.372881323099136353e-01
2.457627058029174805e-01
2.923728823661804199e-01
2.584745883941650391e-01
2.669491469860076904e-01
3.262711763381958008e-01
2.838982939720153809e-01
3.220339119434356689e-01
3.305084705352783203e-01
2.838982939720153809e-01
3.474576175212860107e-01
3.177966177463531494e-01
3.559322059154510498e-01
3.559322059154510498e-01
3.601695001125335693e-01
3.940677940845489502e-01
3.983050882816314697e-01
3.940677940845489502e-01
3.771186470985412598e-01
3.898304998874664307e-01
4.110169410705566406e-01
4.152542352676391602e-01
3.898304998874664307e-01
4.533898234367370605e-01
4.322033822536468506e-01
4.449152648448944092e-01
4.237288236618041992e-01
4.745762646198272705e-01
4.703389704227447510e-01
4.703389704227447510e-01
4.618644118309020996e-01
4.788135588169097900e-01
5.169491767883300781e-01
5.169491767883300781e-01
5.466101765632629395e-01
5.550847649574279785e-01
5.296609997749328613e-01
5.338982939720153809e-01
5.805084705352783203e-01
5.635592937469482422e-01
5.296609997749328613e-01
5.974576473236083984e-01
5.889830589294433594e-01
5.889830589294433594e-01
6.101694703102111816e-01
5.974576473236083984e-01
6.610169410705566406e-01
5.805084705352783203e-01
6.440678238868713379e-01
6.101694703102111816e-01
6.313559412956237793e-01
6.440678238868713379e-01
6.355932354927062988e-01
6.440678238868713379e-01
6.864407062530517578e-01
7.033898234367370605e-01
6.779661178588867188e-01
6.567796468734741211e-01
6.610169410705566406e-01
7.288135886192321777e-01
7.076271176338195801e-01
7.457627058029174805e-01
6.991525292396545410e-01
7.203390002250671387e-01
6.694915294647216797e-01
7.669491767883300781e-01
7.500000000000000000e-01
7.203390002250671387e-01
7.669491767883300781e-01
7.669491767883300781e-01
7.288135886192321777e-01
7.711864113807678223e-01
7.500000000000000000e-01
8.050847649574279785e-01
7.838982939720153809e-01
7.711864113807678223e-01
8.389830589294433594e-01
7.584745883941650391e-01
8.220338821411132812e-01
8.135592937469482422e-01
8.432203531265258789e-01
7.669491767883300781e-01
7.923728823661804199e-01
8.559321761131286621e-01
7.966101765632629395e-01
8.305084705352783203e-01
7.923728823661804199e-01
8.516949415206909180e-01
8.559321761131286621e-01
8.771186470985412598e-01
7.584745883941650391e-01
8.432203531265258789e-01
8.432203531265258789e-01
8.728813529014587402e-01
8.771186470985412598e-01
8.728813529014587402e-01
8.008474707603454590e-01
8.644067645072937012e-01
8.516949415206909180e-01
8.686440587043762207e-01
8.940678238868713379e-01
8.559321761131286621e-01
8.474576473236083984e-01
8.644067645072937012e-01
8.686440587043762207e-01
8.855932354927062988e-01
8.432203531265258789e-01
8.855932354927062988e-01
8.771186470985412598e-01
8.262711763381958008e-01
8.898305296897888184e-01
9.279661178588867188e-01
8.728813529014587402e-01
