5.711159435840792442e-01
2.322517707603678483e-01
1.683357145449827785e-01
1.409457562854375678e-01
1.291415351238613674e-01
1.125011101415495096e-01
9.989883191930819251e-02
1.061637715336888332e-01
8.384386939742852207e-02
7.882692751086790850e-02
8.014264289596871593e-02
8.217585110513150881e-02
7.381597668767353460e-02
8.100634095816229563e-02
6.538335575991906234e-02
6.902963387238425508e-02
5.920712937512306873e-02
6.659261875201102909e-02
6.517772765038633287e-02
5.487171387382591692e-02
6.062188247041520872e-02
6.099190250102107941e-02
5.564055563547268268e-02
6.351874729732630287e-02
4.854465658487023411e-02
5.015259853526792683e-02
4.793651405808537630e-02
4.868273338480177265e-02
4.126150519128329863e-02
4.283025091289528741e-02
5.224824777365234818e-02
4.421731874622388675e-02
4.677945958257477554e-02
4.036336049106736129e-02
3.712575875214806781e-02
4.340128695438704581e-02
3.802935390782406777e-02
3.793512335933162116e-02
3.815286503155690401e-02
2.920138908113031895e-02
3.062166316060636884e-02
3.768308759208209568e-02
3.246132311354101713e-02
2.950165889913070397e-02
2.892731659972831368e-02
3.095335940383453499e-02
3.242775906078186610e-02
3.266325572249627329e-02
2.380978218931507906e-02
2.797931937315751433e-02
2.412507748833796553e-02
2.427867989396444159e-02
2.971463773864268382e-02
2.209929113250706095e-02
2.457057130686450541e-02
1.979267496840110899e-02
1.852567059273416139e-02
2.329931671819777603e-02
2.009548559780951343e-02
2.017039334616105989e-02
1.577828336737451334e-02
1.837461520970875770e-02
1.785282324456135411e-02
2.545540233050132273e-02
1.814865513438906203e-02
1.714860579837704235e-02
1.887565087015104573e-02
1.493921258847128765e-02
1.302080026372920592e-02
1.672414476626865598e-02
1.268851113042953650e-02
1.365771144589145343e-02
1.330528718622176962e-02
1.691566069951048676e-02
1.217566627227400014e-02
8.819237092183017032e-03
1.047847549072673454e-02
1.137641949813427041e-02
1.138485944040324403e-02
9.167252670477358395e-03
1.075405957789630877e-02
1.118008839856463044e-02
1.162887431368089981e-02
1.006749857083183430e-02
1.217994335997479513e-02
1.278116041575863733e-02
1.126753812777882627e-02
9.361040914474531849e-03
9.765319505088172411e-03
8.153431492524879434e-03
1.600486356556321196e-02
7.578787309044763762e-03
3.647911606344687776e-03
6.392171652731632944e-03
5.472809554847551938e-03
8.672314079824921390e-03
1.499319696766432571e-02
1.295524385208401789e-02
7.824955671242030467e-03
7.159337359569163499e-03
7.672666927334905775e-03
5.391918270805374537e-03
7.227833940515621461e-03
7.688826413964951027e-03
5.610634366052331436e-03
3.084738466398392626e-03
1.164036567458768753e-02
8.026647967469522499e-03
4.622122229964927519e-03
6.676617411534296366e-03
6.752194866860958440e-03
1.070698268191759041e-02
6.214013462177384907e-03
7.059538757810506805e-03
3.216986049490392057e-03
6.762156454633613811e-03
1.077616685142949310e-02
7.933891364402801544e-03
3.558708275550184937e-03
2.075899392563306054e-03
1.697049172729033287e-03
1.609298263442157087e-03
1.579226453888996030e-03
1.572017272152636787e-03
1.520878810703313322e-03
1.496193818984273673e-03
1.464885972463870470e-03
1.441023439005505603e-03
1.414413559043791726e-03
1.388105317786824354e-03
1.362225079148944888e-03
1.330342240765470261e-03
1.301565144012187996e-03
6.922915018386114651e-03
3.982699166133756019e-02
1.229608622105914269e-02
9.422064329759389026e-03
3.026921283069753960e-03
4.575097564210126727e-03
8.141496606293206414e-03
3.428027610605617875e-03
4.531116409800222365e-03
4.259062102261386949e-03
2.079606749684437695e-03
5.507492086688651166e-03
9.336083610561807938e-03
4.075224486831378716e-03
2.905582701570765761e-03
2.390841930576976040e-03
1.392081758995829819e-03
