5.403065909230454489e-01
2.589864914804237417e-01
1.997673124588034144e-01
1.770446048174983966e-01
1.809655498396184614e-01
1.807203031851783159e-01
1.784956778817489986e-01
1.645260575697811145e-01
1.392659663749055421e-01
1.444689126509597910e-01
1.345729233375989875e-01
1.338000463747547053e-01
1.289921372145325928e-01
1.285166209551242278e-01
1.276422880667612003e-01
1.256592212779852891e-01
1.190793579751653203e-01
1.211639161164492356e-01
1.129483607736296025e-01
1.183303465325047654e-01
1.150260110025728838e-01
1.122044850952707840e-01
1.051764935369241677e-01
1.065896660720588307e-01
1.007383196915671020e-01
1.056158243658241319e-01
1.061568549038946763e-01
9.697301223146315152e-02
9.829862896534570516e-02
1.159870974660335424e-01
1.006310997778041422e-01
9.484031279094130851e-02
9.143851020825315146e-02
9.924266114621620172e-02
9.454186990761204168e-02
8.699241197976617657e-02
8.669128733524095187e-02
9.091130035064480530e-02
8.961672247346075260e-02
9.084495908912920692e-02
8.171519701359306054e-02
8.710489000718196761e-02
8.212289457893888478e-02
7.508331262712564236e-02
7.896947808646688494e-02
8.089645547198331954e-02
7.872003758665130357e-02
8.557329279859438032e-02
6.976798947002611773e-02
7.285046153538643487e-02
6.689941357656410681e-02
7.075255232555478779e-02
7.012386870389393512e-02
6.587844691332077340e-02
6.192700563795515423e-02
6.852126864542650020e-02
6.724255136544875222e-02
6.148644027517998628e-02
6.637226946022362073e-02
6.419176520301839162e-02
6.707900970613943359e-02
6.095846095252289293e-02
6.841126703623427729e-02
5.863652378672783161e-02
5.523631082646167367e-02
5.932057492455532904e-02
4.957316566193580021e-02
5.163414202782012907e-02
5.351343343063505453e-02
4.372528878866498159e-02
5.142245523340766705e-02
4.328516279456198074e-02
5.615602136556566842e-02
5.231953495349291744e-02
4.546213169513007440e-02
4.514436853707561731e-02
4.016249406847943043e-02
5.262412590137328233e-02
4.070019490633944304e-02
3.844585172432153641e-02
4.163662017973680102e-02
3.803826656766921832e-02
3.596747061442284732e-02
3.497345251992042131e-02
3.554844547870442129e-02
3.197143985413580802e-02
3.127214476436489254e-02
2.878504000829489387e-02
3.467057181172635699e-02
3.613085306353377296e-02
3.147426027055900966e-02
3.735477506387965135e-02
3.059838238546494157e-02
3.050730699492302384e-02
2.650136978890664172e-02
2.612381460365599539e-02
2.618942788344466935e-02
2.730288882078010099e-02
2.505498006616346807e-02
1.851796813948566878e-02
1.634293890780760469e-02
2.653011410843793619e-02
2.782231827590150516e-02
3.010022592767646818e-02
1.611502954487606040e-02
1.977390022064355948e-02
1.887590724302000422e-02
1.947764472247442979e-02
1.937233135077534932e-02
1.548006008772644451e-02
2.618839160366115415e-02
2.002779552885274733e-02
1.823476281966182264e-02
2.364844938855181766e-02
2.559797597710848985e-02
1.637217349035845551e-02
1.194942272937680322e-02
1.229060028295796830e-02
8.233421793221038648e-03
1.387455807169940200e-02
1.377972332114846439e-02
8.836749144818866614e-03
1.312960060826251843e-02
2.140859324270765265e-02
1.365567414004203832e-02
1.283358910033572352e-02
1.025629449026059514e-02
1.932038629043680150e-02
2.351337272860452507e-02
1.141434181159010214e-02
1.028559910040415318e-02
9.264952303976645848e-03
8.406315913725169453e-03
1.070545612295507702e-02
1.874422721863188909e-02
1.305774712789829588e-02
8.019826880147937903e-03
9.378924843210213746e-03
1.129677103832554472e-02
2.148012869984558190e-02
1.149568869727562309e-02
9.141286979002634372e-03
1.204442650412688998e-02
8.589503911148847412e-03
1.391424224443605848e-02
1.517751678686729382e-02
1.273195925444178811e-02
3.523840879464010603e-03
9.726966854980968052e-03
3.453303296234592860e-03
