8.963585644960403442e-02
2.184873968362808228e-01
3.053221404552459717e-01
3.445378243923187256e-01
3.277311027050018311e-01
3.529411852359771729e-01
3.669467866420745850e-01
3.921568691730499268e-01
4.229691922664642334e-01
4.173669517040252686e-01
4.565826356410980225e-01
4.537815153598785400e-01
4.453781545162200928e-01
4.537815153598785400e-01
4.481792747974395752e-01
4.257703125476837158e-01
4.845938384532928467e-01
4.621848762035369873e-01
4.789915978908538818e-01
4.985994398593902588e-01
4.733893573284149170e-01
5.126050710678100586e-01
5.070028305053710938e-01
5.266106724739074707e-01
5.322129130363464355e-01
5.182073116302490234e-01
5.154061913490295410e-01
5.294117927551269531e-01
5.378151535987854004e-01
4.817927181720733643e-01
5.070028305053710938e-01
5.406162738800048828e-01
5.490196347236633301e-01
5.154061913490295410e-01
5.350140333175659180e-01
5.630252361297607422e-01
5.742297172546386719e-01
5.714285969734191895e-01
5.574229955673217773e-01
5.546218752861022949e-01
5.798319578170776367e-01
5.658263564109802246e-01
6.134454011917114258e-01
6.218487620353698730e-01
6.162465214729309082e-01
5.938375592231750488e-01
5.966386795043945312e-01
5.826330780982971191e-01
6.330532431602478027e-01
6.162465214729309082e-01
6.470588445663452148e-01
6.442577242851257324e-01
6.442577242851257324e-01
6.582633256912231445e-01
6.750700473785400391e-01
6.274510025978088379e-01
6.386554837226867676e-01
6.722689270973205566e-01
6.386554837226867676e-01
6.666666865348815918e-01
6.610644459724426270e-01
6.890756487846374512e-01
6.554622054100036621e-01
6.946778893470764160e-01
6.974790096282958984e-01
6.862745285034179688e-01
7.226890921592712402e-01
7.535014152526855469e-01
7.198879718780517578e-01
7.366946935653686523e-01
7.338935732841491699e-01
7.675070166587829590e-01
6.806722879409790039e-01
7.338935732841491699e-01
7.478991746902465820e-01
7.703081369400024414e-01
7.535014152526855469e-01
7.282913327217102051e-01
7.731092572212219238e-01
7.843137383460998535e-01
7.871148586273193359e-01
7.899159789085388184e-01
8.039215803146362305e-01
8.067227005958557129e-01
8.095238208770751953e-01
8.207283020019531250e-01
8.319327831268310547e-01
8.431372642517089844e-01
8.039215803146362305e-01
8.151260614395141602e-01
8.291316628456115723e-01
8.095238208770751953e-01
8.207283020019531250e-01
8.319327831268310547e-01
8.515406250953674316e-01
8.683473467826843262e-01
8.683473467826843262e-01
8.543417453765869141e-01
8.655462265014648438e-01
9.075630307197570801e-01
9.103641510009765625e-01
8.711484670639038086e-01
8.515406250953674316e-01
8.487395048141479492e-01
9.103641510009765625e-01
8.851540684700012207e-01
8.991596698760986328e-01
8.907563090324401855e-01
8.823529481887817383e-01
9.187675118446350098e-01
8.851540684700012207e-01
8.907563090324401855e-01
9.047619104385375977e-01
8.683473467826843262e-01
8.767507076263427734e-01
9.103641510009765625e-01
9.327731132507324219e-01
9.355742335319519043e-01
9.495798349380493164e-01
9.327731132507324219e-01
9.271708726882934570e-01
9.551820755004882812e-01
9.327731132507324219e-01
8.907563090324401855e-01
9.243697524070739746e-01
9.439775943756103516e-01
9.551820755004882812e-01
9.215686321258544922e-01
8.879551887512207031e-01
9.439775943756103516e-01
9.523809552192687988e-01
9.523809552192687988e-01
9.495798349380493164e-01
9.467787146568298340e-01
9.187675118446350098e-01
9.383753538131713867e-01
9.607843160629272461e-01
9.551820755004882812e-01
9.523809552192687988e-01
9.047619104385375977e-01
9.523809552192687988e-01
9.523809552192687988e-01
9.439775943756103516e-01
9.467787146568298340e-01
9.383753538131713867e-01
9.411764740943908691e-01
9.327731132507324219e-01
9.831932783126831055e-01
9.551820755004882812e-01
9.915966391563415527e-01
