9.532608985900878906e-01
9.570815563201904297e-01
9.697297215461730957e-01
9.751887917518615723e-01
9.795037508010864258e-01
9.849300384521484375e-01
9.784714579582214355e-01
9.817204475402832031e-01
9.957081675529479980e-01
9.892588853836059570e-01
9.828326106071472168e-01
9.849137663841247559e-01
9.913606643676757812e-01
9.967811107635498047e-01
9.817204475402832031e-01
9.827586412429809570e-01
9.871244430541992188e-01
9.903329610824584961e-01
9.957173466682434082e-01
9.957035183906555176e-01
9.957035183906555176e-01
9.924973249435424805e-01
9.860813617706298828e-01
9.881465435028076172e-01
9.913978576660156250e-01
9.882227182388305664e-01
9.914070963859558105e-01
9.967776536941528320e-01
9.967776536941528320e-01
9.871382713317871094e-01
9.850267171859741211e-01
9.913978576660156250e-01
9.957081675529479980e-01
9.957035183906555176e-01
9.775401353836059570e-01
9.849946498870849609e-01
9.946409463882446289e-01
9.967880249023437500e-01
1.000000000000000000e+00
9.967811107635498047e-01
9.924973249435424805e-01
9.763441085815429688e-01
9.892933368682861328e-01
9.967741966247558594e-01
9.849785566329956055e-01
9.946294426918029785e-01
9.989270567893981934e-01
9.935966134071350098e-01
9.978448152542114258e-01
9.967845678329467773e-01
