1.313383756435814072e-02
1.298870573283946936e-02
1.066836433265216239e-02
1.199683270089302485e-02
8.098694512935286291e-03
9.118688584517057813e-03
8.001894293067825931e-03
8.426251754633021923e-03
7.727654493771479033e-03
7.896542802788945881e-03
8.408632629566339250e-03
7.557830354532505540e-03
6.248197089943814155e-03
7.477803080341015839e-03
6.625532712245730226e-03
6.661341892505690324e-03
7.382426540788325671e-03
5.011809666363287348e-03
4.699013252624451020e-03
6.350385752947414544e-03
3.639033785915628001e-03
6.121964092103757485e-03
3.382362919117244422e-03
3.012490058295762361e-03
5.364366076138255175e-03
3.677754908432635632e-03
4.676572037443552966e-03
3.583135096456191871e-03
3.578687355048754386e-03
2.863915711893393924e-03
1.770007268192227198e-03
1.709844996941137577e-03
4.803928017546847500e-03
3.193420906880259889e-03
1.912484415066126320e-03
4.544391688197443532e-03
5.063999202255373491e-03
1.695639912595390186e-03
7.787655249900623296e-04
1.080489923185832266e-03
4.200774374463278095e-03
2.699010946954302683e-03
2.523029049209707473e-03
4.990672188351113168e-03
2.470846361184304753e-03
1.829233448277458544e-03
4.509816810865678247e-03
2.771060426808632810e-03
2.553251114237910235e-03
3.524918337159119782e-03
