8.846684721223635126e-03
1.279604127269055001e-02
7.584621306720969527e-03
5.662581340407914395e-03
9.746633374125562984e-04
6.184844048956315669e-03
1.645008319216829940e-02
6.969174531202832444e-03
4.276114783014064308e-03
1.133101241601284712e-02
1.026315727382055669e-02
7.987954531043464645e-03
1.189326686169795387e-02
7.419245063000543677e-03
9.598476123205728489e-03
4.670167010386960631e-03
1.547527863007602984e-02
3.801239759774232337e-03
6.711996656664256412e-03
1.234946010223644461e-02
2.677777837807873099e-03
1.095675159955596025e-03
2.099935859464427401e-03
2.777846662664315569e-02
9.726326769769300801e-03
7.444316666569761494e-03
1.697022144139430496e-03
1.943894628385736288e-03
3.669640302116845484e-03
2.131669209147809066e-02
1.214724172238863809e-02
4.234993355643320613e-03
6.884491741788724591e-03
1.078538104761873418e-03
4.269451336210842649e-03
1.570346005156166014e-02
4.391514578072653122e-03
5.750765614859394432e-04
5.424125814160026199e-04
5.167757753883339689e-04
4.700275533146561690e-04
4.516601390948393746e-04
5.111819515423906548e-04
3.849991876099372046e-02
1.075292886686294962e-02
4.001354147859525340e-03
8.277376643504570294e-03
7.419654113646268964e-03
4.030207078788582489e-03
4.982127779498583993e-03
