2.894775589687793027e-01
1.202023194918396126e-01
8.528834148381479741e-02
6.070395298786963184e-02
6.199759464511107182e-02
5.067791642004031150e-02
4.687564500530581185e-02
3.982354059032869320e-02
4.752277588900422761e-02
3.665755215260009525e-02
3.926013732904674175e-02
5.456400580866785366e-02
3.394799690187603330e-02
3.334544552861536115e-02
2.457486242974799007e-02
3.472229335253350369e-02
2.741306142529810128e-02
4.564657734641577869e-02
2.627596825697797733e-02
2.313577304639320709e-02
2.787145793765737414e-02
3.574631371549200076e-02
2.894770774072999084e-02
1.970898871969373536e-02
2.325260518333616827e-02
2.035861092060820693e-02
2.032948676539693758e-02
1.914142133948501870e-02
2.291041382593372866e-02
1.754111907668850709e-02
2.206368556258551938e-02
2.295805535294364805e-02
1.821984806340260638e-02
1.525831345191040744e-02
2.008341908049311036e-02
1.422687634006968189e-02
1.853718558148493775e-02
2.013567158552253752e-02
1.336497385716106136e-02
1.702367279387224236e-02
1.690325267672932591e-02
1.324579688107712511e-02
1.865472454910077627e-02
1.406791417863112979e-02
9.834312261350704534e-03
1.098891690553771561e-02
1.131079899263348794e-02
1.465631037958792585e-02
1.625630424219094358e-02
9.749145836350201627e-03
1.587079685378320684e-02
9.010499049704780161e-03
9.164146940170559211e-03
9.103574817748781578e-03
1.923489093385096285e-02
2.242456667354713121e-02
1.143613043088193351e-02
1.428078466763236729e-02
1.317869805523827834e-02
1.254746636270478825e-02
8.240156818721788498e-03
5.592466068432232901e-03
6.007481076533992097e-03
1.088155722738332574e-02
5.725498907790393076e-03
1.236818177594599215e-02
7.956474071949701243e-03
1.114080057704244266e-02
4.480055931074744362e-03
5.622778541313042285e-03
6.021474755269214107e-03
1.072430702622337133e-02
1.149887813890556471e-02
9.042230837490818074e-03
9.543015652382216135e-03
1.037570938634758619e-02
5.704571707655091937e-03
4.947802108221681892e-03
5.584026317662063067e-03
4.004904559576732276e-03
1.523262999419191382e-02
7.648128417509993289e-03
5.030431264006105310e-03
6.944632417749053294e-03
2.564561258930433876e-03
9.200623235416583584e-03
8.512540091715202137e-03
7.491780577766905466e-03
8.069034362908044863e-03
2.677920434930218009e-03
1.297655437107714162e-03
3.724656053669843370e-02
9.547923097121012448e-03
9.402015624670677710e-03
5.310304994497235496e-03
2.003922626115144101e-03
4.706163840550696073e-03
7.357383457884175346e-03
2.027490595382517441e-03
2.142621408387421472e-03
4.632424148437625476e-03
4.203591816332110861e-03
9.067796970823968237e-04
1.597094087325680182e-03
4.658822592733429142e-03
1.329732354110734101e-02
3.828963021660256819e-03
4.470957623566752283e-03
6.456645407345327180e-03
2.431461138104991631e-03
2.861302379359043340e-03
7.707220488478339245e-03
8.005069293856182516e-03
4.324793679419527970e-03
2.851709192289075302e-03
3.385566756040132852e-03
1.004316643154245375e-02
5.646495606074265934e-03
3.711510554190526699e-03
1.084928697747159290e-03
4.091515377945708146e-03
2.556329539066157577e-03
7.025019734242898654e-04
1.842487343853041167e-03
1.963809544687854670e-03
9.001733082335877309e-03
2.387515892453068687e-03
3.681518013926355672e-03
2.169808667876433911e-03
1.150547636365228336e-03
4.834341568672253522e-04
2.930038980859510627e-03
1.127126712687029179e-02
1.036037175119846471e-02
1.228750663657872735e-02
1.623362035772713940e-03
1.609299117257045127e-04
4.848717845669450917e-03
3.664554427281834469e-03
3.335624509249574942e-03
3.774922796778759073e-04
2.338397852113768306e-03
1.668021865581089660e-03
1.423134525240978151e-04
1.693488411936577452e-03
3.534007597078467865e-03
6.203693526875939286e-03
2.970606516792724267e-03
2.707606439730705829e-03
4.255591316264033599e-03
