9.174311906099319458e-02
2.201834917068481445e-01
3.211009204387664795e-01
3.486238420009613037e-01
4.311926662921905518e-01
4.954128563404083252e-01
4.954128563404083252e-01
5.321100950241088867e-01
5.045871734619140625e-01
5.504587292671203613e-01
5.504587292671203613e-01
4.770642220973968506e-01
5.504587292671203613e-01
5.963302850723266602e-01
6.422018408775329590e-01
5.871559381484985352e-01
6.330274939537048340e-01
4.678899049758911133e-01
6.697247624397277832e-01
6.330274939537048340e-01
6.330274939537048340e-01
5.963302850723266602e-01
5.963302850723266602e-01
6.605504751205444336e-01
6.972476840019226074e-01
6.880733966827392578e-01
6.880733966827392578e-01
6.880733966827392578e-01
6.697247624397277832e-01
6.972476840019226074e-01
6.788991093635559082e-01
6.605504751205444336e-01
6.788991093635559082e-01
8.165137767791748047e-01
6.972476840019226074e-01
7.431192398071289062e-01
6.880733966827392578e-01
7.064220309257507324e-01
7.431192398071289062e-01
7.064220309257507324e-01
7.155963182449340820e-01
7.981651425361633301e-01
7.431192398071289062e-01
7.431192398071289062e-01
8.165137767791748047e-01
8.165137767791748047e-01
7.981651425361633301e-01
7.522935867309570312e-01
7.522935867309570312e-01
8.256880640983581543e-01
7.339449524879455566e-01
8.348624110221862793e-01
8.623853325843811035e-01
8.348624110221862793e-01
7.431192398071289062e-01
7.155963182449340820e-01
7.981651425361633301e-01
7.889908552169799805e-01
7.981651425361633301e-01
8.165137767791748047e-01
8.532109856605529785e-01
8.532109856605529785e-01
8.807339668273925781e-01
8.165137767791748047e-01
9.082568883895874023e-01
8.073394298553466797e-01
8.715596199035644531e-01
8.073394298553466797e-01
9.174311757087707520e-01
9.174311757087707520e-01
8.990825414657592773e-01
8.256880640983581543e-01
8.440366983413696289e-01
8.623853325843811035e-01
8.807339668273925781e-01
8.348624110221862793e-01
9.082568883895874023e-01
8.990825414657592773e-01
9.174311757087707520e-01
9.082568883895874023e-01
8.532109856605529785e-01
8.807339668273925781e-01
9.174311757087707520e-01
8.990825414657592773e-01
9.449541568756103516e-01
9.082568883895874023e-01
8.532109856605529785e-01
8.807339668273925781e-01
8.990825414657592773e-01
9.357798099517822266e-01
9.633027315139770508e-01
7.339449524879455566e-01
8.532109856605529785e-01
8.623853325843811035e-01
9.082568883895874023e-01
9.633027315139770508e-01
9.174311757087707520e-01
8.990825414657592773e-01
9.449541568756103516e-01
9.357798099517822266e-01
9.266055226325988770e-01
9.266055226325988770e-01
9.816513657569885254e-01
9.633027315139770508e-01
9.174311757087707520e-01
8.715596199035644531e-01
9.633027315139770508e-01
9.266055226325988770e-01
9.174311757087707520e-01
9.449541568756103516e-01
9.541284441947937012e-01
8.807339668273925781e-01
8.899082541465759277e-01
9.174311757087707520e-01
9.541284441947937012e-01
9.541284441947937012e-01
8.715596199035644531e-01
9.082568883895874023e-01
9.541284441947937012e-01
9.816513657569885254e-01
9.174311757087707520e-01
9.724770784378051758e-01
9.816513657569885254e-01
9.541284441947937012e-01
9.724770784378051758e-01
8.990825414657592773e-01
9.633027315139770508e-01
9.541284441947937012e-01
9.541284441947937012e-01
9.816513657569885254e-01
9.816513657569885254e-01
9.449541568756103516e-01
8.532109856605529785e-01
8.715596199035644531e-01
8.440366983413696289e-01
9.541284441947937012e-01
1.000000000000000000e+00
8.990825414657592773e-01
9.357798099517822266e-01
9.633027315139770508e-01
9.908257126808166504e-01
9.633027315139770508e-01
9.724770784378051758e-01
1.000000000000000000e+00
9.724770784378051758e-01
9.449541568756103516e-01
9.266055226325988770e-01
9.633027315139770508e-01
9.633027315139770508e-01
9.541284441947937012e-01
