19
[0.04057142410923313, 0.9745763, 0.8778626]

21
[0.07538851618042142, 0.974359, 0.870229]

23
[0.06838648021928623, 0.9516129, 0.90076333]

25
[0.10733131457188905, 0.973913, 0.8549618]

27
[0.06257557607616808, 0.97619045, 0.9389313]

29
[0.051086424927874526, 0.952, 0.90839696]

31
[0.07030118148909968, 0.9752066, 0.90076333]

33
[0.03874039270978762, 0.9758065, 0.9236641]

vote:
accuracy= 0.9864351600651112
precision= 0.8785714285714286
recall= 0.9389312977099237
f1= 0.9077490774907749

probability:
accuracy= 0.9945740640260445
precision= 0.991869918699187
recall= 0.9312977099236641
f1= 0.9606299212598425

