19
[0.04392566245968433, 0.9469697, 0.9541985]

21
[0.060937122771366356, 0.9918699, 0.9312977]

23
[0.09097328486691147, 0.9202899, 0.9694657]

25
[0.03589027366038499, 0.9477612, 0.9694657]

27
[0.02982773244832842, 0.969697, 0.97709924]

29
[0.021156203124974866, 0.97619045, 0.9389313]

31
[0.09196788958226833, 0.96638656, 0.8778626]

33
[0.04354806923233195, 0.98333335, 0.90076333]

vote:
accuracy= 0.9924036896364623
precision= 0.9148936170212766
recall= 0.9847328244274809
f1= 0.9485294117647058

probability:
accuracy= 0.9956592512208355
precision= 0.992
recall= 0.9465648854961832
f1= 0.96875

