1.348685634489967533e-01
6.943972740136519772e-02
6.018261154083576897e-02
5.335823119775019718e-02
4.673792197468437659e-02
4.042950565786276179e-02
4.083277670827197697e-02
4.308163961420831412e-02
3.598050584385282386e-02
3.514362902348833889e-02
3.505371100692782765e-02
3.381568295733494711e-02
3.687360414734387054e-02
3.061327219336406821e-02
3.012678491252194363e-02
2.893779590541866939e-02
3.008410902762294337e-02
2.952847965868378791e-02
3.093071356711063480e-02
3.018356929839302594e-02
2.616412962472811077e-02
2.559318717617551503e-02
2.511132929934374591e-02
3.239478906147486015e-02
2.237995042836931833e-02
2.533967388775458865e-02
2.351702941213453663e-02
2.348376492999875928e-02
2.216351413821127450e-02
2.210607013769085027e-02
2.231653810226468665e-02
2.079408982765413444e-02
1.948215390378371659e-02
1.939434294476500079e-02
2.003945247445735114e-02
2.094163338212841688e-02
2.018554453523840539e-02
1.783450106573689076e-02
1.602265524707598837e-02
1.775354680334047253e-02
1.630628170994415094e-02
1.743146639507428194e-02
1.769580314841988702e-02
1.451598195779034255e-02
1.627741280081249770e-02
1.660248383863275126e-02
1.415593011118543645e-02
1.330128401920864858e-02
1.372835891081268002e-02
1.404979857925959738e-02
1.273309299843861271e-02
1.095723548138718278e-02
1.233699586280837326e-02
1.375636254600321254e-02
1.590750280217160043e-02
1.061439370800157031e-02
9.776695038563638571e-03
9.689244668869004956e-03
1.103667684355160057e-02
1.057311178310352089e-02
1.165292490272034319e-02
1.035055293374446787e-02
9.444684514673952827e-03
8.630154666909785333e-03
8.067343232475980563e-03
8.995283275080249996e-03
1.027553176308781437e-02
8.691449639307489289e-03
9.274533201734047605e-03
8.091629571082283381e-03
8.701550611568849986e-03
8.161077936853307693e-03
9.712316389436127795e-03
8.509990746527090408e-03
9.504481506339508903e-03
8.174476312555438093e-03
5.505101196813385993e-03
7.836673170509752748e-03
7.391406341126641362e-03
6.280713951247414439e-03
7.509743454933412270e-03
8.290168536070495822e-03
5.514332099040983141e-03
7.046929340779726006e-03
5.877164156659559283e-03
6.730257521875784681e-03
7.289560315533136561e-03
5.879143665022642726e-03
5.660073626490367237e-03
4.479304078055847300e-03
4.617883321209620244e-03
5.727149841710365424e-03
6.583175346523805448e-03
5.328533901487100127e-03
8.643207482640654846e-03
5.621729687697383203e-03
4.273655560316274617e-03
2.712431200556012292e-03
2.794927842917562140e-03
3.405825606721198801e-03
4.761413193269422965e-03
4.459481591751814598e-03
4.063409507369198335e-03
5.787260608451464360e-03
3.634921874023715541e-03
3.933619663261252522e-03
3.553337041664882210e-03
8.513957542667670297e-03
3.869239656231597286e-03
3.217073003300941099e-03
3.407852398732761929e-03
2.440953085919718001e-03
2.688193991955961995e-03
3.201217956724961965e-03
1.674227115888312755e-03
2.931554047842916105e-03
6.744827405235875352e-03
6.158602483611339343e-03
1.450776472841039735e-03
2.542456362441241745e-03
3.097382227896628738e-03
1.708679079078059045e-03
2.485919590174918547e-03
6.372801164939032037e-03
4.946713919307104551e-03
2.201381135438004646e-03
2.567661469084128907e-03
3.629427435606868892e-03
2.290828239262068019e-03
1.846071066273754840e-03
4.869283185344064173e-03
5.090526902328593520e-03
1.870809154653171750e-03
1.252421672856557670e-03
1.036613231188833126e-02
2.587711406351222987e-03
1.580588754064580050e-03
1.293636006742864865e-03
1.579126823053676352e-03
7.554877965847654883e-04
1.287508814798734918e-03
1.478669153593953041e-03
1.147452199439019747e-03
1.379796075919444316e-03
2.831931440178768640e-03
4.305841381284957088e-03
1.864891098825506187e-03
3.654623072058030622e-03
3.260737450843870580e-03
3.242084122546122233e-03
