4.820158770969599771e-01
1.128150349220181647e-01
9.413988016917003432e-02
7.765070389695973019e-02
6.125040520963345031e-02
6.047773230162428737e-02
5.466655887735499125e-02
5.356926155113476973e-02
5.087810136241181086e-02
5.052828302505565916e-02
4.476361343663058656e-02
4.144528557557878440e-02
4.313145761906710812e-02
3.118943023638959602e-02
3.004909555479223088e-02
2.854583030506974151e-02
3.211370215921442034e-02
3.057335990321118080e-02
2.538338912224593139e-02
3.834125928228215158e-02
2.801601950670327620e-02
3.419213240015164107e-02
1.770841797256425196e-02
3.338943393799620463e-02
2.152141804531300731e-02
2.207619861377975445e-02
3.519097466894087478e-02
1.824822567487893732e-02
2.089002663148999128e-02
2.048998663916451815e-02
1.997299228468464583e-02
2.046622395819214929e-02
2.059236123434344395e-02
1.906007803014376362e-02
1.691150062554522618e-02
2.218518739436382489e-02
1.982781316319156759e-02
1.631139470700557551e-02
1.742359290880608411e-02
1.504542838083317187e-02
2.398086197425799981e-02
1.923929258722022195e-02
1.747731310852687972e-02
1.701367434489407804e-02
1.381467942273682976e-02
1.893360467678921813e-02
1.414518710183563892e-02
1.412421099140580977e-02
8.855872043356449383e-03
2.074746892945323468e-02
1.528695752912383014e-02
1.125703569327571492e-02
1.170151375012087533e-02
1.182426839081842686e-02
1.216712999675415886e-02
1.117735176605177093e-02
7.268895959193982965e-03
1.279790829860717911e-02
9.504908832138440899e-03
9.848062349008757099e-03
1.473902277931580553e-02
1.016426595770444398e-02
1.221992482774034681e-02
1.015713723183929267e-02
8.839318823877518813e-03
1.280022351413443414e-02
5.496396407828445241e-03
1.270144680751167376e-02
1.309839165864380012e-02
6.256362530210421262e-03
8.765077849163544627e-03
5.908475390460209142e-03
5.361365105028268081e-03
8.165264234096863624e-03
8.681846322523202597e-03
8.843844506525031998e-03
6.310638406733930748e-03
7.889126542855303889e-03
6.718384568548632640e-03
9.782218991532070501e-03
6.381203237176560732e-03
5.450273993110105707e-03
4.675423004485618206e-03
4.864450849028015625e-03
1.004799892952120723e-02
8.556829300911526770e-03
9.766495495897581716e-03
9.035877315144871455e-03
6.599914053597367991e-03
3.298020129498309243e-03
7.153325031450479682e-03
2.121286577667388321e-03
5.445505565167791696e-03
1.022033772528715273e-02
9.280938541779377299e-03
8.928891490916102472e-03
9.882488451831337138e-04
2.867803044469248528e-03
1.203685084060205322e-02
6.099692552126784705e-03
4.464918625125815707e-03
2.827560266734222179e-03
1.324945147356871855e-01
1.967420286549799099e-02
7.261036941710526625e-03
8.942983287312047253e-03
5.941323546287293270e-03
4.882473646031767166e-03
3.381164644492110159e-03
4.864468909353849430e-03
3.712162443707391762e-03
1.632710089680536108e-03
2.813353989768323932e-03
4.258294194595278401e-03
5.565017615717623815e-03
3.425546034345427777e-03
1.899646760054104783e-03
3.371299745047527489e-03
3.290848301667587475e-03
1.644620586159353977e-03
2.502334710479708641e-03
9.035858490584594343e-04
1.815048551923075697e-03
2.994063581189514850e-03
6.121145316488500916e-03
3.085450004403872664e-03
1.057881916955122608e-03
5.815276448482785930e-03
4.503949430665906729e-03
6.115630018264438944e-03
2.598619881355081294e-03
7.455967126402483075e-04
4.310367613629872453e-03
1.269381954036847247e-02
8.157431275590286412e-03
1.070754173408164280e-03
2.821750136368134272e-03
3.437929593059994501e-03
5.459055103020930312e-03
1.672168127609235814e-03
3.225187284480605758e-03
5.080783818219469783e-03
3.993281419280879548e-03
9.656152893820144079e-03
9.955224416957607694e-03
2.206802358857707768e-03
1.870489516560675230e-04
1.872665216380968618e-03
4.147552726974403081e-03
3.271644294585568380e-03
