1.724137924611568451e-02
9.482758492231369019e-02
1.982758641242980957e-01
2.758620679378509521e-01
3.275862038135528564e-01
4.396551847457885742e-01
4.396551847457885742e-01
3.879310488700866699e-01
4.741379320621490479e-01
4.913793206214904785e-01
5.862069129943847656e-01
5.862069129943847656e-01
5.344827771186828613e-01
6.120689511299133301e-01
6.034482717514038086e-01
5.862069129943847656e-01
5.775862336158752441e-01
5.948275923728942871e-01
5.689654946327209473e-01
6.293103694915771484e-01
6.206896305084228516e-01
6.379310488700866699e-01
5.948275923728942871e-01
6.034482717514038086e-01
6.551724076271057129e-01
6.293103694915771484e-01
6.293103694915771484e-01
6.120689511299133301e-01
6.206896305084228516e-01
5.948275923728942871e-01
6.551724076271057129e-01
6.206896305084228516e-01
6.206896305084228516e-01
6.896551847457885742e-01
6.637930870056152344e-01
6.982758641242980957e-01
7.241379022598266602e-01
6.637930870056152344e-01
7.068965435028076172e-01
6.810345053672790527e-01
6.896551847457885742e-01
6.896551847457885742e-01
7.413793206214904785e-01
6.637930870056152344e-01
6.724137663841247559e-01
6.896551847457885742e-01
7.068965435028076172e-01
6.465517282485961914e-01
7.155172228813171387e-01
7.241379022598266602e-01
7.241379022598266602e-01
7.758620977401733398e-01
7.672413587570190430e-01
7.672413587570190430e-01
7.672413587570190430e-01
7.931034564971923828e-01
7.844827771186828613e-01
7.672413587570190430e-01
7.413793206214904785e-01
6.896551847457885742e-01
7.844827771186828613e-01
7.758620977401733398e-01
7.758620977401733398e-01
8.189654946327209473e-01
7.758620977401733398e-01
8.534482717514038086e-01
8.189654946327209473e-01
8.017241358757019043e-01
8.362069129943847656e-01
7.327586412429809570e-01
8.448275923728942871e-01
8.362069129943847656e-01
8.103448152542114258e-01
8.534482717514038086e-01
8.017241358757019043e-01
7.931034564971923828e-01
8.189654946327209473e-01
8.448275923728942871e-01
8.362069129943847656e-01
8.534482717514038086e-01
8.103448152542114258e-01
8.448275923728942871e-01
8.362069129943847656e-01
8.706896305084228516e-01
8.620689511299133301e-01
8.189654946327209473e-01
8.448275923728942871e-01
8.793103694915771484e-01
8.620689511299133301e-01
8.793103694915771484e-01
9.051724076271057129e-01
8.706896305084228516e-01
9.051724076271057129e-01
8.706896305084228516e-01
8.362069129943847656e-01
9.051724076271057129e-01
9.051724076271057129e-01
8.965517282485961914e-01
8.965517282485961914e-01
9.051724076271057129e-01
8.448275923728942871e-01
8.965517282485961914e-01
9.051724076271057129e-01
8.965517282485961914e-01
9.224137663841247559e-01
8.793103694915771484e-01
9.137930870056152344e-01
9.396551847457885742e-01
9.137930870056152344e-01
8.965517282485961914e-01
8.706896305084228516e-01
9.310345053672790527e-01
9.137930870056152344e-01
8.965517282485961914e-01
9.482758641242980957e-01
9.741379022598266602e-01
9.051724076271057129e-01
9.224137663841247559e-01
8.189654946327209473e-01
9.137930870056152344e-01
9.568965435028076172e-01
9.655172228813171387e-01
9.396551847457885742e-01
9.568965435028076172e-01
9.568965435028076172e-01
8.965517282485961914e-01
9.310345053672790527e-01
9.741379022598266602e-01
9.741379022598266602e-01
9.655172228813171387e-01
8.879310488700866699e-01
8.620689511299133301e-01
9.310345053672790527e-01
9.310345053672790527e-01
9.137930870056152344e-01
9.137930870056152344e-01
9.137930870056152344e-01
9.051724076271057129e-01
9.568965435028076172e-01
9.482758641242980957e-01
9.655172228813171387e-01
9.137930870056152344e-01
9.310345053672790527e-01
9.741379022598266602e-01
9.741379022598266602e-01
9.913793206214904785e-01
9.827586412429809570e-01
9.827586412429809570e-01
9.741379022598266602e-01
9.655172228813171387e-01
