7.280657295141856888e-01
3.391006844990935298e-01
2.750057409439183864e-01
2.237564092103912772e-01
1.971612809998918026e-01
1.748136710388185078e-01
1.594661029817482367e-01
1.435261134983591980e-01
1.336434875721307647e-01
1.236718783210548761e-01
1.176343102979797023e-01
1.069077193456193925e-01
1.008676383609237864e-01
9.660231322836435042e-02
9.647908322583312324e-02
8.527380008779851528e-02
7.916616297769650534e-02
8.089116470101213874e-02
8.241787861303882801e-02
7.370856815560826447e-02
8.053169847068317178e-02
6.637359057611737223e-02
6.857333017145962606e-02
6.419746600199578712e-02
6.138554740573577695e-02
6.506017718627020441e-02
6.436252909667911082e-02
5.536197438341826371e-02
5.581618778300855704e-02
5.356830553068469419e-02
5.708977268426723012e-02
5.366817567198401556e-02
5.800953659636543663e-02
5.353558745250650702e-02
4.462272782107590957e-02
4.221422960620150461e-02
4.777557611959725586e-02
4.366611083741294558e-02
3.548682771266473135e-02
3.933227158046604527e-02
3.819064150665824747e-02
3.462988646638492235e-02
3.725429321079323092e-02
3.644262885164414878e-02
3.309191565067586688e-02
3.590770782109475173e-02
3.145392105640486269e-02
3.439050672019074162e-02
2.901649450468334057e-02
3.165558039175983551e-02
2.867450599024711985e-02
2.825653414135603086e-02
2.625744283677433621e-02
2.813760210242848350e-02
2.514530868714277140e-02
2.466406679090535001e-02
2.946483385908886879e-02
2.376993183356201217e-02
2.156657852004979087e-02
2.319882323763930443e-02
1.849156838732561245e-02
1.971154031454337360e-02
1.947721911052258115e-02
1.792055865348823190e-02
2.099468741829928556e-02
1.304308505391135395e-02
1.799608916307518861e-02
2.279737455271187152e-02
2.125282706928014950e-02
1.616777987063178212e-02
2.190211543627644877e-02
1.447036599965405984e-02
1.561452983525752659e-02
1.306638033478564609e-02
1.145739712816642997e-02
1.125291504509623453e-02
2.193863951064691301e-02
1.045288462381384516e-02
1.465053243711422239e-02
1.384243844856311058e-02
9.240747334507897620e-03
1.059968054220515599e-02
8.435010559480570977e-03
8.089011421239673469e-03
7.616079253587932328e-03
6.457231432614413819e-03
1.215576771109639145e-02
2.192755464974845483e-02
9.471366852729012561e-03
1.488333585799509959e-02
1.125468961484491458e-02
1.438211446901438602e-02
1.453500100942605941e-02
9.296356759529422406e-03
6.161641683345229180e-03
7.303505083823368452e-03
9.262490987074215726e-03
1.160467907874481591e-02
1.298120936092383819e-02
1.330630524967552422e-02
9.349018497981588863e-03
7.524680404787299770e-03
5.868063192102669461e-03
5.367726909945927383e-03
1.003748419686879487e-02
1.422167518251613028e-02
7.754665569908133702e-03
3.855161511581819186e-03
5.973069896079709687e-03
1.156219344286341447e-02
8.707320769736947089e-03
1.051800655045915557e-02
5.982016270370824410e-03
1.064482084145475238e-02
6.911152456418421554e-03
1.099246287740531132e-02
7.035422525844297302e-03
2.368963350107646838e-03
2.173888602736695746e-03
5.945121975170846243e-03
9.805971322870081497e-03
1.543905999916235332e-02
5.266416301235382451e-03
5.931934788422936131e-03
7.915596631094055924e-03
5.868224734294762157e-03
8.457797985766861773e-03
6.157610050317979811e-03
3.608440660653566227e-03
2.839270199284300075e-03
1.763236154059683253e-03
1.823282602151502776e-03
1.698083383120003792e-03
1.690760028716689319e-03
1.614532002165023272e-03
1.589150771711413416e-03
1.584666134318132554e-03
1.511883398434066446e-03
1.481669601137250349e-03
1.429834282575080358e-03
1.379638908608562826e-03
1.329955877455374705e-03
1.282885002982976381e-03
1.235149915955323146e-03
1.179283971953020826e-03
1.125066265828213912e-03
1.065636261026145157e-03
1.017227271743591926e-03
4.992234290010007236e-02
1.551028031285724487e-02
