8.639308810234069824e-02
2.451403886079788208e-01
3.671706318855285645e-01
4.524838030338287354e-01
5.313174724578857422e-01
5.950323939323425293e-01
6.263498663902282715e-01
6.684665083885192871e-01
6.965442895889282227e-01
7.192224860191345215e-01
7.224621772766113281e-01
7.667386531829833984e-01
7.613390684127807617e-01
7.786177396774291992e-01
7.958963513374328613e-01
8.110151290893554688e-01
8.293736577033996582e-01
8.218142390251159668e-01
8.239740729331970215e-01
8.380129337310791016e-01
8.336933255195617676e-01
8.509719371795654297e-01
8.585312962532043457e-01
8.650107979774475098e-01
8.628509640693664551e-01
8.650107979774475098e-01
8.628509640693664551e-01
8.736501336097717285e-01
8.736501336097717285e-01
8.876889944076538086e-01
8.671706318855285645e-01
8.909287452697753906e-01
8.790496587753295898e-01
8.855291604995727539e-01
9.114471077919006348e-01
9.071274399757385254e-01
8.995680212974548340e-01
9.082073569297790527e-01
9.254859685897827148e-01
9.146867990493774414e-01
9.157667160034179688e-01
9.222462177276611328e-01
9.287257194519042969e-01
9.254859685897827148e-01
9.308855533599853516e-01
9.190064668655395508e-01
9.265658855438232422e-01
9.233261346817016602e-01
9.406047463417053223e-01
9.406047463417053223e-01
9.341252446174621582e-01
9.395248293876647949e-01
9.438444972038269043e-01
9.352051615715026855e-01
9.492440819740295410e-01
9.449244141578674316e-01
9.395248293876647949e-01
9.481641650199890137e-01
9.514039158821105957e-01
9.460043311119079590e-01
9.643628597259521484e-01
9.600431919097900391e-01
9.600431919097900391e-01
9.676026105880737305e-01
9.514039158821105957e-01
9.794816374778747559e-01
9.622030258178710938e-01
9.481641650199890137e-01
9.611231088638305664e-01
9.622030258178710938e-01
9.514039158821105957e-01
9.697624444961547852e-01
9.622030258178710938e-01
9.719222187995910645e-01
9.827213883399963379e-01
9.751619696617126465e-01
9.535636901855468750e-01
9.751619696617126465e-01
9.719222187995910645e-01
9.686825275421142578e-01
9.848812222480773926e-01
9.805615544319152832e-01
9.838013052940368652e-01
9.816414713859558105e-01
9.881209731101989746e-01
9.870410561561584473e-01
9.784017205238342285e-01
9.578833580017089844e-01
9.827213883399963379e-01
9.762418866157531738e-01
9.794816374778747559e-01
9.751619696617126465e-01
9.762418866157531738e-01
9.805615544319152832e-01
9.902808070182800293e-01
9.892008900642395020e-01
9.848812222480773926e-01
9.784017205238342285e-01
9.719222187995910645e-01
9.740820527076721191e-01
9.794816374778747559e-01
9.881209731101989746e-01
9.881209731101989746e-01
9.913606643676757812e-01
9.805615544319152832e-01
9.719222187995910645e-01
9.838013052940368652e-01
9.967602491378784180e-01
9.902808070182800293e-01
9.805615544319152832e-01
9.838013052940368652e-01
9.870410561561584473e-01
9.913606643676757812e-01
9.773218035697937012e-01
9.881209731101989746e-01
9.794816374778747559e-01
9.859611392021179199e-01
1.000000000000000000e+00
9.989200830459594727e-01
9.935204982757568359e-01
9.805615544319152832e-01
9.708423614501953125e-01
9.902808070182800293e-01
9.913606643676757812e-01
9.838013052940368652e-01
9.892008900642395020e-01
9.902808070182800293e-01
9.902808070182800293e-01
9.935204982757568359e-01
9.967602491378784180e-01
1.000000000000000000e+00
9.989200830459594727e-01
1.000000000000000000e+00
1.000000000000000000e+00
1.000000000000000000e+00
1.000000000000000000e+00
1.000000000000000000e+00
1.000000000000000000e+00
1.000000000000000000e+00
1.000000000000000000e+00
1.000000000000000000e+00
1.000000000000000000e+00
1.000000000000000000e+00
1.000000000000000000e+00
1.000000000000000000e+00
1.000000000000000000e+00
1.000000000000000000e+00
1.000000000000000000e+00
9.211663007736206055e-01
9.654427766799926758e-01
