19
[0.681651863443902, 0.991814, 0.86965257]

21
[0.5038962632830553, 0.9881134, 0.93080676]

23
[0.47603321894465084, 0.9955794, 0.90525407]

25
[0.39598450989148043, 0.99244255, 0.94257826]

27
[0.4439546695290428, 0.9944717, 0.92965835]

29
[0.48303095899727194, 0.9942754, 0.9474591]

31
[0.5116730667753915, 0.99439776, 0.9173127]

33
[0.5341042139703385, 0.99384993, 0.92793566]

vote:
precision= 0.98023598820059
recall= 0.9540625897215045
f1= 0.966972210097483

probability:
precision= 0.9951426836672739
recall= 0.9411426930806776
f1= 0.9673897004574297

