8.979591727256774902e-01
9.099099040031433105e-01
9.348314404487609863e-01
9.446902871131896973e-01
9.536423683166503906e-01
9.553571343421936035e-01
9.552572965621948242e-01
9.446902871131896973e-01
9.579645991325378418e-01
9.579645991325378418e-01
9.556540846824645996e-01
9.692982435226440430e-01
9.539473652839660645e-01
9.580574035644531250e-01
9.274725317955017090e-01
9.779735803604125977e-01
9.913043379783630371e-01
9.782134890556335449e-01
9.499999880790710449e-01
9.580574035644531250e-01
9.455337524414062500e-01
9.784946441650390625e-01
9.868420958518981934e-01
9.716775417327880859e-01
9.563318490982055664e-01
9.846827387809753418e-01
9.848812222480773926e-01
9.737991094589233398e-01
9.406593441963195801e-01
9.693654179573059082e-01
9.890829920768737793e-01
9.956616163253784180e-01
1.000000000000000000e+00
9.978355169296264648e-01
9.978355169296264648e-01
9.475982785224914551e-01
9.345372319221496582e-01
8.478260636329650879e-01
8.980477452278137207e-01
9.933628439903259277e-01
9.934924244880676270e-01
1.000000000000000000e+00
1.000000000000000000e+00
9.978355169296264648e-01
1.000000000000000000e+00
1.000000000000000000e+00
1.000000000000000000e+00
1.000000000000000000e+00
9.978401660919189453e-01
9.020044803619384766e-01
