9.131402969360351562e-01
9.129464030265808105e-01
9.394618868827819824e-01
9.490022063255310059e-01
9.557521939277648926e-01
9.282608628273010254e-01
9.736263751983642578e-01
9.716157317161560059e-01
9.758241772651672363e-01
9.446902871131896973e-01
9.586956501007080078e-01
9.736263751983642578e-01
9.761904478073120117e-01
9.890350699424743652e-01
9.782608747482299805e-01
9.736841917037963867e-01
9.760869741439819336e-01
9.891067743301391602e-01
9.891540408134460449e-01
9.190372228622436523e-01
9.801762104034423828e-01
9.784017205238342285e-01
9.564270377159118652e-01
9.956521987915039062e-01
9.935204982757568359e-01
1.000000000000000000e+00
1.000000000000000000e+00
1.000000000000000000e+00
1.000000000000000000e+00
1.000000000000000000e+00
1.000000000000000000e+00
1.000000000000000000e+00
1.000000000000000000e+00
1.000000000000000000e+00
1.000000000000000000e+00
1.000000000000000000e+00
1.000000000000000000e+00
1.000000000000000000e+00
8.769574761390686035e-01
9.009216427803039551e-01
9.602649211883544922e-01
9.783549904823303223e-01
1.000000000000000000e+00
9.912663698196411133e-01
9.782134890556335449e-01
9.804347753524780273e-01
9.869565367698669434e-01
9.757174253463745117e-01
9.585152864456176758e-01
9.934924244880676270e-01
