3.829511562588668039e-02
3.000693259049624917e-02
2.642633057965836432e-02
3.188889452834128835e-02
1.892165907242174608e-02
1.373566001426382820e-02
1.255302060515890716e-02
8.039627459789221164e-03
1.324146737340459873e-02
7.204990237122476694e-03
1.394445090978973026e-02
8.864647597580890825e-03
4.314119827947104913e-03
3.783264533519137447e-03
4.526822630235394912e-03
7.426730828702911291e-03
2.261544776641649657e-02
3.541722914863251054e-02
5.919441120560940683e-03
4.101161002959517049e-03
6.452314767259710419e-03
9.876940076726030762e-03
2.277130009263058676e-03
1.399676383597124206e-03
1.261915400529999530e-03
1.119218765094703253e-03
1.079684922523447416e-03
9.709200725411849808e-04
9.595511515605297534e-04
9.357373781248200456e-04
9.264659788053111224e-04
8.918842437713566306e-04
8.783599532496442564e-04
8.743935770484365967e-04
8.484034577137545543e-04
8.431289086419291225e-04
8.292541524580008400e-04
3.600898707751612471e-02
3.558963250107980564e-02
1.236112804165411666e-02
7.140579668398653462e-03
5.182529646194224821e-03
4.830711739318075196e-03
1.581234005877424006e-02
5.132535037692801706e-03
2.179627382157554687e-03
1.033840918539569989e-03
2.379147204279205390e-03
1.222425944462159769e-02
1.091370598159392517e-02
