5.349099868555586834e-01
1.541590350870927495e-01
1.275372990023140307e-01
1.079061022928677477e-01
9.295188133984412515e-02
8.459409197816900039e-02
8.198332520344417396e-02
7.689995981885404397e-02
8.061918133418871646e-02
6.798330935875021575e-02
6.918255274874797467e-02
7.787412074837496423e-02
5.814602580684981314e-02
6.210018561292966754e-02
5.657897675258654474e-02
5.640237428080823595e-02
5.833935845795981678e-02
5.289537296252294629e-02
5.304635430225916604e-02
5.111688559432640139e-02
5.615516724633967671e-02
5.443268571674178546e-02
4.592811449287546866e-02
4.361779404528963455e-02
4.282219588111189912e-02
4.312621097945466137e-02
4.441892344155978778e-02
3.942353671671619542e-02
4.176122400252766514e-02
3.453620196711228857e-02
3.812259781100172523e-02
3.366647620684678349e-02
4.270944168988531631e-02
3.422438983977624943e-02
4.161479451592035167e-02
3.040837938339094326e-02
3.241259584524607690e-02
3.399437891819268726e-02
3.005635827111349800e-02
3.624494233775858026e-02
3.551311681892690975e-02
2.954769238602004272e-02
3.115882808364184298e-02
2.691554755537157659e-02
2.766035867124588474e-02
2.341635911440950735e-02
2.534824663057220345e-02
2.137936832208967020e-02
3.002968756662075314e-02
2.261150446169406941e-02
2.207355619871330388e-02
1.931614302169338410e-02
1.896644265182771683e-02
2.445134206776552674e-02
2.247979093706040793e-02
2.357672121338344473e-02
1.756638598758713046e-02
1.471031150346289139e-02
1.762595146747517744e-02
1.861492655912020885e-02
1.732011974269880017e-02
2.143353958486680921e-02
1.659796116960055717e-02
1.379347119368007704e-02
1.931789631170940241e-02
1.419149822219111477e-02
1.170976263343458112e-02
1.658928706451144250e-02
1.324156990126409104e-02
1.167132507535007316e-02
1.039154731113195625e-02
1.204991938650020258e-02
9.766538710097874554e-03
1.303199839570083444e-02
1.317970361056386777e-02
1.038073141153754951e-02
1.420693812414294994e-02
1.183329512093616621e-02
1.362743696099909252e-02
1.582819311224119979e-02
1.690903461966101681e-02
1.203510442018301471e-02
9.730480315829270407e-03
8.963347849135747808e-03
7.501405808564681407e-03
8.911056324842472898e-03
7.246985798161433706e-03
9.102630338934807747e-03
5.300525857685947813e-03
1.065790121391709498e-02
5.748067904524476086e-03
1.861364435608378609e-02
1.677643947216141129e-02
7.432011670266599687e-03
6.723352414588260571e-03
1.572698406869371332e-02
1.457121421720570381e-02
9.637579062560318321e-03
5.424709044892429832e-03
8.032081290547953695e-03
4.938643148755229861e-03
4.123567342426849754e-03
1.081709262510878282e-02
8.848495381846101238e-03
6.316672776856698500e-03
1.021145229902743583e-02
5.622544247467627272e-03
7.663794054991183297e-03
1.151751353004219769e-02
6.509651822684086632e-03
2.532180859772121314e-03
2.739818177973939606e-03
8.531495553498247286e-03
8.592612730329806520e-03
1.238942517803899752e-02
1.174279209730566195e-02
4.983763385053409725e-03
3.595441151702054999e-03
8.796493929691255251e-03
2.190922107925668931e-03
4.018717004531491277e-03
1.873731205525483098e-02
2.078247495043852866e-02
4.123169071835517015e-03
4.518158048227838806e-03
4.916214929570927525e-03
4.866700837524047356e-03
4.209863597473845892e-03
5.813440019322439929e-03
3.660378775797778605e-03
3.998898034547984995e-03
6.699119479797365807e-03
8.577061680106665836e-03
7.003869085532324519e-03
9.210870451328458455e-03
2.221360711174838985e-03
3.869181820130219128e-03
1.517950568336644789e-03
4.800279071404723458e-03
5.731657390051996155e-03
4.300117522927558895e-03
2.541990597946288451e-03
4.776301697056455249e-03
4.809225473642256797e-03
7.012123695977337708e-03
4.754402187284822653e-03
2.567489826039764857e-03
9.214697600441731917e-03
6.348103029856549430e-03
1.452656897837951641e-03
