6.923077255487442017e-02
1.219512224197387695e-01
2.164948433637619019e-01
2.755101919174194336e-01
4.375000000000000000e-01
4.299065470695495605e-01
4.821428656578063965e-01
4.851485192775726318e-01
5.046728849411010742e-01
5.940594077110290527e-01
5.887850522994995117e-01
5.408163070678710938e-01
5.922330021858215332e-01
5.660377144813537598e-01
6.299999952316284180e-01
6.181818246841430664e-01
6.074766516685485840e-01
6.666666865348815918e-01
6.633663177490234375e-01
5.982906222343444824e-01
6.730769276618957520e-01
6.339285969734191895e-01
6.869565248489379883e-01
6.880733966827392578e-01
7.129629850387573242e-01
7.714285850524902344e-01
6.761904954910278320e-01
6.972476840019226074e-01
7.068965435028076172e-01
7.787610888481140137e-01
7.431192398071289062e-01
7.909091114997863770e-01
6.754385828971862793e-01
8.037382960319519043e-01
6.724137663841247559e-01
8.035714030265808105e-01
7.777777910232543945e-01
7.521367669105529785e-01
7.741935253143310547e-01
7.657657861709594727e-01
7.410714030265808105e-01
7.964601516723632812e-01
8.348624110221862793e-01
8.141592741012573242e-01
8.000000119209289551e-01
8.434782624244689941e-01
8.440366983413696289e-01
8.407079577445983887e-01
7.833333611488342285e-01
8.644067645072937012e-01
8.050847649574279785e-01
8.583333492279052734e-01
8.677685856819152832e-01
8.376068472862243652e-01
8.205128312110900879e-01
8.421052694320678711e-01
8.632478713989257812e-01
9.152542352676391602e-01
8.965517282485961914e-01
8.803418874740600586e-01
8.571428656578063965e-01
8.416666388511657715e-01
8.956521749496459961e-01
9.224137663841247559e-01
8.333333134651184082e-01
8.934426307678222656e-01
9.173553586006164551e-01
8.387096524238586426e-01
9.090909361839294434e-01
9.256198406219482422e-01
9.338843226432800293e-01
9.338843226432800293e-01
9.098360538482666016e-01
9.230769276618957520e-01
9.333333373069763184e-01
9.487179517745971680e-01
9.083333611488342285e-01
9.491525292396545410e-01
8.951612710952758789e-01
8.925619721412658691e-01
8.852459192276000977e-01
8.842975497245788574e-01
9.256198406219482422e-01
9.262295365333557129e-01
9.579831957817077637e-01
9.193548560142517090e-01
9.430894255638122559e-01
9.416666626930236816e-01
9.830508232116699219e-01
9.193548560142517090e-01
9.440000057220458984e-01
8.333333134651184082e-01
8.780487775802612305e-01
9.262295365333557129e-01
9.349593520164489746e-01
8.524590134620666504e-01
8.560000061988830566e-01
9.090909361839294434e-01
9.593495726585388184e-01
9.666666388511657715e-01
9.590163826942443848e-01
9.830508232116699219e-01
9.133858084678649902e-01
9.344262480735778809e-01
9.430894255638122559e-01
9.344262480735778809e-01
9.430894255638122559e-01
9.672130942344665527e-01
9.016393423080444336e-01
9.435483813285827637e-01
9.840000271797180176e-01
9.760000109672546387e-01
9.349593520164489746e-01
8.968253731727600098e-01
9.008264541625976562e-01
9.098360538482666016e-01
9.754098653793334961e-01
9.606299400329589844e-01
9.032257795333862305e-01
9.919354915618896484e-01
9.756097793579101562e-01
8.387096524238586426e-01
8.677685856819152832e-01
9.520000219345092773e-01
9.593495726585388184e-01
9.677419066429138184e-01
9.672130942344665527e-01
9.756097793579101562e-01
9.504132270812988281e-01
9.516128897666931152e-01
9.586777091026306152e-01
9.508196711540222168e-01
9.333333373069763184e-01
9.212598204612731934e-01
9.349593520164489746e-01
9.918699264526367188e-01
9.674796462059020996e-01
1.000000000000000000e+00
9.599999785423278809e-01
9.677419066429138184e-01
9.674796462059020996e-01
9.837398529052734375e-01
9.516128897666931152e-01
9.593495726585388184e-01
9.279999732971191406e-01
9.593495726585388184e-01
9.837398529052734375e-01
9.416666626930236816e-01
9.586777091026306152e-01
9.840000271797180176e-01
