4.055314353497645186e-02
2.593433348696483690e-02
2.184534957436714761e-02
1.602489895434278458e-02
1.199487757406036276e-02
1.259665371270206509e-02
1.054615078166076629e-02
2.286304786609667447e-02
9.673028822984409969e-03
5.283007474477156504e-03
1.177363118122212726e-02
6.906585436110035912e-03
6.224055495894209415e-03
5.365961154035050161e-03
7.067489174176730914e-03
1.319440825716997751e-02
4.781709355416244485e-03
3.294715052593430622e-03
4.682957114514189542e-03
5.635239508277162766e-03
6.934247153210518211e-03
2.712495931341002680e-03
3.532579441193619066e-03
1.009123977171022014e-02
7.276231392619859559e-03
1.325923802988948456e-02
6.612241147021080678e-03
7.696304618362709293e-03
4.557356001752018923e-03
7.398882748919289286e-03
3.002710640070629326e-03
5.029446304495991706e-03
8.918805501885049281e-03
7.070258156390480699e-03
5.172272601313720498e-03
2.708533311905490099e-03
1.284080022576349588e-02
3.633690379557185345e-03
2.962616524584324711e-03
3.263395076180196364e-03
7.873950640120166294e-03
2.272548754020256058e-03
2.392427760793848848e-03
3.298906047340191983e-03
7.181374125531567697e-03
1.404604138869650423e-02
1.399041870863433450e-02
4.140339380481567952e-03
1.098012849839479291e-02
1.972224234536295619e-03
