9.608695507049560547e-01
9.673913121223449707e-01
9.706840515136718750e-01
9.782372117042541504e-01
9.858849048614501953e-01
9.815217256546020508e-01
9.848155975341796875e-01
9.674972891807556152e-01
9.838187694549560547e-01
9.946062564849853516e-01
9.816216230392456055e-01
9.935135245323181152e-01
9.913793206214904785e-01
9.903225898742675781e-01
9.902808070182800293e-01
9.784250259399414062e-01
9.924569129943847656e-01
9.967741966247558594e-01
9.978494644165039062e-01
9.860813617706298828e-01
9.903121590614318848e-01
9.967776536941528320e-01
9.967672228813171387e-01
9.848812222480773926e-01
9.860514998435974121e-01
9.806451797485351562e-01
9.913700222969055176e-01
9.881974458694458008e-01
9.935483932495117188e-01
9.903225898742675781e-01
9.978494644165039062e-01
9.946004152297973633e-01
9.849785566329956055e-01
9.903121590614318848e-01
9.903537034988403320e-01
9.978540539741516113e-01
9.784482717514038086e-01
9.957081675529479980e-01
9.978540539741516113e-01
9.946351647377014160e-01
9.881847500801086426e-01
9.978563785552978516e-01
9.989258646965026855e-01
9.957035183906555176e-01
9.881974458694458008e-01
9.838187694549560547e-01
9.826839566230773926e-01
9.882352948188781738e-01
9.817400574684143066e-01
1.000000000000000000e+00
