9.474812150001525879e-01
9.539121389389038086e-01
9.581993818283081055e-01
9.635584354400634766e-01
9.732047319412231445e-01
9.678456783294677734e-01
9.732047319412231445e-01
9.571275711059570312e-01
9.774919748306274414e-01
9.882100820541381836e-01
9.732047319412231445e-01
9.849946498870849609e-01
9.860664606094360352e-01
9.871382713317871094e-01
9.828510284423828125e-01
9.721329212188720703e-01
9.871382713317871094e-01
9.935691356658935547e-01
9.946409463882446289e-01
9.871382713317871094e-01
9.860664606094360352e-01
9.946409463882446289e-01
9.914255142211914062e-01
9.774919748306274414e-01
9.849946498870849609e-01
9.774919748306274414e-01
9.849946498870849609e-01
9.871382713317871094e-01
9.903537034988403320e-01
9.871382713317871094e-01
9.946409463882446289e-01
9.871382713317871094e-01
9.839228391647338867e-01
9.860664606094360352e-01
9.903537034988403320e-01
9.967845678329467773e-01
9.732047319412231445e-01
9.946409463882446289e-01
9.967845678329467773e-01
9.935691356658935547e-01
9.860664606094360352e-01
9.978563785552978516e-01
9.967845678329467773e-01
9.935691356658935547e-01
9.871382713317871094e-01
9.774919748306274414e-01
9.732047319412231445e-01
9.903537034988403320e-01
9.796355962753295898e-01
9.957127571105957031e-01
