3.684300134852487862e-01
1.711808763750128082e-01
1.418078091313394462e-01
1.229945376157813575e-01
1.186012870062870816e-01
1.086518250985927941e-01
1.094949550281799772e-01
1.034283288575873344e-01
9.722346910185158952e-02
9.528370859128178216e-02
9.353070065400478916e-02
8.826320570751171324e-02
8.523161257695578696e-02
7.973678256879131176e-02
7.924161647667500585e-02
7.891974607246651785e-02
7.672360132308628233e-02
7.544966516601052386e-02
7.189104416712659151e-02
7.194732349112667458e-02
6.735562428387660561e-02
6.126441775795812145e-02
6.320361866322010691e-02
6.621008752698306910e-02
5.919717117009691554e-02
6.193759322626470748e-02
5.424954981109904317e-02
5.563309747428298035e-02
5.687421330034259093e-02
5.762583089466617736e-02
5.283693156576166339e-02
5.351607258304374309e-02
5.319398283625140222e-02
5.040219598370213744e-02
5.076318285354872173e-02
4.938211449497494770e-02
4.794083072700035947e-02
4.926160047335590569e-02
4.692888975442147115e-02
4.583537518140834433e-02
4.301332363496737643e-02
4.113859675696989598e-02
4.005729294009009733e-02
4.305120629611108168e-02
4.429343775512906839e-02
4.108755165131733333e-02
3.975264946118255149e-02
3.673221654828553312e-02
3.648615518628716553e-02
3.508505278836207553e-02
3.704570422467802493e-02
3.561105890066094959e-02
3.279322286801888975e-02
3.331575023137933744e-02
3.333488475988286709e-02
3.250638202944398925e-02
3.280188102422604973e-02
3.271907803905600015e-02
3.028205550082470332e-02
3.037625237738727710e-02
2.983635755697544925e-02
2.824645630929953702e-02
2.958755122798140125e-02
2.636222006204584981e-02
2.753521672592603581e-02
2.699905009264755296e-02
2.795197434653492324e-02
2.587909649069049939e-02
2.450798781631807061e-02
2.375620498128309943e-02
2.841975968611373804e-02
2.324042620623400709e-02
2.573791816179495442e-02
2.299312240046036404e-02
2.266435047162395494e-02
2.401704218772402269e-02
1.983178199637626593e-02
1.874788155929289768e-02
2.222649518568262442e-02
1.939450034965781514e-02
1.880113016366105269e-02
1.744939838478373403e-02
1.755995423602884145e-02
1.821804390210968877e-02
1.596816710669281963e-02
1.844117726015713152e-02
1.709257889803321787e-02
1.664107597289053372e-02
1.771504983827808244e-02
1.592905637416874159e-02
1.494219110176774404e-02
1.558750872850182302e-02
1.246005316103384122e-02
1.267419536177499112e-02
1.547796555766736519e-02
1.184268581650098004e-02
1.293685529078459316e-02
1.340839500221574325e-02
1.259171069260644864e-02
1.259391574845816417e-02
1.105152215246361230e-02
9.360681506229512339e-03
1.139592787440493228e-02
1.096323867693834234e-02
9.359552072804654815e-03
8.068240254001190701e-03
8.489795115042149051e-03
1.256548639722164691e-02
1.302421859860131842e-02
1.226646906730386247e-02
8.310778633417672048e-03
8.003052429271864665e-03
7.916049929506086338e-03
5.842720483763829374e-03
9.973977598174421644e-03
7.499893180211965674e-03
8.596297150300911613e-03
1.448748223863853719e-02
6.403581580809414656e-03
8.599719109982407322e-03
8.509616943074345408e-03
8.723615450316765316e-03
8.162675204107348523e-03
6.163669771649613223e-03
5.919306604524013360e-03
6.073695206775100996e-03
6.104179041744040891e-03
5.835585572629633719e-03
5.685990880216142303e-03
9.160961770602157189e-03
6.764377018756197353e-03
8.340460048201759485e-03
7.784288889017314077e-03
4.179768641159031621e-03
9.371439218841514859e-03
4.135577385660301961e-03
3.125021445924477861e-03
9.403416528419618337e-03
6.705596122452203191e-03
3.069968703729827192e-03
7.852514192198201473e-03
7.417594812670651704e-03
8.032718763110026014e-03
3.662028740521972633e-03
3.951267925264414192e-03
4.985915933415179836e-03
3.617042623811464290e-03
7.403413742088481991e-03
4.093344241918778041e-03
5.507485394619505807e-03
