4.608294926583766937e-03
1.290322560817003250e-02
4.958677664399147034e-02
3.157894685864448547e-02
2.020202018320560455e-02
6.578947603702545166e-02
4.938271641731262207e-02
1.250000000000000000e-01
1.449275314807891846e-01
1.052631586790084839e-01
1.428571492433547974e-01
1.851851791143417358e-01
1.839080452919006348e-01
2.077922075986862183e-01
3.698630034923553467e-01
2.957746386528015137e-01
2.933333218097686768e-01
3.055555522441864014e-01
3.695652186870574951e-01
3.529411852359771729e-01
3.440860211849212646e-01
4.421052634716033936e-01
4.215686321258544922e-01
3.302752375602722168e-01
4.270833432674407959e-01
3.750000000000000000e-01
4.482758641242980957e-01
5.172413587570190430e-01
4.862385392189025879e-01
4.603174626827239990e-01
4.910714328289031982e-01
4.923076927661895752e-01
5.096153616905212402e-01
5.365853905677795410e-01
5.615384578704833984e-01
4.848484992980957031e-01
5.819672346115112305e-01
5.724637508392333984e-01
5.833333134651184082e-01
5.533333420753479004e-01
6.595744490623474121e-01
6.433566212654113770e-01
6.619718074798583984e-01
6.326530575752258301e-01
6.350364685058593750e-01
6.857143044471740723e-01
6.451612710952758789e-01
6.687898039817810059e-01
7.080745100975036621e-01
6.851851940155029297e-01
6.727272868156433105e-01
7.080745100975036621e-01
7.530864477157592773e-01
7.055214643478393555e-01
7.485380172729492188e-01
7.823529243469238281e-01
6.918604373931884766e-01
7.134831547737121582e-01
7.428571581840515137e-01
7.919074892997741699e-01
7.555555701255798340e-01
7.790055274963378906e-01
7.582417726516723633e-01
7.880434989929199219e-01
7.802197933197021484e-01
8.100558519363403320e-01
7.814207673072814941e-01
7.748690843582153320e-01
8.031914830207824707e-01
8.128342032432556152e-01
7.912088036537170410e-01
8.159204125404357910e-01
8.071066141128540039e-01
8.226600885391235352e-01
8.131313323974609375e-01
7.777777910232543945e-01
8.799999952316284180e-01
8.405796885490417480e-01
8.298969268798828125e-01
8.316831588745117188e-01
8.372092843055725098e-01
8.272727131843566895e-01
8.333333134651184082e-01
8.476190567016601562e-01
8.820754885673522949e-01
8.450704216957092285e-01
8.372092843055725098e-01
8.538812994956970215e-01
8.653846383094787598e-01
8.644859790802001953e-01
8.669725060462951660e-01
8.333333134651184082e-01
8.864628672599792480e-01
8.973214030265808105e-01
8.883928656578063965e-01
9.012875556945800781e-01
8.878923654556274414e-01
8.744588494300842285e-01
8.823529481887817383e-01
8.787878751754760742e-01
9.017093777656555176e-01
8.879668116569519043e-01
9.115044474601745605e-01
8.879668116569519043e-01
9.208333492279052734e-01
9.117646813392639160e-01
9.125000238418579102e-01
9.086956381797790527e-01
8.510638475418090820e-01
9.141631126403808594e-01
9.234042763710021973e-01
9.313304424285888672e-01
9.372385144233703613e-01
9.306122660636901855e-01
8.995816111564636230e-01
9.256198406219482422e-01
9.128630757331848145e-01
8.641975522041320801e-01
9.387755393981933594e-01
8.999999761581420898e-01
8.983739614486694336e-01
9.065040946006774902e-01
9.116466045379638672e-01
9.387755393981933594e-01
9.421487450599670410e-01
9.460580945014953613e-01
9.359999895095825195e-01
9.390243887901306152e-01
9.357429742813110352e-01
9.032257795333862305e-01
9.240000247955322266e-01
9.227642416954040527e-01
9.259259104728698730e-01
9.471544623374938965e-01
9.053497910499572754e-01
9.674796462059020996e-01
9.720000028610229492e-01
9.109311699867248535e-01
9.311740994453430176e-01
9.637096524238586426e-01
9.268292784690856934e-01
9.349593520164489746e-01
9.265305995941162109e-01
9.714285731315612793e-01
9.678714871406555176e-01
9.362549781799316406e-01
9.639999866485595703e-01
9.233871102333068848e-01
9.407114386558532715e-01
9.473684430122375488e-01
