7.258064299821853638e-02
1.941747516393661499e-01
2.828282713890075684e-01
4.690265357494354248e-01
4.545454680919647217e-01
5.490196347236633301e-01
5.135135054588317871e-01
6.074766516685485840e-01
5.982906222343444824e-01
6.846846938133239746e-01
6.981132030487060547e-01
6.666666865348815918e-01
6.181818246841430664e-01
6.929824352264404297e-01
6.814159154891967773e-01
7.129629850387573242e-01
6.999999880790710449e-01
6.393442749977111816e-01
7.130434513092041016e-01
7.017543911933898926e-01
7.256637215614318848e-01
7.894737124443054199e-01
8.055555820465087891e-01
7.058823704719543457e-01
7.250000238418579102e-01
7.631579041481018066e-01
6.666666865348815918e-01
7.416666746139526367e-01
8.275862336158752441e-01
7.567567825317382812e-01
8.103448152542114258e-01
8.225806355476379395e-01
7.741935253143310547e-01
7.777777910232543945e-01
8.879310488700866699e-01
8.000000119209289551e-01
7.903226017951965332e-01
8.558558821678161621e-01
8.709677457809448242e-01
9.166666865348815918e-01
8.571428656578063965e-01
8.235294222831726074e-01
8.852459192276000977e-01
8.740157485008239746e-01
8.699187040328979492e-01
8.934426307678222656e-01
8.688524365425109863e-01
8.583333492279052734e-01
8.593750000000000000e-01
9.145299196243286133e-01
8.548387289047241211e-01
8.479999899864196777e-01
9.599999785423278809e-01
8.934426307678222656e-01
9.359999895095825195e-01
9.098360538482666016e-01
9.435483813285827637e-01
8.799999952316284180e-01
8.888888955116271973e-01
9.008264541625976562e-01
8.951612710952758789e-01
9.679999947547912598e-01
9.062500000000000000e-01
8.897637724876403809e-01
8.914728760719299316e-01
9.435483813285827637e-01
8.629032373428344727e-01
9.444444179534912109e-01
9.520000219345092773e-01
9.834710955619812012e-01
9.359999895095825195e-01
9.250000119209289551e-01
8.780487775802612305e-01
9.606299400329589844e-01
9.919999837875366211e-01
9.218750000000000000e-01
9.603174328804016113e-01
9.682539701461791992e-01
9.274193644523620605e-01
9.760000109672546387e-01
9.761904478073120117e-01
1.000000000000000000e+00
9.677419066429138184e-01
9.840000271797180176e-01
9.523809552192687988e-01
8.770492076873779297e-01
9.760000109672546387e-01
9.685039520263671875e-01
9.919999837875366211e-01
9.603174328804016113e-01
9.920634627342224121e-01
9.039999842643737793e-01
8.750000000000000000e-01
9.674796462059020996e-01
9.921259880065917969e-01
9.685039520263671875e-01
9.840000271797180176e-01
9.842519760131835938e-01
9.920634627342224121e-01
8.906250000000000000e-01
9.599999785423278809e-01
9.370078444480895996e-01
9.840000271797180176e-01
1.000000000000000000e+00
9.763779640197753906e-01
9.919999837875366211e-01
9.840000271797180176e-01
9.370078444480895996e-01
9.062500000000000000e-01
9.520000219345092773e-01
9.285714030265808105e-01
9.920634627342224121e-01
9.685039520263671875e-01
1.000000000000000000e+00
1.000000000000000000e+00
1.000000000000000000e+00
1.000000000000000000e+00
1.000000000000000000e+00
1.000000000000000000e+00
1.000000000000000000e+00
1.000000000000000000e+00
1.000000000000000000e+00
1.000000000000000000e+00
1.000000000000000000e+00
9.760000109672546387e-01
8.080000281333923340e-01
8.799999952316284180e-01
9.520000219345092773e-01
9.919999837875366211e-01
1.000000000000000000e+00
1.000000000000000000e+00
1.000000000000000000e+00
1.000000000000000000e+00
1.000000000000000000e+00
9.599999785423278809e-01
9.603174328804016113e-01
9.354838728904724121e-01
9.520000219345092773e-01
9.200000166893005371e-01
1.000000000000000000e+00
1.000000000000000000e+00
9.685039520263671875e-01
9.842519760131835938e-01
9.603174328804016113e-01
9.599999785423278809e-01
9.760000109672546387e-01
9.841269850730895996e-01
1.000000000000000000e+00
9.838709831237792969e-01
9.920634627342224121e-01
