1.063408966836149570e-02
6.082209656986974251e-03
3.997297671468832275e-03
5.118085209949392589e-03
6.034848736738470353e-03
4.397132597241567610e-03
2.813939085140985952e-03
8.282387683171249168e-03
6.637699510762214150e-03
2.691687073672465597e-03
2.286049631142198033e-03
3.062032461287076800e-03
3.218004649637307927e-03
4.167853448342397939e-03
2.450650908050128977e-03
7.430176118739054321e-03
5.548808863684212382e-03
4.058712376708351055e-03
5.227977257475917294e-03
4.714743127490434414e-03
3.442525880525428277e-03
6.949199703050003285e-03
2.161111478371011488e-03
1.887069072887011213e-03
3.937661586856902769e-03
2.159305257662907322e-03
1.335620113585360771e-03
1.221204412083833893e-03
1.014792629768264051e-03
1.950497375354263768e-03
1.427638332586845821e-03
6.093601821622516256e-04
4.415694292415112479e-03
3.451495964415287384e-03
1.990923947742090014e-03
1.512009549457576365e-03
1.627828452163689521e-03
1.821277474533023605e-03
2.731510647529660028e-03
3.546636756873273403e-03
3.438218869904835929e-03
1.898690260458974453e-03
3.045288017842553551e-03
7.381928396388219397e-04
4.061399988965841770e-03
1.544123918856495125e-03
2.178523823556601739e-03
3.523468741353292209e-03
5.139959039694899211e-04
2.142235306616252066e-03
