9.348441958427429199e-01
9.457142949104309082e-01
9.624277353286743164e-01
9.596541523933410645e-01
9.772727489471435547e-01
9.718309640884399414e-01
9.742120504379272461e-01
9.742857217788696289e-01
9.859550595283508301e-01
9.915013909339904785e-01
9.686609506607055664e-01
9.773371219635009766e-01
9.773371219635009766e-01
9.770773649215698242e-01
9.746478796005249023e-01
9.745042324066162109e-01
9.802259802818298340e-01
9.885057210922241211e-01
9.830508232116699219e-01
9.971751570701599121e-01
9.943342804908752441e-01
9.886363744735717773e-01
9.661017060279846191e-01
9.773371219635009766e-01
9.502762556076049805e-01
9.769452214241027832e-01
9.887323975563049316e-01
9.659090638160705566e-01
9.915013909339904785e-01
9.971751570701599121e-01
9.971751570701599121e-01
9.943181872367858887e-01
9.830985665321350098e-01
9.460227489471435547e-01
9.688385128974914551e-01
9.829059839248657227e-01
9.943342804908752441e-01
9.830985665321350098e-01
9.801136255264282227e-01
9.717513918876647949e-01
9.971590638160705566e-01
1.000000000000000000e+00
1.000000000000000000e+00
1.000000000000000000e+00
1.000000000000000000e+00
1.000000000000000000e+00
1.000000000000000000e+00
1.000000000000000000e+00
1.000000000000000000e+00
9.062500000000000000e-01
