8.636363744735717773e-01
8.506493568420410156e-01
8.484848737716674805e-01
8.809523582458496094e-01
9.285714030265808105e-01
9.307359457015991211e-01
9.285714030265808105e-01
9.350649118423461914e-01
9.480519294738769531e-01
9.264069199562072754e-01
9.588744640350341797e-01
9.761904478073120117e-01
9.632034897804260254e-01
9.913420081138610840e-01
9.935064911842346191e-01
9.112554192543029785e-01
7.857142686843872070e-01
9.393939375877380371e-01
9.675324559211730957e-01
9.870129823684692383e-01
9.935064911842346191e-01
9.956709742546081543e-01
9.199134111404418945e-01
8.982684016227722168e-01
9.545454382896423340e-01
9.415584206581115723e-01
9.025974273681640625e-01
9.935064911842346191e-01
9.978355169296264648e-01
9.891774654388427734e-01
9.935064911842346191e-01
9.978355169296264648e-01
1.000000000000000000e+00
1.000000000000000000e+00
1.000000000000000000e+00
9.826839566230773926e-01
8.766233921051025391e-01
9.545454382896423340e-01
9.264069199562072754e-01
9.696969985961914062e-01
9.523809552192687988e-01
9.956709742546081543e-01
9.891774654388427734e-01
9.870129823684692383e-01
9.870129823684692383e-01
9.913420081138610840e-01
9.480519294738769531e-01
9.675324559211730957e-01
9.783549904823303223e-01
9.696969985961914062e-01
