6.913799515286797037e-01
2.866004057832362562e-01
2.120470422486112339e-01
2.008015527237239084e-01
1.741424682935228674e-01
1.702812732670201945e-01
1.583448162112108537e-01
1.560795521426102117e-01
1.320049607840531880e-01
1.131686912028802144e-01
1.126944119632356384e-01
1.106885739353257597e-01
1.014263442629380202e-01
1.101139381028012482e-01
1.090879086746254639e-01
8.832013035130599488e-02
9.425966522652519386e-02
8.180181883750121952e-02
8.251732090032419531e-02
8.163675437704194515e-02
7.771024714314259119e-02
7.519450236703038859e-02
7.421022986061520665e-02
7.148395361490421374e-02
6.914092792999146364e-02
7.326319976107741050e-02
6.219202815879752710e-02
6.892853968584038149e-02
6.321955267866512240e-02
6.536683734342078889e-02
6.309946511970054850e-02
6.320793717029608849e-02
5.914476588340332464e-02
5.519232599649549070e-02
5.774125798475144428e-02
5.165481185937238068e-02
6.226505999124436891e-02
4.889534915766871603e-02
4.962850310016511668e-02
5.543485380199453944e-02
4.800033604503632645e-02
4.741570557731976387e-02
4.505038442665165732e-02
4.223969894255270169e-02
3.945454245754768940e-02
4.125783543456647967e-02
4.237596522967544688e-02
3.432343939878818723e-02
4.051596197776027170e-02
3.696242381488259315e-02
3.062755797174891020e-02
3.551224504597134263e-02
3.395419278506103811e-02
3.098284757116516810e-02
3.611993125281438843e-02
3.238100635749278922e-02
3.190554325485337600e-02
3.104599805894917713e-02
2.786220630474284601e-02
3.220219160958456145e-02
2.321177031581570654e-02
2.755004525524442846e-02
3.093631225745160224e-02
2.628281261769108840e-02
2.420545589616553833e-02
2.422197087935729770e-02
2.188293770646491943e-02
2.689405926153951368e-02
1.977692834758773555e-02
2.021221044001896353e-02
2.136306697823938533e-02
2.155167456093896178e-02
2.086367912769887881e-02
1.408567744978769277e-02
2.262347057974966463e-02
1.528362257330991882e-02
1.502946135214127364e-02
2.131866884991439476e-02
2.174001905254112701e-02
1.737277245333666148e-02
1.035436492032749609e-02
1.395680883190571035e-02
1.895636831555210650e-02
1.241634393253395613e-02
1.222030940338199659e-02
2.597408824071254299e-02
1.678829435759342931e-02
1.235046119180280115e-02
1.103071241581280934e-02
1.571174513977238729e-02
1.180899999589935488e-02
1.199642154516261140e-02
1.418959034413388477e-02
1.723864356563466899e-02
1.071235622027295713e-02
1.115449808962373605e-02
1.786676511300823791e-02
7.930090530648057495e-03
4.469315369504293228e-03
8.792365435774157981e-03
1.162258908191195206e-02
1.386793262433700172e-02
1.197213713993110218e-02
1.891108237140588441e-02
8.280540519993214582e-03
4.068325643623904413e-03
3.758575957492443081e-03
4.285929668687713662e-03
1.233479498613161002e-02
1.013280649464458165e-02
1.528186047917651051e-02
1.497070809748673841e-02
1.110482123644255213e-02
8.930938855189895706e-03
8.136644634715525098e-03
4.141359431075850202e-03
1.114650371879735181e-02
6.456105445621866841e-03
3.938712399520325272e-03
1.300232679817630438e-02
1.342687288057332895e-02
6.990077615253237169e-03
6.056486405404140627e-03
1.170127791476489008e-02
7.141429816993690935e-03
5.092189377874116116e-03
7.650525919753247556e-03
5.337189331027980196e-03
6.005227871841579100e-03
2.912999686112439750e-03
2.588630583348953962e-03
6.807027430046466536e-03
1.230232224840413849e-02
7.955487644513301038e-03
6.098261825449671943e-03
1.105090776443287681e-02
1.210311196673004297e-02
7.247531610652327080e-03
5.640899975349880288e-03
4.513804497698562651e-03
1.994041907711637841e-03
1.423791376545623620e-02
8.243998907867340978e-03
6.739354592685149574e-03
4.741134048873805323e-03
4.230172704495251124e-03
1.956567609315135008e-03
1.972415689963466934e-03
1.578872266616581071e-03
1.852754106474117143e-03
