1.902887076139450073e-01
4.453441202640533447e-01
5.977584123611450195e-01
6.386138796806335449e-01
7.111913561820983887e-01
7.265059947967529297e-01
7.228195667266845703e-01
7.244284152984619141e-01
7.587412595748901367e-01
7.934165596961975098e-01
7.958477735519409180e-01
7.934537529945373535e-01
8.172531127929687500e-01
8.013620972633361816e-01
8.058691024780273438e-01
8.480725884437561035e-01
8.361582159996032715e-01
8.628118038177490234e-01
8.601789474487304688e-01
8.680946826934814453e-01
8.820861577987670898e-01
8.851351141929626465e-01
8.843995332717895508e-01
8.908886313438415527e-01
8.863891959190368652e-01
8.720538616180419922e-01
9.017660021781921387e-01
8.862612843513488770e-01
8.971238732337951660e-01
8.922559022903442383e-01
9.029017686843872070e-01
9.079685807228088379e-01
9.113082289695739746e-01
9.096916317939758301e-01
9.162946343421936035e-01
9.135255217552185059e-01
8.997772932052612305e-01
9.322222471237182617e-01
9.231625795364379883e-01
9.051339030265808105e-01
9.221357107162475586e-01
9.223085641860961914e-01
9.236725568771362305e-01
9.366666674613952637e-01
9.376367330551147461e-01
9.390919208526611328e-01
9.422863721847534180e-01
9.471365809440612793e-01
9.318681359291076660e-01
9.341382980346679688e-01
9.603960514068603516e-01
9.384615421295166016e-01
9.474260807037353516e-01
9.515418410301208496e-01
9.378407597541809082e-01
9.509269595146179199e-01
9.523809552192687988e-01
9.509803652763366699e-01
9.617486596107482910e-01
9.482378959655761719e-01
9.630032777786254883e-01
9.626783728599548340e-01
9.591160416603088379e-01
9.559139609336853027e-01
9.584699273109436035e-01
9.617903828620910645e-01
9.599567055702209473e-01
9.493534564971923828e-01
9.707475900650024414e-01
9.654427766799926758e-01
9.687836170196533203e-01
9.663409590721130371e-01
9.677765965461730957e-01
9.827213883399963379e-01
9.622030258178710938e-01
9.763948321342468262e-01
9.762418866157531738e-01
9.664138555526733398e-01
9.587404727935791016e-01
9.697624444961547852e-01
9.881974458694458008e-01
9.773218035697937012e-01
9.677072167396545410e-01
9.773706793785095215e-01
9.764453768730163574e-01
9.537136554718017578e-01
9.750542044639587402e-01
9.816414713859558105e-01
9.860064387321472168e-01
9.699248075485229492e-01
9.892125129699707031e-01
9.849462509155273438e-01
9.731471538543701172e-01
9.721029996871948242e-01
9.817987084388732910e-01
9.870129823684692383e-01
9.751082062721252441e-01
9.935275316238403320e-01
9.957310557365417480e-01
9.871520400047302246e-01
9.848974943161010742e-01
9.721627235412597656e-01
9.764705896377563477e-01
9.667382240295410156e-01
9.860664606094360352e-01
9.978586435317993164e-01
9.978632330894470215e-01
9.946523904800415039e-01
9.776119589805603027e-01
9.829242229461669922e-01
9.711538553237915039e-01
9.723109602928161621e-01
9.881337881088256836e-01
9.850267171859741211e-01
9.892357587814331055e-01
9.946638345718383789e-01
9.839228391647338867e-01
9.904255270957946777e-01
9.957173466682434082e-01
9.806867241859436035e-01
9.732047319412231445e-01
9.882854223251342773e-01
9.924973249435424805e-01
9.828141927719116211e-01
9.914255142211914062e-01
9.935759902000427246e-01
9.914438724517822266e-01
9.925053715705871582e-01
9.904357194900512695e-01
9.978678226470947266e-01
9.989339113235473633e-01
9.861555099487304688e-01
9.765458703041076660e-01
9.892933368682861328e-01
9.893276691436767578e-01
9.871106147766113281e-01
9.765208363533020020e-01
9.892933368682861328e-01
9.893503785133361816e-01
9.935966134071350098e-01
1.000000000000000000e+00
9.775401353836059570e-01
9.849946498870849609e-01
9.892588853836059570e-01
9.957173466682434082e-01
9.936034083366394043e-01
9.989327788352966309e-01
9.989339113235473633e-01
1.000000000000000000e+00
9.989339113235473633e-01
