1.545842289924621582e-01
3.518123626708984375e-01
5.117270946502685547e-01
5.501065850257873535e-01
6.300639510154724121e-01
6.428571343421936035e-01
6.449893116950988770e-01
6.417910456657409668e-01
6.940298676490783691e-01
7.452025413513183594e-01
7.356076836585998535e-01
7.494669556617736816e-01
7.675906419754028320e-01
7.526652216911315918e-01
7.611940503120422363e-01
7.974413633346557617e-01
7.889125943183898926e-01
8.113006353378295898e-01
8.198294043540954590e-01
8.208954930305480957e-01
8.294243216514587402e-01
8.379530906677246094e-01
8.400852680206298828e-01
8.443496823310852051e-01
8.400852680206298828e-01
8.283582329750061035e-01
8.710021376609802246e-01
8.390191793441772461e-01
8.646055459976196289e-01
8.475479483604431152e-01
8.624733686447143555e-01
8.624733686447143555e-01
8.763326406478881836e-01
8.805969953536987305e-01
8.752665519714355469e-01
8.784648180007934570e-01
8.614072203636169434e-01
8.944562673568725586e-01
8.837953209877014160e-01
8.646055459976196289e-01
8.837953209877014160e-01
8.859274983406066895e-01
8.901919126510620117e-01
8.987206816673278809e-01
9.136460423469543457e-01
9.040511846542358398e-01
9.051172733306884766e-01
9.168443679809570312e-01
9.040511846542358398e-01
9.072494506835937500e-01
9.307036399841308594e-01
9.104477763175964355e-01
9.221748113632202148e-01
9.211087226867675781e-01
9.168443679809570312e-01
9.296375513076782227e-01
9.168443679809570312e-01
9.307036399841308594e-01
9.381663203239440918e-01
9.179104566574096680e-01
9.434968233108520508e-01
9.349679946899414062e-01
9.253731369972229004e-01
9.477611780166625977e-01
9.349679946899414062e-01
9.392324090003967285e-01
9.456290006637573242e-01
9.392324090003967285e-01
9.552238583564758301e-01
9.530916810035705566e-01
9.594882726669311523e-01
9.488272666931152344e-01
9.605543613433837891e-01
9.701492786407470703e-01
9.498934149742126465e-01
9.701492786407470703e-01
9.637526869773864746e-01
9.509595036506652832e-01
9.413645863533020020e-01
9.573560953140258789e-01
9.818763136863708496e-01
9.648187756538391113e-01
9.584221839904785156e-01
9.669509530067443848e-01
9.722814559936523438e-01
9.445629119873046875e-01
9.584221839904785156e-01
9.690831303596496582e-01
9.765458703041076660e-01
9.626865386962890625e-01
9.776119589805603027e-01
9.765458703041076660e-01
9.658848643302917480e-01
9.658848643302917480e-01
9.776119589805603027e-01
9.722814559936523438e-01
9.605543613433837891e-01
9.818763136863708496e-01
9.946694970130920410e-01
9.829424023628234863e-01
9.733475446701049805e-01
9.680170416831970215e-01
9.733475446701049805e-01
9.605543613433837891e-01
9.808102250099182129e-01
9.936034083366394043e-01
9.957355856895446777e-01
9.914712309837341309e-01
9.776119589805603027e-01
9.818763136863708496e-01
9.690831303596496582e-01
9.733475446701049805e-01
9.765458703041076660e-01
9.818763136863708496e-01
9.797441363334655762e-01
9.936034083366394043e-01
9.786780476570129395e-01
9.925373196601867676e-01
9.914712309837341309e-01
9.744136333465576172e-01
9.680170416831970215e-01
9.893389940261840820e-01
9.872068166732788086e-01
9.754797220230102539e-01
9.861407279968261719e-01
9.893389940261840820e-01
9.882729053497314453e-01
9.882729053497314453e-01
9.936034083366394043e-01
9.978678226470947266e-01
9.989339113235473633e-01
9.872068166732788086e-01
9.765458703041076660e-01
9.850746393203735352e-01
9.882729053497314453e-01
9.797441363334655762e-01
9.754797220230102539e-01
9.850746393203735352e-01
9.904051423072814941e-01
9.925373196601867676e-01
9.989339113235473633e-01
9.744136333465576172e-01
9.797441363334655762e-01
9.818763136863708496e-01
9.914712309837341309e-01
9.936034083366394043e-01
9.978678226470947266e-01
9.989339113235473633e-01
1.000000000000000000e+00
9.989339113235473633e-01
