1.349206417798995972e-01
2.901408374309539795e-01
3.935860097408294678e-01
4.797687828540802002e-01
4.808259606361389160e-01
5.208333134651184082e-01
5.375722646713256836e-01
5.636942386627197266e-01
5.732087492942810059e-01
5.692771077156066895e-01
5.483871102333068848e-01
5.953079462051391602e-01
6.540880799293518066e-01
6.277602314949035645e-01
6.309523582458496094e-01
6.545454263687133789e-01
6.447761058807373047e-01
6.401180028915405273e-01
6.463414430618286133e-01
6.352583765983581543e-01
6.765578389167785645e-01
6.846846938133239746e-01
6.773256063461303711e-01
6.735293865203857422e-01
6.775147914886474609e-01
7.585139274597167969e-01
7.223974466323852539e-01
7.404129505157470703e-01
6.818181872367858887e-01
6.869565248489379883e-01
6.891495585441589355e-01
7.598783969879150391e-01
7.283236980438232422e-01
7.420290112495422363e-01
7.277936935424804688e-01
7.882353067398071289e-01
7.543352842330932617e-01
7.375690340995788574e-01
8.017241358757019043e-01
8.011204600334167480e-01
8.105849623680114746e-01
7.435158491134643555e-01
7.796143293380737305e-01
7.983193397521972656e-01
7.853260636329650879e-01
8.342857360839843750e-01
8.128342032432556152e-01
8.453038930892944336e-01
8.292011022567749023e-01
8.483145833015441895e-01
8.421052694320678711e-01
8.394736647605895996e-01
8.111702203750610352e-01
8.391420841217041016e-01
8.351351618766784668e-01
8.473684191703796387e-01
8.022598624229431152e-01
8.463611602783203125e-01
8.630490899085998535e-01
8.710526227951049805e-01
8.647214770317077637e-01
9.018567800521850586e-01
9.139785170555114746e-01
8.891687393188476562e-01
8.753246665000915527e-01
8.759493827819824219e-01
8.942065238952636719e-01
8.849104642868041992e-01
8.686868548393249512e-01
8.473282456398010254e-01
9.060913920402526855e-01
8.646616339683532715e-01
9.133663177490234375e-01
9.111111164093017578e-01
9.213759303092956543e-01
9.122806787490844727e-01
9.062500000000000000e-01
9.285714030265808105e-01
9.404466748237609863e-01
9.142156839370727539e-01
9.146341681480407715e-01
9.244332313537597656e-01
9.075425863265991211e-01
9.223300814628601074e-01
9.566265344619750977e-01
9.049999713897705078e-01
9.311164021492004395e-01
9.197080135345458984e-01
9.376499056816101074e-01
9.346246719360351562e-01
9.477434754371643066e-01
9.743589758872985840e-01
9.511628150939941406e-01
9.593301415443420410e-01
9.716981053352355957e-01
9.009433984756469727e-01
9.160671234130859375e-01
9.573459625244140625e-01
9.626168012619018555e-01
9.650349617004394531e-01
9.745958447456359863e-01
9.515011310577392578e-01
9.367681741714477539e-01
9.433962106704711914e-01
9.675173759460449219e-01
9.527186751365661621e-01
9.558139443397521973e-01
9.739952683448791504e-01
9.263657927513122559e-01
9.558139443397521973e-01
9.747126698493957520e-01
9.770641922950744629e-01
9.862700104713439941e-01
9.977169036865234375e-01
9.885844588279724121e-01
8.705036044120788574e-01
9.488372206687927246e-01
9.677419066429138184e-01
9.884526729583740234e-01
9.908466935157775879e-01
9.655172228813171387e-01
9.954128265380859375e-01
9.471264481544494629e-01
9.587156176567077637e-01
9.839449524879455566e-01
9.930875301361083984e-01
1.000000000000000000e+00
1.000000000000000000e+00
9.496567249298095703e-01
9.234338998794555664e-01
9.792626500129699707e-01
9.421296119689941406e-01
9.564220309257507324e-01
9.679633975028991699e-01
9.931507110595703125e-01
9.793103337287902832e-01
9.818181991577148438e-01
9.580419659614562988e-01
9.816513657569885254e-01
9.885321259498596191e-01
9.462617039680480957e-01
9.885321259498596191e-01
1.000000000000000000e+00
9.931507110595703125e-01
1.000000000000000000e+00
1.000000000000000000e+00
9.816933870315551758e-01
8.971962332725524902e-01
9.767441749572753906e-01
9.886877536773681641e-01
