3.355608582496643066e-01
6.098718643188476562e-01
6.635249853134155273e-01
7.031469941139221191e-01
7.284983992576599121e-01
7.254348993301391602e-01
7.509434223175048828e-01
7.563261389732360840e-01
7.509310841560363770e-01
7.685446143150329590e-01
7.775674462318420410e-01
7.701311111450195312e-01
7.883449792861938477e-01
8.014981150627136230e-01
7.840856313705444336e-01
8.090614676475524902e-01
8.172494173049926758e-01
8.137254714965820312e-01
8.293023109436035156e-01
8.342592716217041016e-01
8.353320956230163574e-01
8.419339656829833984e-01
8.382012248039245605e-01
8.479369282722473145e-01
8.535237312316894531e-01
8.572088479995727539e-01
8.700565099716186523e-01
8.670359849929809570e-01
8.596410751342773438e-01
8.748274445533752441e-01
8.680555820465087891e-01
8.680109977722167969e-01
8.857010602951049805e-01
8.689052462577819824e-01
8.788576722145080566e-01
8.699038028717041016e-01
8.876094222068786621e-01
8.782051205635070801e-01
8.834327459335327148e-01
8.787878751754760742e-01
8.873689174652099609e-01
8.889904022216796875e-01
8.893424272537231445e-01
8.851413130760192871e-01
8.978665471076965332e-01
8.870159387588500977e-01
8.911963701248168945e-01
9.029918313026428223e-01
8.998640775680541992e-01
8.972850441932678223e-01
8.949030041694641113e-01
9.013453125953674316e-01
9.070294499397277832e-01
9.158036708831787109e-01
9.167797565460205078e-01
9.062640666961669922e-01
9.057709574699401855e-01
9.088869094848632812e-01
9.155435562133789062e-01
9.045093059539794922e-01
9.107379317283630371e-01
9.195710420608520508e-01
9.190265536308288574e-01
9.167767763137817383e-01
9.136021137237548828e-01
9.127725958824157715e-01
9.241685271263122559e-01
9.223602414131164551e-01
9.201235771179199219e-01
9.379947185516357422e-01
9.265288114547729492e-01
9.323607683181762695e-01
9.365149140357971191e-01
9.308065176010131836e-01
9.284774065017700195e-01
9.384886026382446289e-01
9.356828331947326660e-01
9.339704513549804688e-01
9.452412128448486328e-01
9.361147284507751465e-01
9.398954510688781738e-01
9.449023604393005371e-01
9.487402439117431641e-01
9.497835636138916016e-01
9.494818449020385742e-01
9.501289725303649902e-01
9.473684430122375488e-01
9.436559081077575684e-01
9.582436680793762207e-01
9.544478058815002441e-01
9.569846391677856445e-01
9.495762586593627930e-01
9.688832163810729980e-01
9.677973389625549316e-01
9.616695046424865723e-01
9.488155841827392578e-01
9.599146842956542969e-01
9.601187705993652344e-01
9.634353518486022949e-01
9.729501008987426758e-01
9.661733508110046387e-01
9.776276946067810059e-01
9.686706066131591797e-01
9.740756750106811523e-01
9.612141847610473633e-01
9.764804840087890625e-01
9.695560336112976074e-01
9.688944816589355469e-01
9.743266105651855469e-01
9.709351062774658203e-01
9.697352051734924316e-01
9.769101738929748535e-01
9.729957580566406250e-01
9.831507802009582520e-01
9.861751198768615723e-01
9.692890048027038574e-01
9.638958573341369629e-01
9.849498271942138672e-01
9.845188260078430176e-01
9.861751198768615723e-01
9.784901142120361328e-01
9.840134382247924805e-01
9.773204326629638672e-01
9.782699346542358398e-01
9.879116415977478027e-01
9.799247384071350098e-01
9.790444374084472656e-01
9.874634146690368652e-01
9.728033542633056641e-01
9.799163341522216797e-01
9.862155318260192871e-01
9.836340546607971191e-01
9.799330830574035645e-01
9.786878228187561035e-01
9.949854016304016113e-01
9.800083041191101074e-01
9.785804152488708496e-01
9.882796406745910645e-01
9.958176612854003906e-01
9.895441532135009766e-01
9.699624776840209961e-01
9.777684807777404785e-01
9.916492700576782227e-01
9.857680797576904297e-01
9.845317602157592773e-01
9.887264966964721680e-01
9.928989410400390625e-01
9.824634790420532227e-01
9.882550239562988281e-01
9.853187799453735352e-01
