2.930387556552886963e-01
5.356398224830627441e-01
5.869112014770507812e-01
6.240100264549255371e-01
6.531888246536254883e-01
6.431846618652343750e-01
6.636098623275756836e-01
6.727803349494934082e-01
6.723634600639343262e-01
6.823676824569702148e-01
6.848686933517456055e-01
6.857023835182189941e-01
7.048770189285278320e-01
7.136306762695312500e-01
7.023760080337524414e-01
7.294706106185913086e-01
7.307211160659790039e-01
7.265527248382568359e-01
7.432263493537902832e-01
7.511463165283203125e-01
7.548978924751281738e-01
7.548978924751281738e-01
7.536473274230957031e-01
7.624009847640991211e-01
7.724051475524902344e-01
7.732388377189636230e-01
7.703209519386291504e-01
7.828261852264404297e-01
7.786577939987182617e-01
7.924135327339172363e-01
7.815756797790527344e-01
7.894956469535827637e-01
7.978324294090270996e-01
7.874113917350769043e-01
7.953313589096069336e-01
7.915798425674438477e-01
8.032513260841369629e-01
7.994998097419738770e-01
8.024176955223083496e-01
7.978324294090270996e-01
8.111712932586669922e-01
8.111712932586669922e-01
8.174239397048950195e-01
8.095039725303649902e-01
8.245102167129516602e-01
8.115881681442260742e-01
8.228428363800048828e-01
8.303459882736206055e-01
8.278449177742004395e-01
8.265944123268127441e-01
8.270112276077270508e-01
8.378490805625915527e-01
8.336806893348693848e-01
8.478532433509826660e-01
8.449354171752929688e-01
8.382659554481506348e-01
8.374322652816772461e-01
8.441017270088195801e-01
8.495206236839294434e-01
8.528553843498229980e-01
8.591079711914062500e-01
8.578574657440185547e-01
8.657774329185485840e-01
8.678616285324096680e-01
8.595247864723205566e-01
8.549395799636840820e-01
8.686953186988830566e-01
8.666110634803771973e-01
8.691121339797973633e-01
8.891204595565795898e-01
8.778657913208007812e-01
8.791162967681884766e-01
8.916215300559997559e-01
8.803668022155761719e-01
8.820341825485229492e-01
8.903709650039672852e-01
8.853688836097717285e-01
8.962067365646362305e-01
9.066277742385864258e-01
8.978741168975830078e-01
8.995414972305297852e-01
9.078782796859741211e-01
9.103793501853942871e-01
9.145477414131164551e-01
9.166319370269775391e-01
9.212172031402587891e-01
9.153814315795898438e-01
9.145477414131164551e-01
9.278866052627563477e-01
9.258024096488952637e-01
9.366402626037597656e-01
9.341392517089843750e-01
9.474781155586242676e-01
9.395581483840942383e-01
9.412255287170410156e-01
9.349728822708129883e-01
9.383076429367065430e-01
9.433097243309020996e-01
9.445602297782897949e-01
9.595664739608764648e-01
9.524801969528198242e-01
9.654022455215454102e-01
9.537307024002075195e-01
9.553980827331542969e-01
9.503960013389587402e-01
9.691538214683532715e-01
9.558148980140686035e-01
9.608169794082641602e-01
9.649854302406311035e-01
9.608169794082641602e-01
9.616506695747375488e-01
9.699875116348266602e-01
9.612338542938232422e-01
9.729053974151611328e-01
9.812421798706054688e-01
9.604001641273498535e-01
9.570654630661010742e-01
9.820758700370788574e-01
9.808253645896911621e-01
9.812421798706054688e-01
9.670696258544921875e-01
9.749895930290222168e-01
9.699875116348266602e-01
9.758232831954956055e-01
9.879116415977478027e-01
9.766569137573242188e-01
9.737390875816345215e-01
9.849937558174133301e-01
9.691538214683532715e-01
9.762400984764099121e-01
9.841600656509399414e-01
9.770737886428833008e-01
9.770737886428833008e-01
9.762400984764099121e-01
9.924968481063842773e-01
9.808253645896911621e-01
9.712380170822143555e-01
9.841600656509399414e-01
9.924968481063842773e-01
9.862442612648010254e-01
9.691538214683532715e-01
9.716548323631286621e-01
9.899958372116088867e-01
9.816589951515197754e-01
9.816589951515197754e-01
9.870779514312744141e-01
9.908295273780822754e-01
9.808253645896911621e-01
9.820758700370788574e-01
9.791579842567443848e-01
