3.353878270536822526e-02
1.935221320549128030e-02
1.634535129430229536e-02
1.429916572375479304e-02
1.601820057784577450e-02
1.311051064502459160e-02
1.286702559298326387e-02
1.233570599834418226e-02
7.980002937863007670e-03
1.239269084847032659e-02
7.705971158555081219e-03
1.616069254892973928e-02
7.028780004014518849e-03
5.475398626924824798e-03
5.384179335607084879e-03
8.474748290938673156e-03
3.401437544734650827e-03
5.839046220482238016e-03
1.483065825105071497e-02
1.230897971207245770e-02
8.909632201800441603e-03
4.683666015054386081e-03
3.465061788457732446e-03
1.885361355142102686e-03
3.964668520567590955e-03
6.991657265716488823e-03
8.632039499412583541e-03
9.680993701592845169e-03
5.802100869725871322e-03
2.980041805664593313e-03
2.251594179310606719e-03
1.446644314138244682e-03
1.333895640460373410e-03
2.938465401705788339e-03
7.230047127260039175e-03
1.457491727421938478e-02
1.344184434974107605e-02
1.412964875237118258e-02
5.463200443063761548e-03
4.079453869909890895e-03
1.553307493537442550e-03
2.857078014029758133e-03
6.250314062332774229e-03
1.563032147508989361e-02
5.280971395080334523e-03
2.094687096149015857e-03
1.692661028971444203e-03
2.002334561816086853e-03
2.578514656371444242e-03
5.304880552938158467e-03
