9.059829115867614746e-01
8.928571343421936035e-01
8.347107172012329102e-01
8.684210777282714844e-01
8.839285969734191895e-01
9.298245906829833984e-01
9.189189076423645020e-01
9.059829115867614746e-01
9.298245906829833984e-01
9.224137663841247559e-01
9.224137663841247559e-01
8.947368264198303223e-01
8.373983502388000488e-01
8.583333492279052734e-01
9.145299196243286133e-01
9.639639854431152344e-01
9.316239356994628906e-01
9.495798349380493164e-01
9.230769276618957520e-01
9.159663915634155273e-01
9.487179517745971680e-01
9.203540086746215820e-01
9.491525292396545410e-01
9.243697524070739746e-01
9.035087823867797852e-01
9.658119678497314453e-01
9.827586412429809570e-01
9.491525292396545410e-01
9.322034120559692383e-01
9.504132270812988281e-01
9.411764740943908691e-01
9.090909361839294434e-01
9.576271176338195801e-01
9.655172228813171387e-01
9.322034120559692383e-01
9.411764740943908691e-01
9.256198406219482422e-01
9.173553586006164551e-01
9.739130139350891113e-01
9.586777091026306152e-01
9.750000238418579102e-01
9.508196711540222168e-01
9.752066135406494141e-01
9.743589758872985840e-01
9.663865566253662109e-01
9.752066135406494141e-01
9.663865566253662109e-01
9.583333134651184082e-01
9.666666388511657715e-01
9.491525292396545410e-01
