2.026666700839996338e-01
3.484042584896087646e-01
4.329608976840972900e-01
4.837837815284729004e-01
5.149051547050476074e-01
4.973404109477996826e-01
5.441988706588745117e-01
5.725388526916503906e-01
6.312848925590515137e-01
5.994474887847900391e-01
6.610169410705566406e-01
6.361111402511596680e-01
5.951742529869079590e-01
6.270270347595214844e-01
6.916666626930236816e-01
6.853932738304138184e-01
6.198347210884094238e-01
6.871508359909057617e-01
6.740331649780273438e-01
7.050938606262207031e-01
6.728723645210266113e-01
6.878306865692138672e-01
6.970509290695190430e-01
6.839378476142883301e-01
7.361477613449096680e-01
7.459016442298889160e-01
7.702702879905700684e-01
7.566844820976257324e-01
7.473404407501220703e-01
7.698412537574768066e-01
8.354755640029907227e-01
7.539682388305664062e-01
7.296587824821472168e-01
7.624999880790710449e-01
8.391420841217041016e-01
8.047493696212768555e-01
8.029556870460510254e-01
8.303797245025634766e-01
8.097561001777648926e-01
8.316326737403869629e-01
8.641025424003601074e-01
8.300492763519287109e-01
8.333333134651184082e-01
8.571428656578063965e-01
8.613861203193664551e-01
8.341584205627441406e-01
8.487805128097534180e-01
9.046455025672912598e-01
8.550368547439575195e-01
8.725961446762084961e-01
8.732057213783264160e-01
8.840579986572265625e-01
8.907363414764404297e-01
8.271889686584472656e-01
8.720378875732421875e-01
8.852459192276000977e-01
8.963855504989624023e-01
8.770685791969299316e-01
8.930232524871826172e-01
8.561320900917053223e-01
9.147465229034423828e-01
8.919540047645568848e-01
8.364486098289489746e-01
8.992974162101745605e-01
9.316037893295288086e-01
9.111617207527160645e-01
9.255079030990600586e-01
9.221968054771423340e-01
9.400921463966369629e-01
9.336384534835815430e-01
9.229024648666381836e-01
9.234234094619750977e-01
9.080717563629150391e-01
9.480812549591064453e-01
9.265033602714538574e-01
9.340909123420715332e-01
8.973214030265808105e-01
9.646017551422119141e-01
9.511111378669738770e-01
9.531250000000000000e-01
9.381898641586303711e-01
9.221968054771423340e-01
9.469026327133178711e-01
9.510022401809692383e-01
9.583333134651184082e-01
9.575892686843872070e-01
9.352678656578063965e-01
9.111111164093017578e-01
9.733333587646484375e-01
9.646017551422119141e-01
9.565217494964599609e-01
9.735099077224731445e-01
9.889380335807800293e-01
9.557521939277648926e-01
9.671052694320678711e-01
9.582417607307434082e-01
9.301801919937133789e-01
8.698481321334838867e-01
9.699570536613464355e-01
9.804772138595581055e-01
9.804772138595581055e-01
9.869847893714904785e-01
9.891540408134460449e-01
9.805194735527038574e-01
9.563318490982055664e-01
9.606127142906188965e-01
9.869565367698669434e-01
9.826464056968688965e-01
9.780219793319702148e-01
9.373649954795837402e-01
9.337748289108276367e-01
9.802197813987731934e-01
9.935064911842346191e-01
9.956709742546081543e-01
9.784017205238342285e-01
9.782608747482299805e-01
9.629629850387573242e-01
9.461206793785095215e-01
9.647576808929443359e-01
9.934065937995910645e-01
9.847494363784790039e-01
9.913606643676757812e-01
9.505376219749450684e-01
9.533333182334899902e-01
9.890590906143188477e-01
9.784946441650390625e-01
9.913420081138610840e-01
9.956896305084228516e-01
9.762418866157531738e-01
9.694989323616027832e-01
9.632034897804260254e-01
9.502164721488952637e-01
9.653679728507995605e-01
9.827213883399963379e-01
9.956521987915039062e-01
1.000000000000000000e+00
9.978448152542114258e-01
9.588744640350341797e-01
9.739696383476257324e-01
9.935204982757568359e-01
9.935064911842346191e-01
9.589632749557495117e-01
9.825708270072937012e-01
9.870689511299133301e-01
9.826839566230773926e-01
9.414316415786743164e-01
9.651415944099426270e-01
9.633620977401733398e-01
9.978355169296264648e-01
1.000000000000000000e+00
