7.749417172297008438e-01
3.327146914914187459e-01
2.825132447877269359e-01
2.410142682402448000e-01
2.544035550717406724e-01
2.227037250222668741e-01
2.152688567941197506e-01
2.025517783338350863e-01
2.027204083426478454e-01
2.045712624486649700e-01
1.912447063816136439e-01
1.845773007650856612e-01
1.827224872628096797e-01
1.756324924045810920e-01
1.748705410226565615e-01
1.700647687935049612e-01
1.672636290157706596e-01
1.588634828877664995e-01
1.623528694463201305e-01
1.575189744080708054e-01
1.491671521413832635e-01
1.452279515132657017e-01
1.402959720683374656e-01
1.423378323485055552e-01
1.464113102685462853e-01
1.340435074727913123e-01
1.322089462523264036e-01
1.320152922180508892e-01
1.261835033995483968e-01
1.295349158251932753e-01
1.236696297178422888e-01
1.298197822676114277e-01
1.247730638816489518e-01
1.180426697021611515e-01
1.201057626902512221e-01
1.191436701142857407e-01
1.153766456595050754e-01
1.115032317061180750e-01
1.131456554572118633e-01
1.065518060582922588e-01
1.105339689275846304e-01
1.065111179227105492e-01
1.064181929270706928e-01
1.081007797239492696e-01
1.030733498707721019e-01
9.828205811713310036e-02
1.001464682800479178e-01
1.012210459178531780e-01
1.044131505695389539e-01
1.037825343848374632e-01
9.362564517512256268e-02
9.758695890287734376e-02
1.001533190798782752e-01
9.513824533653242321e-02
9.170971420247506223e-02
9.182555200895199665e-02
9.131209239663987121e-02
8.793316703004477874e-02
8.852000671831176948e-02
8.983359617110675543e-02
8.540909913895543271e-02
8.990243240282357051e-02
8.296211799495407935e-02
8.158860500230184776e-02
8.034929705376570030e-02
8.112906177767259530e-02
8.131343274491291406e-02
7.951537133051356232e-02
8.611981135600897674e-02
7.590254941142088319e-02
7.552002957400794081e-02
7.578240308820798077e-02
8.235285961484517525e-02
7.394193023071944648e-02
7.154145390797943260e-02
7.564398936605459811e-02
7.088471853271563483e-02
6.573181377150502658e-02
6.416592830344207410e-02
6.504375701969368484e-02
6.218020133526837301e-02
6.747677433378736211e-02
6.069698580066521659e-02
6.091345111874755386e-02
5.857835396616793006e-02
5.775739720032301017e-02
5.443413409764132072e-02
5.187910914039666616e-02
5.853721499823202196e-02
5.566561151178846256e-02
5.330093158153587779e-02
5.200852804236623383e-02
4.946768588484957985e-02
4.915261557718144519e-02
4.849226093464981818e-02
4.327131067057359698e-02
4.459682003369578457e-02
4.439838903530943931e-02
3.985262672788737748e-02
3.682326128543743360e-02
4.130444154944811624e-02
3.565661169392275037e-02
3.488274891122068733e-02
3.653431879143066024e-02
3.637245478881254851e-02
3.907296372839057924e-02
2.859552920784651925e-02
2.927337966203902297e-02
3.051390065187300354e-02
3.284607403077898641e-02
2.531204724566274086e-02
3.486169525235052052e-02
2.463767119084632126e-02
2.940505113660328573e-02
2.395660013249979736e-02
2.265688029372581180e-02
1.919921458266747247e-02
1.926259667465661518e-02
2.499493226226645951e-02
1.467672211181281564e-02
2.794760913515284551e-02
1.949825134814172148e-02
2.054158798554168650e-02
1.707829272808433774e-02
2.173027691745242629e-02
1.932673387525957881e-02
2.192135706995427050e-02
1.874676278399779392e-02
2.477104573202627835e-02
1.949081625079002525e-02
1.204958295511309417e-02
2.889286237573805011e-02
9.630640214977918487e-03
2.338521931665888190e-02
2.218922922988669430e-02
9.402042783884220767e-03
6.460534405104859795e-03
2.477659445633450044e-02
2.149670663114263899e-02
1.332347765851811354e-02
1.949090541295783047e-02
9.578186912547886900e-03
1.024145657116938557e-02
1.692100292815126861e-02
2.092135186534072738e-02
1.628763439749761344e-02
2.002519130307394216e-02
1.904874740478035289e-02
6.958414782279389275e-03
1.326341821232842992e-02
