2.321517765522003174e-01
5.320578813552856445e-01
6.198306083679199219e-01
6.836381554603576660e-01
6.702439188957214355e-01
7.056255936622619629e-01
7.175277471542358398e-01
7.470530271530151367e-01
7.271414995193481445e-01
7.364303469657897949e-01
7.465887069702148438e-01
7.553648352622985840e-01
7.631322741508483887e-01
7.707529067993164062e-01
7.696054577827453613e-01
7.791767716407775879e-01
7.862301468849182129e-01
7.895493507385253906e-01
7.757719755172729492e-01
7.954980731010437012e-01
8.083689808845520020e-01
8.083689808845520020e-01
8.227969408035278320e-01
8.138756155967712402e-01
8.159420490264892578e-01
8.307692408561706543e-01
8.267679214477539062e-01
8.268501162528991699e-01
8.413991332054138184e-01
8.442623019218444824e-01
8.415841460227966309e-01
8.350710868835449219e-01
8.433048725128173828e-01
8.576832413673400879e-01
8.529135584831237793e-01
8.498812317848205566e-01
8.544007539749145508e-01
8.662301301956176758e-01
8.555347323417663574e-01
8.687294721603393555e-01
8.620205521583557129e-01
8.677647113800048828e-01
8.657624125480651855e-01
8.538175225257873535e-01
8.781176209449768066e-01
8.804799318313598633e-01
8.762214779853820801e-01
8.784738779067993164e-01
8.688827157020568848e-01
8.697478771209716797e-01
8.851696848869323730e-01
8.772011399269104004e-01
8.793264627456665039e-01
8.829290866851806641e-01
8.783845901489257812e-01
8.844036459922790527e-01
8.805146813392639160e-01
8.857142925262451172e-01
8.891953825950622559e-01
8.870370388031005859e-01
8.913840651512145996e-01
8.819507956504821777e-01
9.024278521537780762e-01
9.001380801200866699e-01
8.978201746940612793e-01
9.037138819694519043e-01
8.995412588119506836e-01
8.970054388046264648e-01
8.792096972465515137e-01
9.112021923065185547e-01
9.046321511268615723e-01
8.983666300773620605e-01
8.898419737815856934e-01
9.094650149345397949e-01
9.123595356941223145e-01
8.995043039321899414e-01
9.063619971275329590e-01
9.224489927291870117e-01
9.200359582901000977e-01
9.153605103492736816e-01
9.189309477806091309e-01
9.131016135215759277e-01
9.233853220939636230e-01
9.271671175956726074e-01
9.227696657180786133e-01
9.247787594795227051e-01
9.347826242446899414e-01
9.322109222412109375e-01
9.200000166893005371e-01
9.256489276885986328e-01
9.303351044654846191e-01
9.327731132507324219e-01
9.321662783622741699e-01
9.337978959083557129e-01
9.372822046279907227e-01
9.404865503311157227e-01
9.352051615715026855e-01
9.424334764480590820e-01
9.533158540725708008e-01
9.535683393478393555e-01
9.425734281539916992e-01
9.520932435989379883e-01
9.528546929359436035e-01
9.508832693099975586e-01
9.525862336158752441e-01
9.477096199989318848e-01
9.619007110595703125e-01
9.585292935371398926e-01
9.533988833427429199e-01
9.568191766738891602e-01
9.671641588211059570e-01
9.529713392257690430e-01
9.659429788589477539e-01
9.537547826766967773e-01
9.686041474342346191e-01
9.706382751464843750e-01
9.704142212867736816e-01
9.705138802528381348e-01
9.643614888191223145e-01
9.826418161392211914e-01
9.597457647323608398e-01
9.726545810699462891e-01
9.684077501296997070e-01
9.747793078422546387e-01
9.694397449493408203e-01
9.733502268791198730e-01
9.694656729698181152e-01
9.759086966514587402e-01
9.653716087341308594e-01
9.678227901458740234e-01
9.852445125579833984e-01
9.593220353126525879e-01
9.870184063911437988e-01
9.676062464714050293e-01
9.705263376235961914e-01
9.870184063911437988e-01
9.924685955047607422e-01
9.663724303245544434e-01
9.695560336112976074e-01
9.827658534049987793e-01
9.733952879905700684e-01
9.828738570213317871e-01
9.852817654609680176e-01
9.760504364967346191e-01
9.704641103744506836e-01
9.764705896377563477e-01
9.714165329933166504e-01
9.698870778083801270e-01
9.912170767784118652e-01
9.782517552375793457e-01
