2.585883398755936882e-02
1.376126259572203921e-02
1.071862627079236963e-02
7.046008128427077438e-03
7.169398427892095457e-03
8.630932776407078399e-03
6.838304790048734677e-03
1.489632132510425441e-03
1.194018735659095306e-03
2.500888060105491053e-03
7.175414849883791565e-03
2.807215933963545448e-03
4.691311672796420230e-03
1.079618971320105494e-02
2.346637221767833206e-03
3.474890333079277711e-03
4.479291764063655923e-03
1.033612841304560248e-03
1.663947041454214883e-03
2.148499443081357090e-03
3.148133596986821096e-03
7.668177532584023737e-03
6.334199371669577269e-04
2.704156996342673824e-03
1.804346384315498987e-03
5.995789538341416217e-03
1.303619332474551147e-03
8.922378722710672680e-04
4.787470695250792860e-04
4.301450850704767546e-04
4.386435469957401063e-04
6.553162071259083015e-04
4.101949204237252569e-04
2.566065307073438911e-03
4.070076489116418970e-03
6.584774719271363659e-03
9.015709985003991789e-03
2.292368667008480056e-03
2.812434043869278377e-03
5.519740146394023182e-04
1.167305909842098572e-03
4.143081338372788295e-04
5.555609253758538252e-04
4.053359878685841838e-04
3.844438379842126112e-04
3.819881413522772029e-04
3.775884897626919810e-04
1.347385426012524508e-03
9.022112765375822283e-03
1.212883081051275083e-02
