1.984557738851414760e-02
1.586931838244015971e-02
1.370963114661656081e-02
2.255355627785441200e-02
1.121549308796982412e-02
1.949786065666099868e-02
2.130442225087230204e-02
1.057184606272511956e-02
2.155697007512953969e-02
1.664566142877701646e-02
9.009322644070736144e-03
2.186540879774046681e-02
1.453224623825199492e-02
1.481172946310281742e-02
1.794147029447516403e-02
1.127130287264250900e-02
1.322686740764018008e-02
1.325239690552966650e-02
1.885482736479603127e-02
7.093449438132468608e-03
1.448133684749175649e-02
1.572917590741907887e-02
1.135543064874043606e-02
2.587628154719655987e-02
1.847950812179955174e-02
8.597342429471828765e-03
3.679953589618859943e-03
5.270870037701510732e-03
2.700046799466388620e-02
2.077541595504533295e-02
8.961601095998193364e-03
1.404788332873129451e-02
1.272878010673793303e-02
1.456177609911000516e-02
1.550732380423302907e-02
3.526048952329659519e-03
1.773285805762656042e-02
9.327205124078823475e-03
1.622732735177521979e-02
1.362359593649115595e-02
1.026878072009432437e-02
3.830798729957024355e-03
2.213183199927258940e-02
8.644360091972853183e-03
1.023599694917300996e-02
1.640927908137249092e-02
1.197337757703457323e-02
6.327252149086291279e-03
6.992450316093743075e-03
2.653995843547897471e-02
