2.341703994272381975e-02
1.262052269502667544e-02
6.848318917818702056e-03
9.130812008153540646e-03
6.028554632061226479e-03
1.098284291856895488e-02
4.840561672875892327e-03
3.977485123174718910e-03
3.601221636471418474e-03
6.074020514093276049e-03
3.529256767408212210e-03
1.924573451212887535e-03
1.047079118612609123e-03
1.818107333025633559e-03
4.811588881504185074e-03
7.425225279596472418e-03
9.715128698197537938e-03
3.768971304741255100e-03
3.704901333132647797e-03
4.715187635482702942e-03
2.200379926093320223e-03
1.070553639004034278e-03
1.001401891631534518e-03
9.566603402397541416e-04
3.061736678187458247e-03
9.726559593151730063e-03
7.014783203194158677e-03
9.224936003690155373e-03
1.247710567698810452e-03
5.843137431247282659e-03
3.795760734990305616e-03
1.058431866518254154e-03
2.095709501460269429e-03
6.793120789520978690e-03
8.425715155094611053e-03
2.760333997964187647e-03
1.565647862613206865e-03
9.057007670403967531e-04
9.001509911936764587e-04
8.650929332575389881e-04
8.623709386986754292e-04
8.473311988395557104e-04
8.386513125997725011e-04
8.283157113360418685e-04
8.180821510730491766e-04
8.086438789749078896e-04
7.978884568700836096e-04
8.460683813536495207e-03
1.484106401880455443e-02
2.410728373423964930e-03
