2.390285210581013370e-02
1.459732164804175905e-02
1.629724224353977860e-02
9.125044834272576927e-03
1.150930293438114961e-02
1.039185911179295839e-02
8.384058728085234252e-03
1.132385103573951488e-02
5.356549000886103203e-03
4.567445258759547481e-03
4.293620298161373791e-03
3.032462975945708888e-03
4.843253706565278129e-03
5.275664957701432269e-03
6.751183955816712247e-03
9.499384118155852763e-03
3.264026797444050196e-03
2.248540544634001354e-03
6.437269950565738773e-04
1.655122185283165520e-03
2.220392007615010471e-03
4.449316018340481187e-04
3.963489950608507545e-04
6.945911138774891894e-04
5.038625085192042791e-04
3.782089493040827113e-04
1.629688357317812808e-02
3.133432817367584004e-03
1.416912121736280551e-03
3.502674712567429433e-03
1.538075964196381970e-02
5.794419787835114292e-03
2.401633581517208758e-03
2.597360382276237955e-03
7.408098845276639378e-04
3.708460213951821549e-04
4.272343093853371424e-04
3.521796910187456327e-04
3.507842105264772541e-04
6.864257407426572642e-04
3.609531536229425904e-03
1.050938272067085746e-02
9.994514175369079850e-04
3.426613166532505137e-04
9.757844736692044933e-04
3.402457878457875026e-04
3.311515263575990687e-04
3.225303011465647878e-04
3.173696745920730287e-04
3.137997178483785811e-04
