8.940397500991821289e-01
9.210526347160339355e-01
9.189189076423645020e-01
9.530201554298400879e-01
9.387755393981933594e-01
9.333333373069763184e-01
9.666666388511657715e-01
9.387755393981933594e-01
9.863013625144958496e-01
9.801324605941772461e-01
9.801324605941772461e-01
9.933333396911621094e-01
9.605262875556945801e-01
9.673202633857727051e-01
9.411764740943908691e-01
9.337748289108276367e-01
9.931972622871398926e-01
9.933775067329406738e-01
1.000000000000000000e+00
9.802631735801696777e-01
9.866666793823242188e-01
1.000000000000000000e+00
1.000000000000000000e+00
9.934210777282714844e-01
1.000000000000000000e+00
1.000000000000000000e+00
8.999999761581420898e-01
9.735099077224731445e-01
9.867549538612365723e-01
9.602649211883544922e-01
9.200000166893005371e-01
9.466666579246520996e-01
9.867549538612365723e-01
9.867549538612365723e-01
1.000000000000000000e+00
1.000000000000000000e+00
1.000000000000000000e+00
1.000000000000000000e+00
1.000000000000000000e+00
9.934210777282714844e-01
9.605262875556945801e-01
9.463087320327758789e-01
9.933775067329406738e-01
1.000000000000000000e+00
9.868420958518981934e-01
1.000000000000000000e+00
1.000000000000000000e+00
1.000000000000000000e+00
1.000000000000000000e+00
1.000000000000000000e+00
