3.147815982142659896e-02
1.814194210130605847e-02
1.444136373652273736e-02
1.275032380685918974e-02
1.790710158350732745e-02
9.275263303095674164e-03
8.016291558113045404e-03
1.045140529529502670e-02
1.007308040431435965e-02
7.268170877094789172e-03
7.127044138208273732e-03
7.523251299560679110e-03
7.443414383523239836e-03
5.502970360839535592e-03
8.321027649992653388e-03
2.452661268802458234e-03
3.844730014329648775e-03
1.910468720726016256e-02
1.642585950342631204e-02
5.449714039567420988e-03
6.464789146973295812e-03
4.250841387086506939e-03
6.983956336835499094e-03
3.236598097713066623e-03
1.366096572597251535e-03
1.129870351649081648e-03
1.079328569783524240e-03
1.126737824022728792e-03
6.075548627546556446e-03
2.349801634065692632e-02
7.581461061611908560e-03
1.609914942686501566e-02
1.008230302381451365e-02
9.469160311740708671e-03
8.322199507747493966e-03
4.389562300587484221e-03
1.284905385404529936e-03
2.078511205165847319e-03
4.615923659937366981e-03
3.202077081147971377e-03
2.104805130050000240e-03
1.277335524820756183e-03
1.005150722214615162e-03
4.919843125276292944e-03
2.345591281744617909e-02
9.046707202617033580e-03
3.512673258521743953e-03
8.278062954055712130e-03
1.923024736350190849e-03
9.909154715778138896e-04
