9.206798672676086426e-01
9.488636255264282227e-01
9.549295902252197266e-01
9.579831957817077637e-01
9.517045617103576660e-01
9.718309640884399414e-01
9.635854363441467285e-01
9.745762944221496582e-01
9.661017060279846191e-01
9.830508232116699219e-01
9.722222089767456055e-01
9.747191071510314941e-01
9.775910377502441406e-01
9.805014133453369141e-01
9.831932783126831055e-01
9.944444298744201660e-01
9.915493130683898926e-01
9.411764740943908691e-01
9.464788436889648438e-01
9.777777791023254395e-01
9.804469347000122070e-01
9.888268113136291504e-01
9.805555343627929688e-01
9.889196753501892090e-01
1.000000000000000000e+00
1.000000000000000000e+00
1.000000000000000000e+00
1.000000000000000000e+00
9.861111044883728027e-01
9.350282549858093262e-01
9.777158498764038086e-01
9.390581846237182617e-01
9.745042324066162109e-01
9.666666388511657715e-01
9.666666388511657715e-01
9.861496090888977051e-01
1.000000000000000000e+00
9.972144961357116699e-01
9.779005646705627441e-01
9.944134354591369629e-01
9.972066879272460938e-01
9.972299337387084961e-01
1.000000000000000000e+00
9.832402467727661133e-01
9.228650331497192383e-01
9.747191071510314941e-01
9.916201233863830566e-01
9.694444537162780762e-01
9.972222447395324707e-01
1.000000000000000000e+00
