19
[0.038750251703863314, 0.89736844, 0.8181818]

21
[0.019934908515483782, 1.0, 0.8181818]

23
[0.006137254557041374, 1.0, 0.90909094]

25
[0.020194925806940267, 0.90909094, 0.90909094]

27
[0.03989783071597075, 1.0, 0.72727275]

29
[0.03382006928011569, 0.90238096, 0.90909094]

31
[0.01066421749001635, 0.90909094, 0.90909094]

33
[0.012501392938089776, 0.90238096, 0.90909094]

vote:
precision= 0.8930434782608695
recall= 0.9545454545454546
f1= 0.9190217391486754

probability:
precision= 0.9
recall= 0.8636363636363636
f1= 0.8795454545454545

