19
[0.018587365632944663, 0.8195652, 0.90909094]

21
[0.011413440059599272, 0.90909094, 0.90909094]

23
[0.009245810008469735, 1.0, 0.8181818]

25
[0.020911369328293336, 1.0, 0.72727275]

27
[0.015050054063913357, 0.8447368, 0.77272725]

29
[0.009199757077384896, 0.89736844, 0.8181818]

31
[0.0026254479770566387, 1.0, 0.90909094]

33
[0.018430073792757882, 0.89736844, 0.8181818]

vote:
precision= 0.84
recall= 0.9
f1= 0.8689170212765958

probability:
precision= 0.9
recall= 0.8636363636363636
f1= 0.8795619047619048

