4.109854054390129630e-01
2.126383328718391974e-01
1.863062110984884390e-01
1.809821052237652050e-01
1.661756953824574945e-01
1.458657942774535254e-01
1.480462797665012542e-01
1.411534488567665335e-01
1.292655890447985956e-01
1.223851789109820232e-01
1.241249410057676666e-01
1.190484404255252038e-01
1.232377996511560131e-01
1.119836914096147967e-01
1.123618926587849481e-01
1.122631666251382582e-01
1.086647549632756005e-01
1.066420046023163898e-01
9.553530683824515424e-02
1.084977541016028113e-01
1.125080069608082184e-01
1.013295714552317067e-01
1.021307207396473099e-01
9.285393806813325990e-02
9.616933381257275482e-02
9.540619145636071441e-02
8.127054685407375523e-02
8.159698100892347206e-02
8.221415033229340086e-02
8.394903082758060908e-02
7.994453769483983452e-02
7.927483075212726771e-02
7.740070397470817654e-02
7.730440558079412772e-02
6.954440557398135214e-02
7.715715229129180286e-02
6.683389097743858143e-02
6.419229160726398764e-02
6.738006841858969198e-02
6.124794497380619401e-02
6.241109762574917341e-02
5.866232509395375577e-02
5.823851207476260505e-02
5.742156962020675964e-02
5.791733635992096785e-02
5.486441993262784755e-02
5.813761779992271395e-02
5.374769404149999652e-02
5.452648872660657842e-02
4.549040142113835311e-02
5.953855354534592220e-02
4.787256885983456195e-02
4.342943293153791323e-02
4.603137908241899251e-02
4.431713233879001901e-02
4.145371932897286976e-02
3.785673630639153214e-02
4.292015504575179968e-02
4.387977887025516777e-02
4.391263566155070158e-02
4.039420574657064805e-02
5.104367034637345701e-02
3.979700985945282959e-02
3.495219991978229523e-02
3.542222008421400115e-02
3.249836897906959593e-02
3.550037583852339029e-02
3.249713560611577207e-02
2.989454690272785528e-02
3.200709322606059420e-02
3.302209045065372661e-02
2.416340255817205768e-02
2.872730921894021960e-02
2.407274589628282530e-02
3.362660718090620254e-02
3.429672002012094933e-02
2.438340378152563728e-02
2.334083722023640173e-02
2.332340738006700998e-02
2.070656925635308912e-02
1.853218741741712375e-02
3.166465945377731905e-02
2.345805724629539471e-02
1.956300503982062039e-02
1.375168638857240076e-02
1.707062862051877614e-02
1.191996671388526746e-02
1.618991224177288718e-02
1.445959949998016497e-02
1.540442856391855200e-02
1.780688021631148671e-02
1.408596846626542984e-02
1.488721936351223608e-02
2.397838545958734524e-02
1.683406578963195580e-02
2.212304730771014194e-02
1.170436107498275258e-02
1.495497718616445142e-02
3.250482517193776372e-02
8.682932838224913935e-03
1.249415475707239820e-02
1.398680698381534436e-02
7.242931206940491848e-03
9.036008492450915003e-03
8.242584020124945829e-03
5.076529666921283587e-03
5.587481501542021500e-03
1.140822708008707061e-02
2.459027402035740897e-02
1.655266252509491470e-02
8.825368144588554772e-03
4.839492048808798942e-03
5.489434617838180423e-03
5.382737930944837129e-03
1.385550166369477025e-02
1.511228617319147587e-02
1.451787875621932469e-02
6.831960286779810605e-03
2.874958184698625692e-03
1.416401089135287290e-02
5.419827225121561474e-03
9.032425732650301714e-03
6.168818322790057228e-03
7.612562583517748678e-03
7.341790332245859245e-03
1.905218177121656767e-02
6.510451835868597860e-03
7.043897438467131879e-03
6.107090233170895700e-03
2.263229714734076026e-02
9.797892520845681574e-03
4.169353495731484283e-03
7.522330809968596349e-03
9.404713347221907785e-03
7.466478062737062424e-03
1.154335719174052512e-02
9.348457069870494060e-03
8.064167754976489869e-03
1.519397536519338267e-02
4.634518428205240161e-03
2.266651527479071442e-03
1.727708204073233680e-03
1.344401416556089378e-03
1.174917413987988570e-03
1.220089763754216928e-03
1.115819227385537581e-03
1.100884749026947128e-03
1.076789567992837964e-03
1.061670818521447471e-03
1.046560798517088371e-03
