2.117346972227096558e-01
3.812154829502105713e-01
4.767123162746429443e-01
4.718498587608337402e-01
5.190217494964599609e-01
5.819672346115112305e-01
5.729442834854125977e-01
5.842391252517700195e-01
6.187845468521118164e-01
6.436170339584350586e-01
6.178861856460571289e-01
6.530054807662963867e-01
6.323119997978210449e-01
6.486486196517944336e-01
6.685082912445068359e-01
6.684931516647338867e-01
6.730769276618957520e-01
6.666666865348815918e-01
6.916666626930236816e-01
6.451612710952758789e-01
6.666666865348815918e-01
6.942856907844543457e-01
6.921052336692810059e-01
7.182320356369018555e-01
7.214484810829162598e-01
7.142857313156127930e-01
7.653333544731140137e-01
7.643835544586181641e-01
7.608695626258850098e-01
7.552631497383117676e-01
7.439352869987487793e-01
7.619047760963439941e-01
7.667560577392578125e-01
7.744565010070800781e-01
7.814207673072814941e-01
7.596899271011352539e-01
8.005390763282775879e-01
8.163265585899353027e-01
8.176943659782409668e-01
8.316062092781066895e-01
8.346456885337829590e-01
8.403141498565673828e-01
8.138957619667053223e-01
8.393782377243041992e-01
8.333333134651184082e-01
8.320610523223876953e-01
8.292078971862792969e-01
8.596938848495483398e-01
8.430379629135131836e-01
8.801020383834838867e-01
7.985258102416992188e-01
8.513854146003723145e-01
8.725961446762084961e-01
8.610422015190124512e-01
8.802992701530456543e-01
8.847118020057678223e-01
9.201995134353637695e-01
8.616504669189453125e-01
8.613138794898986816e-01
8.698795437812805176e-01
8.913580179214477539e-01
8.454106450080871582e-01
8.791469335556030273e-01
9.211822748184204102e-01
8.953770995140075684e-01
9.126213788986206055e-01
8.862559199333190918e-01
8.971291780471801758e-01
9.192398786544799805e-01
9.206730723381042480e-01
8.839907050132751465e-01
9.345794320106506348e-01
9.180327653884887695e-01
9.302325844764709473e-01
9.028435945510864258e-01
8.973746895790100098e-01
9.228972196578979492e-01
9.388235211372375488e-01
9.325581192970275879e-01
9.444444179534912109e-01
9.407745003700256348e-01
9.058823585510253906e-01
9.183673262596130371e-01
9.340909123420715332e-01
9.659863710403442383e-01
9.436936974525451660e-01
9.708520174026489258e-01
9.525959491729736328e-01
9.506726264953613281e-01
9.459459185600280762e-01
9.431818127632141113e-01
9.598214030265808105e-01
9.636363387107849121e-01
9.351851940155029297e-01
9.399999976158142090e-01
9.280899167060852051e-01
9.750567078590393066e-01
9.531250000000000000e-01
8.949771523475646973e-01
9.821029305458068848e-01
9.573991298675537109e-01
9.506726264953613281e-01
9.779249429702758789e-01
9.776785969734191895e-01
9.713024497032165527e-01
9.911504387855529785e-01
9.911308288574218750e-01
9.686800837516784668e-01
9.138321876525878906e-01
9.398663640022277832e-01
9.646017551422119141e-01
9.889135360717773438e-01
9.846153855323791504e-01
9.889624714851379395e-01
9.511111378669738770e-01
9.553571343421936035e-01
9.424778819084167480e-01
9.757709503173828125e-01
9.955849647521972656e-01
9.410480260848999023e-01
9.889624714851379395e-01
9.672489166259765625e-01
9.738562107086181641e-01
9.734513163566589355e-01
9.715536236763000488e-01
9.394618868827819824e-01
9.845474362373352051e-01
9.800443649291992188e-01
9.866962432861328125e-01
9.282511472702026367e-01
9.649890661239624023e-01
9.890109896659851074e-01
9.692307710647583008e-01
9.647576808929443359e-01
9.779735803604125977e-01
9.605262875556945801e-01
9.666666388511657715e-01
9.822616577148437500e-01
9.448123574256896973e-01
9.890350699424743652e-01
9.978021979331970215e-01
1.000000000000000000e+00
1.000000000000000000e+00
1.000000000000000000e+00
1.000000000000000000e+00
1.000000000000000000e+00
1.000000000000000000e+00
1.000000000000000000e+00
1.000000000000000000e+00
1.000000000000000000e+00
