1.816192567348480225e-01
3.019693791866302490e-01
3.807439804077148438e-01
3.851203620433807373e-01
4.179431200027465820e-01
4.660831391811370850e-01
4.726476967334747314e-01
4.704595208168029785e-01
4.901531636714935303e-01
5.295404791831970215e-01
4.989058971405029297e-01
5.229759216308593750e-01
4.967177212238311768e-01
5.251641273498535156e-01
5.295404791831970215e-01
5.339168310165405273e-01
5.361050367355346680e-01
5.382932424545288086e-01
5.448577404022216797e-01
5.251641273498535156e-01
5.251641273498535156e-01
5.317286849021911621e-01
5.754923224449157715e-01
5.689277648925781250e-01
5.667396187782287598e-01
5.908096432685852051e-01
6.280087232589721680e-01
6.105032563209533691e-01
6.126914620399475098e-01
6.280087232589721680e-01
6.039387583732604980e-01
6.301969289779663086e-01
6.258205771446228027e-01
6.236323714256286621e-01
6.258205771446228027e-01
6.433260440826416016e-01
6.498906016349792480e-01
7.002187967300415039e-01
6.673960685729980469e-01
7.024070024490356445e-01
6.958424448966979980e-01
7.024070024490356445e-01
7.177242636680603027e-01
7.089715600013732910e-01
7.111597657203674316e-01
7.155361175537109375e-01
7.330415844917297363e-01
7.374179363250732422e-01
7.286652326583862305e-01
7.549234032630920410e-01
7.111597657203674316e-01
7.396061420440673828e-01
7.943107485771179199e-01
7.592997550964355469e-01
7.724288702011108398e-01
7.724288702011108398e-01
8.074398040771484375e-01
7.768052220344543457e-01
7.746170759201049805e-01
7.899343371391296387e-01
7.899343371391296387e-01
7.658643126487731934e-01
8.118162155151367188e-01
8.183807730674743652e-01
8.052516579627990723e-01
8.227571249008178711e-01
8.183807730674743652e-01
8.205689191818237305e-01
8.468271493911743164e-01
8.380743861198425293e-01
8.336980342864990234e-01
8.752735257148742676e-01
8.577680587768554688e-01
8.752735257148742676e-01
8.336980342864990234e-01
8.227571249008178711e-01
8.643326163291931152e-01
8.730853199958801270e-01
8.774617314338684082e-01
8.927789926528930664e-01
9.037199020385742188e-01
8.424507379531860352e-01
8.862144351005554199e-01
8.993435502052307129e-01
9.321662783622741699e-01
9.168490171432495117e-01
9.474835991859436035e-01
9.234135746955871582e-01
9.277899265289306641e-01
9.190372228622436523e-01
9.080962538719177246e-01
9.409190416336059570e-01
9.277899265289306641e-01
8.840262293815612793e-01
9.256017208099365234e-01
9.037199020385742188e-01
9.409190416336059570e-01
9.343544840812683105e-01
8.577680587768554688e-01
9.606127142906188965e-01
9.343544840812683105e-01
9.277899265289306641e-01
9.693654179573059082e-01
9.584245085716247559e-01
9.628008604049682617e-01
9.803063273429870605e-01
9.781181812286376953e-01
9.474835991859436035e-01
8.818380832672119141e-01
9.234135746955871582e-01
9.540481567382812500e-01
9.759299755096435547e-01
9.803063273429870605e-01
9.803063273429870605e-01
9.365426898002624512e-01
9.365426898002624512e-01
9.321662783622741699e-01
9.693654179573059082e-01
9.868708848953247070e-01
9.431072473526000977e-01
9.803063273429870605e-01
9.693654179573059082e-01
9.781181812286376953e-01
9.628008604049682617e-01
9.715536236763000488e-01
9.168490171432495117e-01
9.759299755096435547e-01
9.671772718429565430e-01
9.737417697906494141e-01
9.059081077575683594e-01
9.649890661239624023e-01
9.846827387809753418e-01
9.649890661239624023e-01
9.584245085716247559e-01
9.715536236763000488e-01
9.584245085716247559e-01
9.518599510192871094e-01
9.693654179573059082e-01
9.365426898002624512e-01
9.868708848953247070e-01
9.934354424476623535e-01
9.978117942810058594e-01
1.000000000000000000e+00
1.000000000000000000e+00
1.000000000000000000e+00
1.000000000000000000e+00
1.000000000000000000e+00
1.000000000000000000e+00
1.000000000000000000e+00
1.000000000000000000e+00
