9.352517873048782349e-02
3.536121547222137451e-01
4.838709533214569092e-01
5.474452376365661621e-01
5.714285969734191895e-01
6.236934065818786621e-01
5.986394286155700684e-01
6.808510422706604004e-01
6.620689630508422852e-01
6.758620738983154297e-01
7.202796936035156250e-01
6.713286638259887695e-01
7.073170542716979980e-01
7.366548180580139160e-01
7.018181681632995605e-01
7.314487695693969727e-01
7.228069901466369629e-01
7.263157963752746582e-01
7.706093192100524902e-01
7.612456679344177246e-01
7.331081032752990723e-01
7.377622127532958984e-01
7.491165995597839355e-01
7.743055820465087891e-01
8.149465918540954590e-01
7.533783912658691406e-01
7.610921263694763184e-01
8.201438784599304199e-01
7.700348496437072754e-01
7.910959124565124512e-01
8.076922893524169922e-01
7.832167744636535645e-01
8.049645423889160156e-01
8.445229530334472656e-01
8.075601458549499512e-01
8.175675868988037109e-01
7.932203412055969238e-01
8.367347121238708496e-01
7.883958816528320312e-01
8.355704545974731445e-01
8.657718300819396973e-01
8.941979408264160156e-01
8.691275119781494141e-01
8.160535097122192383e-01
8.851351141929626465e-01
8.859060406684875488e-01
8.646864891052246094e-01
8.790849447250366211e-01
8.899999856948852539e-01
8.881579041481018066e-01
9.055374860763549805e-01
8.737863898277282715e-01
9.207921028137207031e-01
9.166666865348815918e-01
8.815789222717285156e-01
9.153094291687011719e-01
8.662420511245727539e-01
9.276315569877624512e-01
9.198718070983886719e-01
9.428571462631225586e-01
9.235668778419494629e-01
9.127725958824157715e-01
9.076433181762695312e-01
9.345794320106506348e-01
9.520766735076904297e-01
9.274448156356811523e-01
9.525316357612609863e-01
9.339622855186462402e-01
9.455128312110900879e-01
9.308176040649414062e-01
9.068322777748107910e-01
9.402515888214111328e-01
9.380804896354675293e-01
9.584664702415466309e-01
9.303797483444213867e-01
9.698795080184936523e-01
9.503105878829956055e-01
9.447852969169616699e-01
9.503105878829956055e-01
9.512194991111755371e-01
9.507692456245422363e-01
9.534161686897277832e-01
9.202454090118408203e-01
9.355828166007995605e-01
9.444444179534912109e-01
9.323077201843261719e-01
9.507692456245422363e-01
9.755351543426513672e-01
9.939024448394775391e-01
9.819276928901672363e-01
9.507692456245422363e-01
9.481707215309143066e-01
9.633027315139770508e-01
9.636363387107849121e-01
9.630769491195678711e-01
9.698795080184936523e-01
9.696969985961914062e-01
9.848484992980957031e-01
9.702380895614624023e-01
9.486404657363891602e-01
9.817073345184326172e-01
9.910179376602172852e-01
9.671641588211059570e-01
9.261538386344909668e-01
9.759759902954101562e-01
9.759036302566528320e-01
9.817629456520080566e-01
9.759036302566528320e-01
9.699699878692626953e-01
9.939576983451843262e-01
9.786585569381713867e-01
9.848484992980957031e-01
9.731343388557434082e-01
9.725610017776489258e-01
9.571865200996398926e-01
9.697884917259216309e-01
9.728096723556518555e-01
9.819819927215576172e-01
9.969788789749145508e-01
9.909638762474060059e-01
9.761193990707397461e-01
9.818181991577148438e-01
9.357798099517822266e-01
9.787878990173339844e-01
9.849849939346313477e-01
9.880596995353698730e-01
9.671641588211059570e-01
9.731343388557434082e-01
9.611940383911132812e-01
9.756838679313659668e-01
9.759759902954101562e-01
9.909638762474060059e-01
9.910179376602172852e-01
9.970059990882873535e-01
9.671641588211059570e-01
9.668674468994140625e-01
9.790419340133666992e-01
9.970149397850036621e-01
9.940119981765747070e-01
9.820895791053771973e-01
9.878419637680053711e-01
9.577039480209350586e-01
9.790419340133666992e-01
9.848942756652832031e-01
9.789789915084838867e-01
9.818730950355529785e-01
9.757575988769531250e-01
9.728096723556518555e-01
9.791666865348815918e-01
9.939939975738525391e-01
