7.761193811893463135e-02
2.776119410991668701e-01
4.029850661754608154e-01
4.477612078189849854e-01
4.776119291782379150e-01
5.343283414840698242e-01
5.253731608390808105e-01
5.731343030929565430e-01
5.731343030929565430e-01
5.850746035575866699e-01
6.149253845214843750e-01
5.731343030929565430e-01
6.059701442718505859e-01
6.179104447364807129e-01
5.761194229125976562e-01
6.179104447364807129e-01
6.149253845214843750e-01
6.179104447364807129e-01
6.417910456657409668e-01
6.567164063453674316e-01
6.477611660957336426e-01
6.298507452011108398e-01
6.328358054161071777e-01
6.656716465950012207e-01
6.835820674896240234e-01
6.656716465950012207e-01
6.656716465950012207e-01
6.805970072746276855e-01
6.597014665603637695e-01
6.895522475242614746e-01
6.895522475242614746e-01
6.686567068099975586e-01
6.776119470596313477e-01
7.134328484535217285e-01
7.014925479888916016e-01
7.223880887031555176e-01
6.985074877738952637e-01
7.343283295631408691e-01
6.895522475242614746e-01
7.432835698127746582e-01
7.701492309570312500e-01
7.820895314216613770e-01
7.731343507766723633e-01
7.283582091331481934e-01
7.820895314216613770e-01
7.880597114562988281e-01
7.820895314216613770e-01
8.029850721359252930e-01
7.970149517059326172e-01
8.059701323509216309e-01
8.298507332801818848e-01
8.059701323509216309e-01
8.328357934951782227e-01
8.537313342094421387e-01
8.000000119209289551e-01
8.388059735298156738e-01
8.119403123855590820e-01
8.417910337448120117e-01
8.567163944244384766e-01
8.865671753883361816e-01
8.656716346740722656e-01
8.746268749237060547e-01
8.507462739944458008e-01
8.955224156379699707e-01
8.895522356033325195e-01
8.776119351387023926e-01
8.985074758529663086e-01
8.865671753883361816e-01
8.805969953536987305e-01
8.835821151733398438e-01
8.716418147087097168e-01
8.925372958183288574e-01
9.044775962829589844e-01
8.955224156379699707e-01
8.776119351387023926e-01
9.611940383911132812e-01
9.134328365325927734e-01
9.194029569625854492e-01
9.134328365325927734e-01
9.313432574272155762e-01
9.223880767822265625e-01
9.164178967475891113e-01
8.955224156379699707e-01
9.104477763175964355e-01
9.134328365325927734e-01
9.044775962829589844e-01
9.223880767822265625e-01
9.522387981414794922e-01
9.731343388557434082e-01
9.731343388557434082e-01
9.223880767822265625e-01
9.283581972122192383e-01
9.402984976768493652e-01
9.492537379264831543e-01
9.343283772468566895e-01
9.611940383911132812e-01
9.552238583564758301e-01
9.701492786407470703e-01
9.731343388557434082e-01
9.373134374618530273e-01
9.611940383911132812e-01
9.880596995353698730e-01
9.671641588211059570e-01
8.985074758529663086e-01
9.701492786407470703e-01
9.671641588211059570e-01
9.641790986061096191e-01
9.671641588211059570e-01
9.641790986061096191e-01
9.820895791053771973e-01
9.582089781761169434e-01
9.701492786407470703e-01
9.731343388557434082e-01
9.522387981414794922e-01
9.343283772468566895e-01
9.582089781761169434e-01
9.611940383911132812e-01
9.761193990707397461e-01
9.850746393203735352e-01
9.820895791053771973e-01
9.761193990707397461e-01
9.671641588211059570e-01
9.134328365325927734e-01
9.641790986061096191e-01
9.791044592857360840e-01
9.880596995353698730e-01
9.671641588211059570e-01
9.731343388557434082e-01
9.611940383911132812e-01
9.582089781761169434e-01
9.701492786407470703e-01
9.820895791053771973e-01
9.880596995353698730e-01
9.940298795700073242e-01
9.671641588211059570e-01
9.582089781761169434e-01
9.761193990707397461e-01
9.970149397850036621e-01
9.910447597503662109e-01
9.820895791053771973e-01
9.701492786407470703e-01
9.462686777114868164e-01
9.761193990707397461e-01
9.731343388557434082e-01
9.731343388557434082e-01
9.701492786407470703e-01
9.611940383911132812e-01
9.611940383911132812e-01
9.820895791053771973e-01
9.880596995353698730e-01
