1.043478250503540039e-01
2.478260844945907593e-01
3.021739125251770020e-01
3.499999940395355225e-01
3.652173876762390137e-01
3.608695566654205322e-01
3.739130496978759766e-01
4.260869622230529785e-01
4.304347932338714600e-01
4.369565248489379883e-01
4.173913002014160156e-01
4.695652127265930176e-01
4.673913121223449707e-01
4.413043558597564697e-01
4.717391431331634521e-01
4.152173995971679688e-01
4.978260993957519531e-01
4.478260874748229980e-01
4.956521689891815186e-01
4.826087057590484619e-01
4.934782683849334717e-01
5.130434632301330566e-01
5.326086878776550293e-01
5.304347872734069824e-01
5.282608866691589355e-01
5.260869860649108887e-01
5.543478131294250488e-01
5.260869860649108887e-01
5.586956739425659180e-01
5.847826004028320312e-01
5.913043618202209473e-01
6.152173876762390137e-01
6.086956262588500977e-01
5.630434751510620117e-01
5.956521630287170410e-01
5.782608985900878906e-01
6.043478250503540039e-01
6.326087117195129395e-01
6.347826123237609863e-01
6.304348111152648926e-01
6.760869622230529785e-01
6.782608628273010254e-01
6.695652008056640625e-01
6.826087236404418945e-01
6.913043260574340820e-01
7.282608747482299805e-01
7.065217494964599609e-01
7.195652127265930176e-01
7.043478488922119141e-01
7.130434513092041016e-01
7.391304373741149902e-01
7.521739006042480469e-01
7.260869741439819336e-01
7.543478012084960938e-01
7.260869741439819336e-01
7.695652246475219727e-01
7.630434632301330566e-01
8.000000119209289551e-01
7.717391252517700195e-01
7.586956620216369629e-01
7.804347872734069824e-01
7.826086878776550293e-01
7.760869860649108887e-01
8.108695745468139648e-01
8.108695745468139648e-01
8.369565010070800781e-01
8.173912763595581055e-01
8.500000238418579102e-01
8.434782624244689941e-01
8.434782624244689941e-01
8.326086997985839844e-01
8.826087117195129395e-01
8.760869503021240234e-01
8.652173876762390137e-01
8.999999761581420898e-01
8.978260755538940430e-01
8.652173876762390137e-01
8.891304135322570801e-01
8.934782743453979492e-01
9.021739363670349121e-01
9.173913002014160156e-01
9.130434989929199219e-01
9.499999880790710449e-01
9.173913002014160156e-01
9.195652008056640625e-01
8.891304135322570801e-01
9.195652008056640625e-01
9.413043260574340820e-01
9.021739363670349121e-01
8.739130496978759766e-01
9.434782862663269043e-01
9.608695507049560547e-01
9.456521868705749512e-01
9.413043260574340820e-01
9.239130616188049316e-01
9.499999880790710449e-01
9.347826242446899414e-01
9.739130139350891113e-01
9.543478488922119141e-01
9.369565248489379883e-01
7.630434632301330566e-01
9.347826242446899414e-01
9.717391133308410645e-01
9.934782385826110840e-01
9.913043379783630371e-01
9.913043379783630371e-01
9.891304373741149902e-01
9.782608747482299805e-01
9.021739363670349121e-01
9.413043260574340820e-01
9.434782862663269043e-01
9.717391133308410645e-01
9.891304373741149902e-01
9.413043260574340820e-01
8.869565129280090332e-01
9.652174115180969238e-01
9.826086759567260742e-01
9.934782385826110840e-01
9.978260993957519531e-01
9.913043379783630371e-01
9.760869741439819336e-01
9.065217375755310059e-01
8.956521749496459961e-01
9.717391133308410645e-01
9.543478488922119141e-01
9.695652127265930176e-01
9.739130139350891113e-01
9.956521987915039062e-01
9.847826361656188965e-01
9.413043260574340820e-01
9.586956501007080078e-01
9.586956501007080078e-01
9.565217494964599609e-01
9.869565367698669434e-01
9.978260993957519531e-01
9.804347753524780273e-01
9.673913121223449707e-01
9.673913121223449707e-01
9.565217494964599609e-01
9.652174115180969238e-01
9.739130139350891113e-01
9.847826361656188965e-01
9.804347753524780273e-01
9.652174115180969238e-01
9.608695507049560547e-01
9.847826361656188965e-01
9.978260993957519531e-01
9.869565367698669434e-01
9.956521987915039062e-01
9.826086759567260742e-01
