8.925619721412658691e-01
9.159663915634155273e-01
8.536585569381713867e-01
9.230769276618957520e-01
9.243697524070739746e-01
9.230769276618957520e-01
9.411764740943908691e-01
9.504132270812988281e-01
9.230769276618957520e-01
9.416666626930236816e-01
9.090909361839294434e-01
9.430894255638122559e-01
9.262295365333557129e-01
8.916666507720947266e-01
9.747899174690246582e-01
9.754098653793334961e-01
9.508196711540222168e-01
9.669421315193176270e-01
9.499999880790710449e-01
9.586777091026306152e-01
9.590163826942443848e-01
9.579831957817077637e-01
9.834710955619812012e-01
9.674796462059020996e-01
9.672130942344665527e-01
1.000000000000000000e+00
9.173553586006164551e-01
9.833333492279052734e-01
9.752066135406494141e-01
9.836065769195556641e-01
9.756097793579101562e-01
9.495798349380493164e-01
9.024389982223510742e-01
9.512194991111755371e-01
9.833333492279052734e-01
9.669421315193176270e-01
9.752066135406494141e-01
1.000000000000000000e+00
9.508196711540222168e-01
9.834710955619812012e-01
9.504132270812988281e-01
9.674796462059020996e-01
9.752066135406494141e-01
9.836065769195556641e-01
1.000000000000000000e+00
1.000000000000000000e+00
9.917355179786682129e-01
9.583333134651184082e-01
9.596773982048034668e-01
9.750000238418579102e-01
