3.071947313693547052e-02
1.980960891314784145e-02
1.498114890580894490e-02
1.682299578120345293e-02
1.014205627096127771e-02
1.168945921465841184e-02
9.164045199035148609e-03
9.382751957310588378e-03
6.981780564306150350e-03
6.278259878934815998e-03
1.321749871545500714e-02
7.687131357074067188e-03
4.841018957548614936e-03
9.192250872180495261e-03
9.463634041657800755e-03
9.104971549440231057e-03
8.826957876158062627e-03
7.617677325288317765e-03
4.592215497653151512e-03
5.901181375357789256e-03
6.494514969212985753e-03
4.126449804162374627e-03
3.764799336447965071e-03
4.103599513539292129e-03
1.443622452649927831e-03
2.286106215270105983e-03
1.515809494126824433e-02
1.423222121122011581e-02
3.976350146410769816e-03
5.122359301343591513e-03
9.642756789613585178e-03
3.079837918159479201e-03
2.310287677308832128e-03
3.493066825766124282e-03
2.984202755241010824e-03
4.139161397123130096e-03
7.566066866309379899e-03
1.278072842883131235e-02
4.101154876333399160e-03
2.141676799824410171e-03
1.688513196394414613e-03
3.159366892970681163e-03
7.387870742829150128e-03
6.878319665254044486e-03
1.164131424832797780e-02
1.147397109042030093e-02
7.662068157964808945e-03
7.353389461935314758e-03
3.323984670587647790e-03
2.115236595814484494e-03
