9.085714221000671387e-01
9.420289993286132812e-01
9.369627237319946289e-01
9.340974092483520508e-01
9.656160473823547363e-01
9.620991349220275879e-01
9.627507328987121582e-01
9.568965435028076172e-01
9.742120504379272461e-01
9.770115017890930176e-01
9.430199265480041504e-01
9.713466763496398926e-01
9.800000190734863281e-01
9.625360369682312012e-01
9.682996869087219238e-01
9.570200443267822266e-01
9.602272510528564453e-01
9.688385128974914551e-01
9.828571677207946777e-01
9.772079586982727051e-01
9.713466763496398926e-01
9.830028414726257324e-01
9.828571677207946777e-01
9.830985665321350098e-01
9.971671104431152344e-01
9.943342804908752441e-01
9.348441958427429199e-01
9.572649598121643066e-01
9.802817106246948242e-01
9.773371219635009766e-01
9.491525292396545410e-01
9.915013909339904785e-01
9.943342804908752441e-01
9.914285540580749512e-01
9.915013909339904785e-01
9.886040091514587402e-01
9.604519605636596680e-01
9.545454382896423340e-01
9.801699519157409668e-01
9.943019747734069824e-01
9.971590638160705566e-01
9.886363744735717773e-01
9.775280952453613281e-01
9.745042324066162109e-01
9.576271176338195801e-01
9.545454382896423340e-01
9.662921428680419922e-01
9.602272510528564453e-01
9.830028414726257324e-01
9.915013909339904785e-01
