8.467742204666137695e-01
8.448275923728942871e-01
8.823529481887817383e-01
9.067796468734741211e-01
8.750000000000000000e-01
9.166666865348815918e-01
8.907563090324401855e-01
8.999999761581420898e-01
9.499999880790710449e-01
9.406779408454895020e-01
9.504132270812988281e-01
9.669421315193176270e-01
9.499999880790710449e-01
9.268292784690856934e-01
9.159663915634155273e-01
9.579831957817077637e-01
9.059829115867614746e-01
9.008264541625976562e-01
9.586777091026306152e-01
9.262295365333557129e-01
9.401709437370300293e-01
9.596773982048034668e-01
9.752066135406494141e-01
9.512194991111755371e-01
8.869565129280090332e-01
9.499999880790710449e-01
9.098360538482666016e-01
9.669421315193176270e-01
9.745762944221496582e-01
9.508196711540222168e-01
9.663865566253662109e-01
9.672130942344665527e-01
9.572649598121643066e-01
9.752066135406494141e-01
9.672130942344665527e-01
9.672130942344665527e-01
9.180327653884887695e-01
9.024389982223510742e-01
9.304347634315490723e-01
9.186992049217224121e-01
9.416666626930236816e-01
9.672130942344665527e-01
9.917355179786682129e-01
9.916666746139526367e-01
9.836065769195556641e-01
9.918032884597778320e-01
9.916666746139526367e-01
9.754098653793334961e-01
1.000000000000000000e+00
9.918032884597778320e-01
