2.871431422346994167e-02
1.483137874269412938e-02
1.464588375566192556e-02
9.839287017753651360e-03
1.243733189196717659e-02
7.964214175293738568e-03
4.713219485755607875e-03
3.742997692956984840e-03
4.916216157362983050e-03
1.042847031491156949e-02
5.758694308292096678e-03
5.471168323656264328e-03
1.124571228580033451e-02
8.483026030199724080e-03
5.111020902293807351e-03
5.893797831733890193e-03
8.005354893285521189e-03
3.418882190885837342e-03
1.856300425932331036e-03
4.364308762151440819e-03
7.039489125888046851e-03
9.647401962320991883e-03
3.026159874131080074e-03
6.775940444475989262e-03
6.442349155435444889e-03
2.491183509384666071e-03
2.006946580979705221e-03
3.399719680156401084e-03
4.546444693291815629e-03
4.430309022628125398e-03
5.028640875183281768e-03
4.864586920666470748e-03
6.195746531954180597e-03
9.458171755555883076e-03
2.217660517378633629e-03
1.797295813876977934e-03
2.413628977678133457e-03
5.588204716716205743e-03
3.991238748872294288e-03
3.988788908275619702e-03
1.943803639613863850e-03
1.039997787356581379e-03
1.439160360422095690e-03
2.785706223479923142e-03
2.794575640266213842e-03
1.012448563333994550e-02
6.037452745789870408e-03
2.756065715569018353e-03
6.736609238105379337e-03
5.785869256481055919e-03
