9.425287246704101562e-01
9.626436829566955566e-01
9.536231756210327148e-01
9.626436829566955566e-01
9.548022747039794922e-01
9.770115017890930176e-01
9.857954382896423340e-01
9.858757257461547852e-01
9.857142567634582520e-01
9.575070738792419434e-01
9.913793206214904785e-01
9.857142567634582520e-01
9.571428298950195312e-01
9.743589758872985840e-01
9.802817106246948242e-01
9.801136255264282227e-01
9.714285731315612793e-01
9.858356714248657227e-01
9.971751570701599121e-01
9.858757257461547852e-01
9.772727489471435547e-01
9.745042324066162109e-01
9.885714054107666016e-01
9.801136255264282227e-01
9.828079938888549805e-01
9.915013909339904785e-01
9.915493130683898926e-01
9.914529919624328613e-01
9.915254116058349609e-01
9.775280952453613281e-01
9.802259802818298340e-01
9.856733679771423340e-01
9.747191071510314941e-01
9.714285731315612793e-01
9.943181872367858887e-01
9.943502545356750488e-01
9.971510171890258789e-01
9.774011373519897461e-01
9.886685609817504883e-01
9.775910377502441406e-01
9.943342804908752441e-01
1.000000000000000000e+00
1.000000000000000000e+00
9.943181872367858887e-01
9.915013909339904785e-01
9.631727933883666992e-01
9.775280952453613281e-01
9.943342804908752441e-01
9.801136255264282227e-01
9.774647951126098633e-01
