9.670960017314289905e-03
6.955972320989811490e-03
8.631145663825362524e-03
5.281603667397144659e-03
6.052740130867884268e-03
3.403115200653263929e-03
5.678272716446454947e-03
4.395862558713100471e-03
3.154205503344117024e-03
6.587064359308015746e-03
3.295967564826424688e-03
2.794067327362806906e-03
3.457211199636392018e-03
2.340645850108336729e-03
4.515213595372870488e-03
4.198072865153867558e-03
1.762707632275105829e-03
5.285244153985305116e-03
4.759365493956464049e-03
1.823000043084398647e-03
3.120094274266879079e-03
2.700402389476324640e-03
3.264805962029016309e-03
3.792819348652119553e-03
2.707427540518420918e-03
1.898202848028869875e-03
2.824406005427747886e-03
1.637604241181055999e-03
4.299360149892095598e-03
2.170792155814504042e-03
2.272066640103013232e-03
1.561452920097538156e-03
4.777828388319446500e-03
6.275458893315957049e-03
2.777886960830291876e-03
2.316791143440736622e-03
1.726522837501173746e-03
2.792183076716774157e-03
2.154484116636560566e-03
2.535532084318153218e-03
1.727134533422977625e-03
2.705558958174376482e-03
5.155952847219680800e-03
1.602894328840187175e-03
3.411275313574949498e-03
1.135448290176001990e-03
1.647927947933453506e-03
2.640319955430100833e-03
6.359464619344645017e-04
1.312843398145256734e-03
