3.358286673956524249e-01
1.504396363597274022e-01
1.049664830824983963e-01
8.711703503122647518e-02
7.848488388486546397e-02
7.884483426457813970e-02
6.304174326994071986e-02
6.537302716131691838e-02
6.820014718709670187e-02
6.431808478464728918e-02
5.766487472502648814e-02
5.572414314496774990e-02
6.170562818813535994e-02
5.925853893431645703e-02
5.803269355889908304e-02
4.577149693945628539e-02
4.896857898627614281e-02
4.653224917179101666e-02
4.589016087589481430e-02
4.072525157763896841e-02
4.506218374029020979e-02
4.459505850897219070e-02
4.182632165195309532e-02
4.465683349188524082e-02
4.759019059802521712e-02
3.988059334549116236e-02
3.220325721066217423e-02
3.852943130909289998e-02
3.303536632849510268e-02
3.870276506552263601e-02
3.690738479512450237e-02
3.106081024408686303e-02
3.560440105257148269e-02
3.174345746163886872e-02
2.531910281734971874e-02
2.189845765155019192e-02
3.638688204860442837e-02
2.803736776315188597e-02
2.232754718849387990e-02
2.453589319717499120e-02
2.198868776021175100e-02
2.445678448712212613e-02
2.564080191051554269e-02
2.404247173010922584e-02
2.028141105446707934e-02
2.573350946219423244e-02
2.309803861536932623e-02
1.582539193072894299e-02
1.633541752697362584e-02
1.580602227301788551e-02
1.446473619620454801e-02
1.604441401050969718e-02
1.682865185726488758e-02
1.517236176251569868e-02
1.267283048253140497e-02
1.592130974916149133e-02
1.205733275885152722e-02
1.520867427045368564e-02
1.663787594988469509e-02
1.190982111556814112e-02
1.151620602859681174e-02
1.498681717290782818e-02
1.681617455418694951e-02
1.040509012250455910e-02
1.425106068266366981e-02
1.149099425406231896e-02
1.353232956247235608e-02
1.444836591398494623e-02
1.375479397381247464e-02
1.110205891573108790e-02
1.338083822872959336e-02
7.884538262125971933e-03
1.117431703318927383e-02
1.205544589247269267e-02
1.861391764217721137e-02
8.855840918728296804e-03
7.345749106696084635e-03
1.251052934438716228e-02
8.930757825283732951e-03
7.471797834939199884e-03
4.714223574047471908e-03
6.661305578759736494e-03
1.100774769968737056e-02
1.240280221381324759e-02
6.757565468984778195e-03
8.078787385249093511e-03
7.348528169117124823e-03
1.255143409481809455e-02
7.685231890857842189e-03
4.460902336649222484e-03
5.043300564403732644e-03
6.243996091665266444e-03
1.156968123642173121e-02
1.404311672542373803e-02
9.129251359655086648e-03
1.751006267531231286e-02
7.472048998340008116e-03
9.667784268755323998e-03
5.154934941073598294e-03
3.271346939158642411e-03
3.547654805736643550e-03
5.003762174662770498e-03
3.666395238205957807e-03
4.462790462618430008e-03
7.352938841162602081e-03
3.925134991554936510e-03
7.670831846394514722e-03
4.700977923993197340e-03
8.524453769400513331e-03
4.873914922150363038e-03
4.741131166343368758e-03
1.614596257407624469e-02
3.913689259049314695e-03
3.150341208132483549e-03
2.868987749887476259e-03
1.684141418430594103e-03
2.817165862289181845e-03
8.955361371808048115e-03
7.338357619885052356e-03
1.435956449881023228e-03
1.514526263055119984e-03
3.827211687093556164e-03
8.945828977066876478e-03
2.920065021588217225e-03
1.242325648525693764e-02
1.325685728617928636e-03
2.044439357752232678e-03
4.808602186909546362e-03
1.600652738032777578e-02
7.646300635831423075e-03
6.123668706777080084e-03
4.023603269540793059e-03
2.928507368711283625e-03
2.374320414690884139e-03
1.138543621049898508e-02
6.144134733467222602e-03
1.769617576694457401e-03
2.803952800061723649e-03
2.048168172832932812e-03
3.809780317615452626e-03
1.878421031788916461e-03
2.180350894295327632e-03
3.383606781814627734e-03
6.395557535657758232e-03
3.398618102019648323e-03
4.998916416333185758e-03
9.775702941158681200e-03
2.234195362652629732e-03
8.656779748109606027e-04
1.528287317083604040e-02
