6.930693238973617554e-02
7.954545319080352783e-02
2.469135820865631104e-01
3.218390941619873047e-01
3.975903689861297607e-01
4.625000059604644775e-01
4.782608747482299805e-01
5.301204919815063477e-01
4.431818127632141113e-01
5.000000000000000000e-01
5.604395866394042969e-01
5.425531864166259766e-01
5.632184147834777832e-01
5.806451439857482910e-01
5.531914830207824707e-01
6.344085931777954102e-01
6.666666865348815918e-01
6.404494643211364746e-01
5.638297796249389648e-01
6.701030731201171875e-01
6.923077106475830078e-01
5.957446694374084473e-01
6.489361524581909180e-01
6.195651888847351074e-01
5.544554591178894043e-01
6.966292262077331543e-01
7.263157963752746582e-01
7.021276354789733887e-01
7.234042286872863770e-01
6.600000262260437012e-01
6.702127456665039062e-01
7.391304373741149902e-01
7.352941036224365234e-01
7.444444298744201660e-01
7.788461446762084961e-01
8.282828330993652344e-01
6.631578803062438965e-01
7.326732873916625977e-01
8.155339956283569336e-01
7.978723645210266113e-01
7.959183454513549805e-01
7.884615659713745117e-01
7.500000000000000000e-01
7.900000214576721191e-01
7.623762488365173340e-01
8.041236996650695801e-01
7.788461446762084961e-01
8.461538553237915039e-01
8.865979313850402832e-01
8.349514603614807129e-01
8.942307829856872559e-01
8.224298954010009766e-01
8.653846383094787598e-01
8.627451062202453613e-01
8.857142925262451172e-01
8.737863898277282715e-01
9.134615659713745117e-01
8.490566015243530273e-01
9.278350472450256348e-01
9.238095283508300781e-01
9.215686321258544922e-01
8.653846383094787598e-01
8.165137767791748047e-01
9.252336621284484863e-01
8.785046935081481934e-01
8.910890817642211914e-01
8.333333134651184082e-01
8.878504633903503418e-01
8.584905862808227539e-01
9.038461446762084961e-01
9.065420627593994141e-01
9.428571462631225586e-01
8.727272748947143555e-01
8.807339668273925781e-01
8.396226167678833008e-01
9.065420627593994141e-01
9.357798099517822266e-01
8.611111044883728027e-01
9.166666865348815918e-01
9.259259104728698730e-01
9.633027315139770508e-01
9.449541568756103516e-01
9.056603908538818359e-01
9.082568883895874023e-01
9.357798099517822266e-01
9.259259104728698730e-01
9.259259104728698730e-01
8.857142925262451172e-01
9.272727370262145996e-01
9.629629850387573242e-01
9.633027315139770508e-01
9.333333373069763184e-01
8.899082541465759277e-01
8.598130941390991211e-01
9.074074029922485352e-01
8.490566015243530273e-01
9.439252614974975586e-01
8.999999761581420898e-01
9.545454382896423340e-01
9.727272987365722656e-01
9.724770784378051758e-01
9.541284441947937012e-01
9.816513657569885254e-01
9.814814925193786621e-01
9.181818366050720215e-01
9.633027315139770508e-01
9.181818366050720215e-01
9.537037014961242676e-01
9.189189076423645020e-01
9.716981053352355957e-01
9.633027315139770508e-01
8.648648858070373535e-01
9.633027315139770508e-01
9.727272987365722656e-01
9.636363387107849121e-01
1.000000000000000000e+00
9.816513657569885254e-01
9.272727370262145996e-01
9.357798099517822266e-01
9.909909963607788086e-01
9.909090995788574219e-01
9.814814925193786621e-01
9.181818366050720215e-01
9.814814925193786621e-01
8.818181753158569336e-01
9.909909963607788086e-01
9.909090995788574219e-01
9.541284441947937012e-01
8.867924809455871582e-01
9.181818366050720215e-01
9.266055226325988770e-01
9.633027315139770508e-01
9.907407164573669434e-01
9.909090995788574219e-01
9.009009003639221191e-01
9.345794320106506348e-01
9.819819927215576172e-01
9.818181991577148438e-01
9.818181991577148438e-01
9.727272987365722656e-01
9.908257126808166504e-01
9.816513657569885254e-01
9.639639854431152344e-01
9.545454382896423340e-01
9.727272987365722656e-01
9.369369149208068848e-01
9.449541568756103516e-01
9.724770784378051758e-01
1.000000000000000000e+00
9.166666865348815918e-01
