2.177777737379074097e-01
5.073791146278381348e-01
6.294686198234558105e-01
6.649313569068908691e-01
6.920890808105468750e-01
7.229375243186950684e-01
7.201125025749206543e-01
7.279168367385864258e-01
7.479713559150695801e-01
7.417817711830139160e-01
7.736742496490478516e-01
7.671557068824768066e-01
7.756052017211914062e-01
7.886331677436828613e-01
8.062999248504638672e-01
7.917241454124450684e-01
8.081746697425842285e-01
8.128735423088073730e-01
8.392357826232910156e-01
8.388581871986389160e-01
8.359118700027465820e-01
8.407202363014221191e-01
8.428372740745544434e-01
8.511520624160766602e-01
8.379629850387573242e-01
8.550458550453186035e-01
8.775035142898559570e-01
8.592321872711181641e-01
8.694457411766052246e-01
8.714416623115539551e-01
8.692840933799743652e-01
8.809302449226379395e-01
8.774104714393615723e-01
8.878160715103149414e-01
8.767312765121459961e-01
8.842152953147888184e-01
8.872594237327575684e-01
8.789664506912231445e-01
8.743741512298583984e-01
8.853127956390380859e-01
8.885881900787353516e-01
8.960328102111816406e-01
8.926961421966552734e-01
8.895427584648132324e-01
8.955020308494567871e-01
8.923076987266540527e-01
8.981900215148925781e-01
8.995947837829589844e-01
9.014466404914855957e-01
9.021983146667480469e-01
9.055928587913513184e-01
9.055505990982055664e-01
9.027962684631347656e-01
9.080356955528259277e-01
9.079946279525756836e-01
9.187389016151428223e-01
9.218125343322753906e-01
9.131393432617187500e-01
9.273693561553955078e-01
9.193832874298095703e-01
9.181053638458251953e-01
9.169231057167053223e-01
9.212494492530822754e-01
9.282254576683044434e-01
9.305309653282165527e-01
9.304157495498657227e-01
9.359929561614990234e-01
9.337690472602844238e-01
9.347542524337768555e-01
9.397379755973815918e-01
9.341421127319335938e-01
9.335664510726928711e-01
9.353859424591064453e-01
9.423743486404418945e-01
9.407979249954223633e-01
9.544281959533691406e-01
9.518486857414245605e-01
9.387842416763305664e-01
9.571056962013244629e-01
9.531987905502319336e-01
9.606501460075378418e-01
9.556503295898437500e-01
9.620953798294067383e-01
9.554412961006164551e-01
9.594363570213317871e-01
9.632164239883422852e-01
9.616695046424865723e-01
9.725969433784484863e-01
9.534187912940979004e-01
9.763313531875610352e-01
9.701178669929504395e-01
9.618482589721679688e-01
9.759188890457153320e-01
9.768226146697998047e-01
9.746621847152709961e-01
9.716702103614807129e-01
9.767245054244995117e-01
9.708245396614074707e-01
9.692631363868713379e-01
9.857142567634582520e-01
9.711417555809020996e-01
9.690505862236022949e-01
9.815436005592346191e-01
9.718013405799865723e-01
9.757220745086669922e-01
9.802520871162414551e-01
9.772918224334716797e-01
9.886839985847473145e-01
9.895485043525695801e-01
9.710934162139892578e-01
9.662589430809020996e-01
9.895090460777282715e-01
9.862097501754760742e-01
9.782426953315734863e-01
9.882845282554626465e-01
9.756404757499694824e-01
9.752931594848632812e-01
9.899497628211975098e-01
9.841070771217346191e-01
9.882796406745910645e-01
9.756915569305419922e-01
9.849309325218200684e-01
9.774812459945678711e-01
9.899581670761108398e-01
9.908295273780822754e-01
9.908065199851989746e-01
9.786967635154724121e-01
9.866499900817871094e-01
9.899791479110717773e-01
9.790004491806030273e-01
9.903765916824340820e-01
9.928870201110839844e-01
9.887170791625976562e-01
9.828595519065856934e-01
9.732217788696289062e-01
9.912207126617431641e-01
9.970845580101013184e-01
9.895659685134887695e-01
9.752620458602905273e-01
9.698618650436401367e-01
9.836956262588500977e-01
9.924623370170593262e-01
9.954166412353515625e-01
9.987499713897705078e-01
9.912280440330505371e-01
9.741019010543823242e-01
9.803429245948791504e-01
9.941569566726684570e-01
9.979158043861389160e-01
9.962468743324279785e-01
