1.142576938690103260e-02
1.062514232721601705e-02
1.285564615569191084e-02
7.584045569331747741e-03
1.344057791682327051e-02
6.119559773790941154e-03
2.281964007939328923e-03
1.666045006786270877e-02
1.349829638518516318e-02
1.090582941996453246e-02
7.258284806887737445e-03
4.223751369611306386e-03
2.321003870041856137e-03
1.400078254225158372e-02
1.827550371289915487e-02
6.832109694504762999e-03
6.632614190349333735e-03
5.342025489678341524e-03
5.244540820333576034e-03
1.753177081429460257e-02
7.134426232060713663e-03
6.136340339631525705e-03
1.717691310386629602e-02
8.452700432494119134e-03
7.340814389794972535e-03
3.846037408590706041e-03
5.668001425738492839e-03
2.094865697971954113e-02
3.380361724401723632e-03
2.611079218647029392e-03
1.239652737366369294e-02
1.143385399452736574e-02
7.729362755025248090e-03
2.766006009002920478e-03
6.936669633514119977e-03
1.023329358512960197e-02
9.895219395946211818e-03
4.550804820707969774e-03
1.153109169244708257e-02
1.671518904778861170e-02
2.557047853583653205e-03
7.373320360780088144e-03
4.650003807801665612e-03
8.954790605964220440e-03
8.279834805092329414e-03
9.888876817427184537e-03
5.262168984640170841e-03
1.607903340108563645e-02
7.884511182275070335e-03
2.175043752754587164e-03
