9.840937852859497070e-01
9.866164922714233398e-01
9.783513545989990234e-01
9.899874925613403320e-01
9.815436005592346191e-01
9.920701384544372559e-01
9.970845580101013184e-01
9.762499928474426270e-01
9.811320900917053223e-01
9.832705855369567871e-01
9.895572066307067871e-01
9.949979186058044434e-01
9.970845580101013184e-01
9.816053509712219238e-01
9.748322367668151855e-01
9.912244081497192383e-01
9.891576170921325684e-01
9.949811697006225586e-01
9.916492700576782227e-01
9.753137826919555664e-01
9.899958372116088867e-01
9.933138489723205566e-01
9.778428077697753906e-01
9.907911419868469238e-01
9.907911419868469238e-01
9.958316087722778320e-01
9.929196238517761230e-01
9.757016897201538086e-01
9.949979186058044434e-01
9.974958300590515137e-01
9.841136932373046875e-01
9.841468334197998047e-01
9.895528554916381836e-01
9.966624975204467773e-01
9.891846776008605957e-01
9.883089661598205566e-01
9.845511317253112793e-01
9.945855736732482910e-01
9.849561452865600586e-01
9.794635176658630371e-01
9.970796704292297363e-01
9.895703196525573730e-01
9.925062656402587891e-01
9.862442612648010254e-01
9.891259074211120605e-01
9.899497628211975098e-01
9.941569566726684570e-01
9.790268540382385254e-01
9.858392477035522461e-01
9.983319640159606934e-01
