9.799916744232177734e-01
9.833263754844665527e-01
9.795747995376586914e-01
9.891621470451354980e-01
9.754064083099365234e-01
9.908295273780822754e-01
9.979158043861389160e-01
9.766569137573242188e-01
9.754064083099365234e-01
9.799916744232177734e-01
9.874947667121887207e-01
9.949979186058044434e-01
9.979158043861389160e-01
9.787411689758300781e-01
9.687369465827941895e-01
9.887453317642211914e-01
9.887453317642211914e-01
9.916632175445556641e-01
9.899958372116088867e-01
9.716548323631286621e-01
9.899958372116088867e-01
9.908295273780822754e-01
9.749895930290222168e-01
9.866611361503601074e-01
9.866611361503601074e-01
9.958316087722778320e-01
9.937474131584167480e-01
9.708212018013000488e-01
9.949979186058044434e-01
9.962484240531921387e-01
9.812421798706054688e-01
9.833263754844665527e-01
9.870779514312744141e-01
9.958316087722778320e-01
9.912463426589965820e-01
9.866611361503601074e-01
9.829095602035522461e-01
9.954147338867187500e-01
9.824926853179931641e-01
9.741559028625488281e-01
9.962484240531921387e-01
9.887453317642211914e-01
9.937474131584167480e-01
9.862442612648010254e-01
9.858274459838867188e-01
9.854105710983276367e-01
9.929137229919433594e-01
9.729053974151611328e-01
9.866611361503601074e-01
9.979158043861389160e-01
