4.185627510308022048e-01
2.731350190423514346e-01
2.354024584521568764e-01
2.171244587300266426e-01
2.067710793702602079e-01
1.878424916736259609e-01
1.721935929445996272e-01
1.753038164443821711e-01
1.738168316911403444e-01
1.605304410864857312e-01
1.592560097026646249e-01
1.482697188005425160e-01
1.417541590473433977e-01
1.365904680285302542e-01
1.386388236516616079e-01
1.388628142539330701e-01
1.307370913369229615e-01
1.343693651049236437e-01
1.285468702162754773e-01
1.326536646439964440e-01
1.273740138891226448e-01
1.223196147578651527e-01
1.271445377354363804e-01
1.231749663975752196e-01
1.173920737068260417e-01
1.190658604413809829e-01
1.117260086596022078e-01
1.190590451553259765e-01
1.114214804288129607e-01
1.036132215605070905e-01
1.065441127099544250e-01
9.601768588257231229e-02
1.038926259567778260e-01
1.026499219270494423e-01
1.068761289003976045e-01
9.906042806986509186e-02
1.037799363087305443e-01
1.071216201763309228e-01
9.355987793199918579e-02
8.596930335804224554e-02
9.184521616577409620e-02
8.982129442892675120e-02
8.309949816435707737e-02
9.452931880658455022e-02
7.851032321874552855e-02
7.999385610953375914e-02
9.474834900140602367e-02
8.426841132392286216e-02
7.666051039060116368e-02
8.653539162420702258e-02
7.103436190118783689e-02
7.226324222776110695e-02
6.901708031352461747e-02
7.222128190885201970e-02
6.655315976009018586e-02
6.402203499012901200e-02
6.119602791092101923e-02
6.579516442482648275e-02
6.531188248652100570e-02
7.991326548761024107e-02
5.981046674052183793e-02
5.993029932495914924e-02
6.016693564629214952e-02
6.000206075090058072e-02
6.009263639645721911e-02
5.378354517914507582e-02
6.072726128108340421e-02
5.370268186217191236e-02
5.026329744392211973e-02
5.809212735032132785e-02
4.856433903938163488e-02
4.726598571966046658e-02
4.374021435853264750e-02
5.575526252743343708e-02
4.339392200916798031e-02
4.131241736519460084e-02
4.059175079685162918e-02
4.111370567392919062e-02
3.429187586026839069e-02
4.260301652332074140e-02
3.527644127718578687e-02
4.080442344957453671e-02
3.378362627482172503e-02
2.835921130252316499e-02
3.306806153424658723e-02
2.978776922838940328e-02
2.672654825644573198e-02
2.960089207300764524e-02
3.306088042409310868e-02
3.201118123936454868e-02
2.175116704248410138e-02
2.166152894725995384e-02
2.198005714210094635e-02
1.701788768359104378e-02
2.079384410185625143e-02
1.774404473788834119e-02
2.086935425546696324e-02
2.137142431849410953e-02
2.201899325013908018e-02
1.512360058292861083e-02
1.593384605760329864e-02
2.010451524713787949e-02
2.420226953924324576e-02
1.037197856815796557e-02
1.641767568233506308e-02
3.559349559646220879e-02
8.951824808714634041e-03
5.139980293268359840e-03
1.147830948931104558e-02
2.094041748570304312e-02
1.164728707020692630e-02
1.172766999335052469e-02
1.212263953518529988e-02
7.744679466904017158e-03
9.425165845241214799e-03
1.416922914302808090e-02
2.602849444991473318e-02
1.440938751725157237e-02
1.266785932613486397e-02
1.097001360097059515e-02
9.097654499535310843e-03
9.151942871002578805e-03
9.780382746754353457e-03
1.749990649062729137e-02
8.515336133668333432e-03
4.013610152202703486e-03
2.336162701361911391e-03
2.059449217145566807e-03
2.292017563836424958e-03
2.611479170501119010e-02
1.090216149620073724e-02
1.119397856605627503e-02
3.108421030226543591e-02
4.617440323021776427e-03
1.981222818959991333e-03
1.776274227582563467e-03
1.518447920025094329e-03
6.721550506934558314e-03
3.211261060074560580e-02
1.163559179256173047e-02
9.211117106903343385e-03
3.693676705960351279e-03
2.896569233065989131e-03
2.019382270068897055e-03
4.060155511275229806e-03
1.405252360325852032e-02
5.331675036506625803e-02
6.792365828112693731e-03
3.660047604034004712e-03
1.658535234415887353e-03
