2.957516539167666728e-02
2.005288778921824819e-02
1.633711870884251363e-02
1.691634376881983454e-02
1.236465010239031284e-02
1.062214930039847433e-02
1.066506640067850856e-02
1.009044913476623596e-02
9.682285281255788301e-03
1.056291140557171979e-02
1.148648061536887768e-02
7.365279943654065228e-03
8.401548778710439883e-03
9.364693888371524236e-03
7.126519046370682030e-03
5.130706461458385895e-03
9.068783508317657463e-03
6.834424782487940296e-03
5.074085432829435367e-03
2.963031047612065417e-03
5.991476398157650866e-03
1.213537299731396076e-02
6.145600882854193592e-03
3.610253275362098040e-03
3.372703395808595000e-03
6.131573794399458946e-03
4.404060910182965027e-03
9.924920214188250739e-03
6.757795196364779072e-03
1.844684184796378584e-03
1.016856796379471406e-02
9.245486878090538457e-03
2.692445520028583037e-03
3.544994191687951633e-03
2.883010869308879742e-03
3.769573496580893614e-03
8.361278236161178920e-03
2.510572398816804645e-03
3.362152606266513750e-03
1.316507138494513000e-02
3.555656968296207893e-03
1.024516815231735038e-03
1.253953888693814210e-03
8.386356232420478021e-03
5.276029830360470275e-03
4.970365353168102428e-03
7.743073340165605375e-03
1.865222954528804669e-03
9.981152027315320224e-04
3.769557128617109353e-03
