6.596638560295104980e-01
7.352941036224365234e-01
7.521008253097534180e-01
7.521008253097534180e-01
7.941176295280456543e-01
8.235294222831726074e-01
8.193277120590209961e-01
8.319327831268310547e-01
8.193277120590209961e-01
8.277310729026794434e-01
7.899159789085388184e-01
8.655462265014648438e-01
8.655462265014648438e-01
8.697478771209716797e-01
8.949579596519470215e-01
9.285714030265808105e-01
8.655462265014648438e-01
8.865545988082885742e-01
8.949579596519470215e-01
9.663865566253662109e-01
8.907563090324401855e-01
8.151260614395141602e-01
9.075630307197570801e-01
9.369747638702392578e-01
9.495798349380493164e-01
8.991596698760986328e-01
9.033613204956054688e-01
8.739495873451232910e-01
8.865545988082885742e-01
9.705882072448730469e-01
8.487395048141479492e-01
8.781512379646301270e-01
9.579831957817077637e-01
9.411764740943908691e-01
9.579831957817077637e-01
9.327731132507324219e-01
8.865545988082885742e-01
9.621848464012145996e-01
9.579831957817077637e-01
8.235294222831726074e-01
9.453781247138977051e-01
9.831932783126831055e-01
9.831932783126831055e-01
8.865545988082885742e-01
9.201680421829223633e-01
9.327731132507324219e-01
8.949579596519470215e-01
9.915966391563415527e-01
9.789915680885314941e-01
9.621848464012145996e-01
