1.141511264020520812e-02
4.499348171385925653e-03
5.998750587843202677e-03
1.103364958794108945e-02
9.184627549419193196e-03
5.090410355388490411e-03
3.544749275805343658e-03
3.921637304645097730e-03
3.749316370563778814e-03
4.140461440744096396e-03
9.047720877148285410e-04
1.995486465256808215e-03
1.091129855227232492e-03
4.468015126035133379e-03
7.343199697986881741e-03
2.559527496698154637e-03
6.155748812161956560e-03
2.789681154495567399e-03
5.835189804674630054e-03
1.978286089752321567e-03
1.509287544086428470e-03
2.247983123476876999e-03
3.717149582807455829e-03
2.025336357619042862e-03
7.047743038863176976e-03
5.309055161202140202e-03
5.612689232646739246e-03
7.779565085177954755e-04
7.704149563245803710e-04
7.572692765999075593e-04
7.288290510672214804e-04
7.191804404318626748e-04
7.249241173865197214e-04
6.984415361823403381e-04
6.872339870392475203e-04
6.760346163651269596e-04
6.641175488333455083e-04
6.517375532533376719e-04
6.391257632881034486e-04
6.257413389674068484e-04
6.119733025721070486e-04
5.992459270030645740e-04
5.847195068652304888e-04
5.683898553036136145e-04
5.534423658536416707e-04
8.531407106754911734e-03
1.067861484253652266e-02
1.705630372319088053e-02
2.308618682829197827e-03
4.799178951070193384e-03
