9.338843226432800293e-01
9.590163826942443848e-01
9.583333134651184082e-01
9.105691313743591309e-01
9.186992049217224121e-01
9.590163826942443848e-01
9.669421315193176270e-01
9.669421315193176270e-01
9.279999732971191406e-01
9.672130942344665527e-01
1.000000000000000000e+00
9.836065769195556641e-01
9.918699264526367188e-01
9.915254116058349609e-01
9.421487450599670410e-01
9.917355179786682129e-01
9.663865566253662109e-01
9.669421315193176270e-01
9.669421315193176270e-01
9.918032884597778320e-01
9.836065769195556641e-01
9.836065769195556641e-01
9.752066135406494141e-01
9.836065769195556641e-01
9.416666626930236816e-01
9.440000057220458984e-01
9.752066135406494141e-01
1.000000000000000000e+00
1.000000000000000000e+00
1.000000000000000000e+00
1.000000000000000000e+00
1.000000000000000000e+00
1.000000000000000000e+00
1.000000000000000000e+00
1.000000000000000000e+00
1.000000000000000000e+00
1.000000000000000000e+00
1.000000000000000000e+00
1.000000000000000000e+00
1.000000000000000000e+00
1.000000000000000000e+00
1.000000000000000000e+00
1.000000000000000000e+00
1.000000000000000000e+00
1.000000000000000000e+00
9.504132270812988281e-01
9.098360538482666016e-01
8.606557250022888184e-01
9.677419066429138184e-01
9.750000238418579102e-01
