7.015899046555410523e-01
3.103940885606998878e-01
2.547087812764318726e-01
2.310358704129897023e-01
2.111411984227279381e-01
2.024090796581711205e-01
1.972215819275953408e-01
1.975404876155803513e-01
1.769425795418345104e-01
1.726865859064610764e-01
1.679589669337163693e-01
1.588845365026622658e-01
1.587187584803681217e-01
1.508488616004799721e-01
1.429390987291291604e-01
1.377045224082196762e-01
1.357731532128551855e-01
1.307482837466790448e-01
1.259284058134416684e-01
1.271804049189761143e-01
1.218820317218744509e-01
1.245312216677852829e-01
1.141292620066942515e-01
1.133684791769319078e-01
1.133437157013043317e-01
1.107531684235823627e-01
1.059083375367258217e-01
1.015395331600195961e-01
1.059896045962895189e-01
1.007981996702455446e-01
9.851653571243573770e-02
9.696610818351615591e-02
9.200958849283205621e-02
9.637682918733041226e-02
9.336200059168260623e-02
9.177130512930264938e-02
9.138093339065857246e-02
9.099235138148442648e-02
8.716661965979687066e-02
9.186110041255959868e-02
8.248996280279130566e-02
8.277938535135324905e-02
8.299109119925249245e-02
8.029808449469856557e-02
8.278241512754538900e-02
7.777828144638902763e-02
7.932278950001300788e-02
7.893202279268811405e-02
7.977862575651863131e-02
7.316252533700427774e-02
7.154706942687416582e-02
7.598084504760251046e-02
6.953851987143561120e-02
7.129281498021330932e-02
7.026717495627017585e-02
6.414006683722660307e-02
6.938473413216023067e-02
6.485591852170502492e-02
6.106760515982875837e-02
6.435955722871608553e-02
6.087393862239227904e-02
5.925440023506654136e-02
5.910728921685080156e-02
5.918367899695501505e-02
5.635233458496335252e-02
5.372307638227597631e-02
5.347063591669479893e-02
5.047806119187926016e-02
4.998055853690036576e-02
4.980700509268284198e-02
4.753070331973233142e-02
4.711773443237378400e-02
4.511279573225433770e-02
4.483731872234193033e-02
4.133836357288876717e-02
4.280773921290326189e-02
4.224822014402971476e-02
3.908579119588577455e-02
3.974261138569341184e-02
3.614679585786387955e-02
3.306916578188098116e-02
3.700047080628036944e-02
3.231054462109229225e-02
2.868806253636962261e-02
2.629771590108667331e-02
3.179053981586542343e-02
3.088630940862951285e-02
2.978579851038536466e-02
3.115723055744499051e-02
2.484264455794606488e-02
2.342396394568892898e-02
2.123156476054994732e-02
2.048656122684618108e-02
2.581008696004623640e-02
2.044266669393758618e-02
1.925913036890493368e-02
2.235591470531308675e-02
2.367568378784549663e-02
1.812562447707937591e-02
2.145336649237455234e-02
2.061399569299503243e-02
1.855819902644419844e-02
1.598212100250861328e-02
1.477257225009407510e-02
1.134696628392726191e-02
1.433997481197915938e-02
2.041527112356922649e-02
1.507659696748662320e-02
2.221754230914370007e-02
1.996346187392501748e-02
9.043703921149694874e-03
1.366079895014226872e-02
8.259497077414834285e-03
1.905572135860713473e-02
1.628308116619206491e-02
7.347026419195004654e-03
1.071582187212527862e-02
1.287537348661841816e-02
1.311546379524563925e-02
9.891082833827483448e-03
2.345367738999012269e-02
1.134233227436176952e-02
9.719051293725194593e-03
8.869511812124038219e-03
1.035813700956265092e-02
4.703634413755706720e-03
2.151215821860981425e-02
8.246698619079425099e-03
6.144956822082168861e-03
6.744502707960549868e-03
2.213995930475376114e-02
9.514007158103247180e-03
6.717386613792207702e-03
1.383043341286364220e-02
1.131900768783036977e-02
3.068889355000815194e-03
4.832340225902479955e-03
1.242621018689053954e-02
9.287410696028440896e-03
1.943300883198485068e-02
6.778021327740052504e-03
9.582369353598954240e-03
6.099907534117854878e-03
5.079296474031842062e-03
2.217982835571345908e-03
1.119483325950502983e-02
8.903777098545393939e-03
3.656793690555333164e-03
1.797515854504755373e-02
1.525870684141323631e-02
