3.043907284736633301e-01
5.948443412780761719e-01
6.736741662025451660e-01
6.867073774337768555e-01
7.255087494850158691e-01
7.306603789329528809e-01
7.353488206863403320e-01
7.475270628929138184e-01
7.799616456031799316e-01
7.774607539176940918e-01
7.801943421363830566e-01
7.828676104545593262e-01
7.929890751838684082e-01
8.107857108116149902e-01
8.116343617439270020e-01
8.233379721641540527e-01
8.292682766914367676e-01
8.396139740943908691e-01
8.455509543418884277e-01
8.436920046806335449e-01
8.464022278785705566e-01
8.473782539367675781e-01
8.592321872711181641e-01
8.618758916854858398e-01
8.604543209075927734e-01
8.699262142181396484e-01
8.729866743087768555e-01
8.758684396743774414e-01
8.645073175430297852e-01
8.804799318313598633e-01
8.893005847930908203e-01
8.810613155364990234e-01
8.937931060791015625e-01
8.814882636070251465e-01
8.851783871650695801e-01
8.879818320274353027e-01
8.867151737213134766e-01
8.916323781013488770e-01
8.906679153442382812e-01
8.820326924324035645e-01
8.980144262313842773e-01
8.958617448806762695e-01
8.938848972320556641e-01
8.931951522827148438e-01
8.984127044677734375e-01
9.024608731269836426e-01
8.987799286842346191e-01
8.970588445663452148e-01
9.007187485694885254e-01
9.065462946891784668e-01
9.145299196243286133e-01
9.013833403587341309e-01
9.152542352676391602e-01
9.084037542343139648e-01
9.149888157844543457e-01
9.179236888885498047e-01
9.152086377143859863e-01
9.188948273658752441e-01
9.217852354049682617e-01
9.177777767181396484e-01
9.146502614021301270e-01
9.193121790885925293e-01
9.221927523612976074e-01
9.246544837951660156e-01
9.306358098983764648e-01
9.349164366722106934e-01
9.321585893630981445e-01
9.389011263847351074e-01
9.360210299491882324e-01
9.346204400062561035e-01
9.322399497032165527e-01
9.411764740943908691e-01
9.405381679534912109e-01
9.380993843078613281e-01
9.449262619018554688e-01
9.435101151466369629e-01
9.423993229866027832e-01
9.511245489120483398e-01
9.460741877555847168e-01
9.541166424751281738e-01
9.541755914688110352e-01
9.500215649604797363e-01
9.612236022949218750e-01
9.612930417060852051e-01
9.663256406784057617e-01
9.577645063400268555e-01
9.557070136070251465e-01
9.582445621490478516e-01
9.536564350128173828e-01
9.615222215652465820e-01
9.677693247795104980e-01
9.740536212921142578e-01
9.750105738639831543e-01
9.609507918357849121e-01
9.732484221458435059e-01
9.721401333808898926e-01
9.676062464714050293e-01
9.657939076423645020e-01
9.770895242691040039e-01
9.720812439918518066e-01
9.697352051734924316e-01
9.726430773735046387e-01
9.772727489471435547e-01
9.801855087280273438e-01
9.869638085365295410e-01
9.806641340255737305e-01
9.735516309738159180e-01
9.794204235076904297e-01
9.683410525321960449e-01
9.698113203048706055e-01
9.899328947067260742e-01
9.832074046134948730e-01
9.891030788421630859e-01
9.719312787055969238e-01
9.764606952667236328e-01
9.891213178634643555e-01
9.828810095787048340e-01
9.827948212623596191e-01
9.807127714157104492e-01
9.869966506958007812e-01
9.684210419654846191e-01
9.820234179496765137e-01
9.886981844902038574e-01
9.878661036491394043e-01
9.824780821800231934e-01
9.949854016304016113e-01
9.726890921592712402e-01
9.854105710983276367e-01
9.912390708923339844e-01
9.912280440330505371e-01
9.706252813339233398e-01
9.869911670684814453e-01
9.920368790626525879e-01
9.816437363624572754e-01
9.816437363624572754e-01
9.979140758514404297e-01
9.937369227409362793e-01
9.807531237602233887e-01
9.849874973297119141e-01
9.706990122795104980e-01
9.899833202362060547e-01
9.853495359420776367e-01
9.904086589813232422e-01
9.933110475540161133e-01
9.974968433380126953e-01
9.866108894348144531e-01
9.895222187042236328e-01
9.962390065193176270e-01
9.757322072982788086e-01
9.786432385444641113e-01
