2.571904957294464111e-01
5.097957253456115723e-01
5.877448916435241699e-01
6.094205975532531738e-01
6.390162706375122070e-01
6.456856727600097656e-01
6.590245962142944336e-01
6.615256071090698242e-01
6.781992316246032715e-01
6.815339922904968262e-01
7.027928233146667480e-01
7.123801708221435547e-01
6.977907419204711914e-01
7.269695997238159180e-01
7.328053116798400879e-01
7.382242679595947266e-01
7.369737625122070312e-01
7.615672945976257324e-01
7.644851803779602051e-01
7.582325935363769531e-01
7.649020552635192871e-01
7.544810175895690918e-01
7.836598753929138184e-01
7.699041366577148438e-01
7.736557126045227051e-01
7.861608862876892090e-01
7.907461524009704590e-01
7.882450819015502930e-01
7.899124622344970703e-01
7.953313589096069336e-01
8.003334999084472656e-01
8.028345108032226562e-01
8.103376626968383789e-01
7.999166250228881836e-01
8.065860867500305176e-01
8.161734342575073242e-01
8.124218583106994629e-01
8.128386735916137695e-01
8.115881681442260742e-01
8.103376626968383789e-01
8.295122981071472168e-01
8.211755156517028809e-01
8.286786079406738281e-01
8.261775970458984375e-01
8.257607221603393555e-01
8.407669663429260254e-01
8.290954828262329102e-01
8.390996456146240234e-01
8.357648849487304688e-01
8.370154500007629395e-01
8.474364280700683594e-01
8.420175313949584961e-01
8.553563952445983887e-01
8.516048192977905273e-01
8.524385094642639160e-01
8.624426722526550293e-01
8.503543138504028320e-01
8.595247864723205566e-01
8.695289492607116699e-01
8.607753515243530273e-01
8.666110634803771973e-01
8.691121339797973633e-01
8.695289492607116699e-01
8.645268678665161133e-01
8.724468350410461426e-01
8.862025737762451172e-01
8.820341825485229492e-01
8.903709650039672852e-01
8.903709650039672852e-01
8.878699541091918945e-01
9.003751277923583984e-01
8.937057256698608398e-01
9.032930135726928711e-01
8.970404267311096191e-01
9.082950949668884277e-01
9.120466709136962891e-01
9.070445895195007324e-01
9.166319370269775391e-01
9.141308665275573730e-01
9.274697899818420410e-01
9.287202954292297363e-01
9.191329479217529297e-01
9.299708008766174316e-01
9.420592188835144043e-01
9.449770450592041016e-01
9.358065724372863770e-01
9.353897571563720703e-01
9.374739527702331543e-01
9.349728822708129883e-01
9.478949308395385742e-01
9.512296915054321289e-01
9.545643925666809082e-01
9.595664739608764648e-01
9.437265396118164062e-01
9.553980827331542969e-01
9.599833488464355469e-01
9.587327837944030762e-01
9.533138871192932129e-01
9.599833488464355469e-01
9.578991532325744629e-01
9.616506695747375488e-01
9.633180499076843262e-01
9.679033160209655762e-01
9.691538214683532715e-01
9.783242940902709961e-01
9.724885225296020508e-01
9.666527509689331055e-01
9.720717072486877441e-01
9.562317728996276855e-01
9.641517400741577148e-01
9.837432503700256348e-01
9.762400984764099121e-01
9.837432503700256348e-01
9.670696258544921875e-01
9.683201313018798828e-01
9.854105710983276367e-01
9.812421798706054688e-01
9.762400984764099121e-01
9.749895930290222168e-01
9.808253645896911621e-01
9.587327837944030762e-01
9.791579842567443848e-01
9.845768809318542480e-01
9.841600656509399414e-01
9.816589951515197754e-01
9.924968481063842773e-01
9.649854302406311035e-01
9.854105710983276367e-01
9.904126524925231934e-01
9.891621470451354980e-01
9.641517400741577148e-01
9.804084897041320801e-01
9.866611361503601074e-01
9.808253645896911621e-01
9.808253645896911621e-01
9.970821142196655273e-01
9.920800328254699707e-01
9.770737886428833008e-01
9.845768809318542480e-01
9.666527509689331055e-01
9.887453317642211914e-01
9.812421798706054688e-01
9.899958372116088867e-01
9.904126524925231934e-01
9.966652989387512207e-01
9.829095602035522461e-01
9.841600656509399414e-01
9.937474131584167480e-01
9.720717072486877441e-01
9.741559028625488281e-01
