1.762913160357549441e-02
8.824506249130921812e-03
9.771140509247959113e-03
7.924451677728381119e-03
8.797773918342624219e-03
7.525540002790874136e-03
4.823996530210397822e-03
3.919736107993973193e-03
6.603860106658625967e-03
5.770345227499871880e-03
4.977341200527883071e-03
2.390621536443413887e-03
5.022629376004567568e-03
7.894174647042966411e-03
3.857525033801583163e-03
4.252251109564228644e-03
8.725901807586901315e-03
2.843689786955814688e-03
5.655015482810598140e-04
1.491330920334956595e-03
2.790256156559850226e-03
7.202808758822295578e-03
5.520556449821855359e-03
3.113765124038434581e-03
2.437623758371800994e-03
3.593695115073578319e-03
7.660161557548939059e-04
1.088427864601525675e-03
3.339423649643144185e-03
1.682077668520757120e-03
2.322354503271041267e-04
4.456260652450577155e-03
6.631322340476521150e-04
2.648035686540246934e-03
7.986916975926485612e-03
2.258052289134016618e-03
2.098816856620527860e-03
9.769998295885654743e-04
1.471818493391928613e-03
1.008204736335072517e-03
1.896291063161045440e-05
5.869414644621410602e-04
9.477048325755512911e-03
7.092641818166858271e-03
2.496410306929806779e-03
4.784234105840136191e-03
8.290004615064043656e-04
6.207061510020581369e-04
1.921666161994541738e-03
2.733854015260939619e-03
