3.394069625052205108e-01
9.634757802638836688e-02
6.719935733420311086e-02
6.607135480332528010e-02
6.215953985181578434e-02
4.736325469455013315e-02
4.870000126952323677e-02
4.261108193819825724e-02
4.568414688886653779e-02
3.977020641192702266e-02
3.801694063479232194e-02
3.536573335942304330e-02
3.437468875218688963e-02
3.785859014954830182e-02
4.005478132258108448e-02
2.921333667749635710e-02
2.637627267446691209e-02
2.123143561480164351e-02
3.099449813106973373e-02
2.321024076413957457e-02
2.018050248914434602e-02
2.606291123212092428e-02
2.698776502242724445e-02
2.215331172867288437e-02
2.228145434194074917e-02
2.039932284718415367e-02
2.034499012332096138e-02
2.161253719258915060e-02
2.343455964161103577e-02
2.397394866032906066e-02
2.409559992031671746e-02
2.053132422476921029e-02
2.193764832398790651e-02
1.912833094744081919e-02
1.830083552259268581e-02
1.498697825863731271e-02
1.187619380296773761e-02
1.944127499409456158e-02
1.557308829939008793e-02
1.752933673323081587e-02
1.458658217159037283e-02
2.461686363195717334e-02
1.707482502734813945e-02
1.688419284860846054e-02
1.460599169744646215e-02
1.019962789586944044e-02
1.781312933620918249e-02
1.847108633298966129e-02
1.357129830694001928e-02
9.062236099993519964e-03
1.634304674676820626e-02
1.257835514535392794e-02
9.900860627412003470e-03
7.787887301877814694e-03
2.235461298112955894e-02
1.191902736910306453e-02
9.184115508716507795e-03
1.267780829825418919e-02
1.267586037984774414e-02
1.258357179339556278e-02
6.615838412519233803e-03
1.211795036056492227e-02
9.346540164598245159e-03
7.851086014135928715e-03
9.012094346010402629e-03
9.333859880366416825e-03
5.400546371500069415e-03
1.137402927212845249e-02
7.653051441886507544e-03
8.227395726953202690e-03
1.314213403762027471e-02
8.291391695746988186e-03
4.297030156101507015e-03
9.938585242254995358e-03
4.982245013855010618e-03
1.156452859207527523e-02
7.491549901345793266e-03
5.618076249572708479e-03
4.893484099006892123e-03
8.367212277414062815e-03
1.011080637436602078e-02
5.056849862035450380e-03
4.431901863627881258e-03
7.277934846980208851e-03
5.337591953388611150e-03
1.108839024436983692e-02
3.580266896095810752e-03
2.532725592503415248e-03
6.193678353034944364e-03
1.478300452199951195e-02
1.069334019905417328e-02
1.039753877765322611e-02
4.171371463333586882e-03
7.765935717307078170e-03
7.040538697562512792e-03
9.188404357315462651e-03
4.191728081753499403e-03
3.979163589181712070e-03
7.120431400861762170e-03
1.045650151949679106e-02
5.613069534929877868e-02
1.814202442424888567e-02
9.862527286226297277e-03
7.366068279480897547e-03
3.761321406235950456e-03
4.205106381211593664e-03
6.978099642287198014e-03
4.173101034732613727e-03
4.904545101326027168e-03
7.619593775446772792e-03
3.613736861241230013e-03
5.709870916817657086e-03
8.236360555963946617e-03
3.588984779970424976e-03
3.393415881581948821e-03
6.367436537583474887e-03
4.003740389934983164e-03
4.928383230217810683e-03
6.497595175960523169e-03
3.017428958710759602e-03
3.439196903514407655e-03
7.833365467583390529e-03
5.152085725146525116e-03
2.478275936680755364e-03
4.292860260386527349e-03
5.985245677304573686e-03
2.158496897237218316e-03
3.822114547929233389e-03
6.336691482765553426e-03
8.911780735767749900e-03
4.876520679703819777e-03
6.850838085733894529e-03
8.924067685564014349e-03
2.063278737976876644e-03
3.451963841161587599e-03
7.568067172184145784e-03
4.453131339663653904e-03
4.160700650865428209e-03
2.085361561888418591e-03
5.875706639533575040e-03
7.469431274669257074e-04
6.639650302301539249e-03
3.298926249251632990e-03
7.337022056458822328e-03
7.148118591229708600e-03
4.700383393403382605e-03
2.376887818974634040e-03
1.944488441925922365e-03
3.272014645245025551e-03
6.931203154799901560e-03
