6.349206715822219849e-02
3.469387888908386230e-01
4.622641503810882568e-01
4.727272689342498779e-01
4.727272689342498779e-01
5.765765905380249023e-01
5.585585832595825195e-01
6.019417643547058105e-01
5.739130377769470215e-01
6.037735939025878906e-01
6.415094137191772461e-01
6.761904954910278320e-01
6.696428656578063965e-01
6.576576828956604004e-01
6.465517282485961914e-01
6.697247624397277832e-01
7.196261882781982422e-01
7.454545497894287109e-01
7.352941036224365234e-01
7.727272510528564453e-01
7.706422209739685059e-01
7.064220309257507324e-01
7.314814925193786621e-01
7.570093274116516113e-01
7.692307829856872559e-01
8.317757248878479004e-01
8.095238208770751953e-01
7.766990065574645996e-01
7.142857313156127930e-01
7.425742745399475098e-01
7.614678740501403809e-01
7.678571343421936035e-01
7.477477192878723145e-01
7.589285969734191895e-01
8.380952477455139160e-01
8.468468189239501953e-01
8.672566413879394531e-01
7.727272510528564453e-01
8.348624110221862793e-01
8.272727131843566895e-01
8.545454740524291992e-01
7.413793206214904785e-01
8.230088353157043457e-01
8.086956739425659180e-01
8.660714030265808105e-01
8.706896305084228516e-01
8.333333134651184082e-01
7.909091114997863770e-01
8.695651888847351074e-01
8.947368264198303223e-01
7.692307829856872559e-01
8.347826004028320312e-01
8.947368264198303223e-01
9.217391014099121094e-01
7.692307829856872559e-01
8.796296119689941406e-01
9.059829115867614746e-01
8.596491217613220215e-01
8.442623019218444824e-01
8.608695864677429199e-01
9.152542352676391602e-01
8.706896305084228516e-01
9.217391014099121094e-01
9.137930870056152344e-01
9.043478369712829590e-01
9.210526347160339355e-01
9.406779408454895020e-01
8.793103694915771484e-01
9.237288236618041992e-01
9.145299196243286133e-01
8.644067645072937012e-01
8.813559412956237793e-01
9.250000119209289551e-01
9.009009003639221191e-01
9.327731132507324219e-01
8.606557250022888184e-01
9.137930870056152344e-01
9.495798349380493164e-01
9.180327653884887695e-01
9.026548862457275391e-01
8.925619721412658691e-01
9.401709437370300293e-01
9.338843226432800293e-01
9.217391014099121094e-01
9.426229596138000488e-01
8.620689511299133301e-01
9.491525292396545410e-01
9.750000238418579102e-01
9.075630307197570801e-01
8.487395048141479492e-01
8.739495873451232910e-01
8.750000000000000000e-01
9.105691313743591309e-01
9.304347634315490723e-01
9.322034120559692383e-01
8.879310488700866699e-01
9.421487450599670410e-01
9.572649598121643066e-01
9.237288236618041992e-01
8.888888955116271973e-01
7.264957427978515625e-01
8.532109856605529785e-01
8.739495873451232910e-01
9.310345053672790527e-01
9.186992049217224121e-01
9.661017060279846191e-01
9.145299196243286133e-01
9.426229596138000488e-01
9.576271176338195801e-01
9.059829115867614746e-01
9.504132270812988281e-01
9.579831957817077637e-01
8.999999761581420898e-01
9.499999880790710449e-01
9.661017060279846191e-01
9.008264541625976562e-01
9.499999880790710449e-01
9.655172228813171387e-01
9.406779408454895020e-01
9.743589758872985840e-01
9.495798349380493164e-01
9.230769276618957520e-01
9.579831957817077637e-01
9.426229596138000488e-01
9.586777091026306152e-01
9.256198406219482422e-01
9.752066135406494141e-01
9.416666626930236816e-01
9.243697524070739746e-01
9.090909361839294434e-01
9.512194991111755371e-01
9.338843226432800293e-01
8.907563090324401855e-01
9.915966391563415527e-01
9.747899174690246582e-01
9.250000119209289551e-01
9.262295365333557129e-01
9.327731132507324219e-01
9.752066135406494141e-01
9.338843226432800293e-01
9.756097793579101562e-01
9.166666865348815918e-01
9.583333134651184082e-01
9.327731132507324219e-01
9.327731132507324219e-01
9.406779408454895020e-01
9.752066135406494141e-01
9.669421315193176270e-01
9.590163826942443848e-01
9.256198406219482422e-01
