6.611569970846176147e-02
2.809917330741882324e-01
4.049586653709411621e-01
4.297520518302917480e-01
4.297520518302917480e-01
5.289255976676940918e-01
5.123966932296752930e-01
5.123966932296752930e-01
5.454545617103576660e-01
5.289255976676940918e-01
5.619834661483764648e-01
5.867768526077270508e-01
6.198347210884094238e-01
6.033057570457458496e-01
6.198347210884094238e-01
6.033057570457458496e-01
6.363636255264282227e-01
6.776859760284423828e-01
6.198347210884094238e-01
7.024793624877929688e-01
6.942148804664611816e-01
6.363636255264282227e-01
6.528925895690917969e-01
6.694214940071105957e-01
6.611570119857788086e-01
7.355371713638305664e-01
7.024793624877929688e-01
6.611570119857788086e-01
7.024793624877929688e-01
6.198347210884094238e-01
6.859503984451293945e-01
7.107437849044799805e-01
6.859503984451293945e-01
7.024793624877929688e-01
7.272727489471435547e-01
7.768595218658447266e-01
8.099173307418823242e-01
7.024793624877929688e-01
7.520661354064941406e-01
7.520661354064941406e-01
7.768595218658447266e-01
7.107437849044799805e-01
7.685950398445129395e-01
7.685950398445129395e-01
8.016529083251953125e-01
8.347107172012329102e-01
7.851239442825317383e-01
7.190082669258117676e-01
8.264462947845458984e-01
8.429751992225646973e-01
7.438016533851623535e-01
7.933884263038635254e-01
8.429751992225646973e-01
8.760330677032470703e-01
7.438016533851623535e-01
7.851239442825317383e-01
8.760330677032470703e-01
8.099173307418823242e-01
8.512396812438964844e-01
8.181818127632141113e-01
8.925619721412658691e-01
8.347107172012329102e-01
8.760330677032470703e-01
8.760330677032470703e-01
8.595041036605834961e-01
8.677685856819152832e-01
9.173553586006164551e-01
8.429751992225646973e-01
9.008264541625976562e-01
8.842975497245788574e-01
8.429751992225646973e-01
8.595041036605834961e-01
9.173553586006164551e-01
8.264462947845458984e-01
9.173553586006164551e-01
8.677685856819152832e-01
8.760330677032470703e-01
9.338843226432800293e-01
9.256198406219482422e-01
8.429751992225646973e-01
8.925619721412658691e-01
9.090909361839294434e-01
9.338843226432800293e-01
8.760330677032470703e-01
9.504132270812988281e-01
8.264462947845458984e-01
9.256198406219482422e-01
9.669421315193176270e-01
8.925619721412658691e-01
8.347107172012329102e-01
8.595041036605834961e-01
8.677685856819152832e-01
9.256198406219482422e-01
8.842975497245788574e-01
9.090909361839294434e-01
8.512396812438964844e-01
9.421487450599670410e-01
9.256198406219482422e-01
9.008264541625976562e-01
8.595041036605834961e-01
7.024793624877929688e-01
7.685950398445129395e-01
8.595041036605834961e-01
8.925619721412658691e-01
9.338843226432800293e-01
9.421487450599670410e-01
8.842975497245788574e-01
9.504132270812988281e-01
9.338843226432800293e-01
8.760330677032470703e-01
9.504132270812988281e-01
9.421487450599670410e-01
8.925619721412658691e-01
9.421487450599670410e-01
9.421487450599670410e-01
9.008264541625976562e-01
9.421487450599670410e-01
9.256198406219482422e-01
9.173553586006164551e-01
9.421487450599670410e-01
9.338843226432800293e-01
8.925619721412658691e-01
9.421487450599670410e-01
9.504132270812988281e-01
9.586777091026306152e-01
9.256198406219482422e-01
9.752066135406494141e-01
9.338843226432800293e-01
9.090909361839294434e-01
9.090909361839294434e-01
9.669421315193176270e-01
9.338843226432800293e-01
8.760330677032470703e-01
9.752066135406494141e-01
9.586777091026306152e-01
9.173553586006164551e-01
9.338843226432800293e-01
9.173553586006164551e-01
9.752066135406494141e-01
9.338843226432800293e-01
9.917355179786682129e-01
9.090909361839294434e-01
9.504132270812988281e-01
9.173553586006164551e-01
9.173553586006164551e-01
9.173553586006164551e-01
9.752066135406494141e-01
9.669421315193176270e-01
9.669421315193176270e-01
9.256198406219482422e-01
