1.702127605676651001e-02
3.404255211353302002e-02
8.510638028383255005e-03
4.255319014191627502e-03
1.702127605676651001e-02
2.127659507095813751e-02
2.553191408514976501e-02
2.553191408514976501e-02
2.978723496198654175e-02
3.404255211353302002e-02
5.531914904713630676e-02
5.957446992397308350e-02
5.106382817029953003e-02
7.234042882919311523e-02
6.808510422706604004e-02
6.808510422706604004e-02
7.659574598073959351e-02
1.106382980942726135e-01
1.234042569994926453e-01
1.617021262645721436e-01
1.319148987531661987e-01
1.234042569994926453e-01
1.829787194728851318e-01
1.702127605676651001e-01
1.617021262645721436e-01
1.914893686771392822e-01
1.914893686771392822e-01
2.127659618854522705e-01
1.872340440750122070e-01
2.000000029802322388e-01
1.957446783781051636e-01
2.425531893968582153e-01
2.085106372833251953e-01
2.382978796958923340e-01
2.255319207906723022e-01
2.297872304916381836e-01
2.765957415103912354e-01
2.936170101165771484e-01
3.106383085250854492e-01
3.063829839229583740e-01
2.851063907146453857e-01
3.319149017333984375e-01
3.234042525291442871e-01
3.659574389457702637e-01
3.361702263355255127e-01
3.489361703395843506e-01
3.404255211353302002e-01
3.744680881500244141e-01
3.744680881500244141e-01
3.914893567562103271e-01
4.127659499645233154e-01
4.170212745666503906e-01
4.297872483730316162e-01
4.255319237709045410e-01
4.212765991687774658e-01
4.595744609832763672e-01
4.808510541915893555e-01
4.808510541915893555e-01
5.106382966041564941e-01
4.553191363811492920e-01
4.553191363811492920e-01
4.765957593917846680e-01
5.234042406082153320e-01
4.765957593917846680e-01
5.276595950126647949e-01
5.361701846122741699e-01
5.361701846122741699e-01
5.489361882209777832e-01
5.617021322250366211e-01
5.829787254333496094e-01
5.574468374252319336e-01
5.404255390167236328e-01
5.787234306335449219e-01
5.702127814292907715e-01
5.787234306335449219e-01
5.829787254333496094e-01
6.085106134414672852e-01
6.255319118499755859e-01
5.957446694374084473e-01
6.425532102584838867e-01
6.255319118499755859e-01
6.212766170501708984e-01
6.468085050582885742e-01
6.382978558540344238e-01
6.510638594627380371e-01
6.425532102584838867e-01
6.680850982666015625e-01
6.936170458793640137e-01
6.936170458793640137e-01
7.319148778915405273e-01
6.680850982666015625e-01
7.021276354789733887e-01
7.319148778915405273e-01
7.361702322959899902e-01
7.191489338874816895e-01
7.404255270957946777e-01
6.893616914749145508e-01
7.659574747085571289e-01
7.617021203041076660e-01
7.702127695083618164e-01
7.361702322959899902e-01
7.574468255043029785e-01
7.361702322959899902e-01
8.085106611251831055e-01
8.297872543334960938e-01
8.170212507247924805e-01
8.468084931373596191e-01
8.680850863456726074e-01
8.170212507247924805e-01
8.510638475418090820e-01
8.425531983375549316e-01
8.297872543334960938e-01
8.851063847541809082e-01
8.808510899543762207e-01
7.872340679168701172e-01
8.170212507247924805e-01
8.595744967460632324e-01
8.255318999290466309e-01
8.765957355499267578e-01
9.106382727622985840e-01
8.936170339584350586e-01
8.723404407501220703e-01
8.765957355499267578e-01
8.851063847541809082e-01
8.851063847541809082e-01
8.765957355499267578e-01
9.106382727622985840e-01
8.893616795539855957e-01
8.893616795539855957e-01
8.978723287582397461e-01
8.723404407501220703e-01
9.234042763710021973e-01
9.106382727622985840e-01
8.893616795539855957e-01
8.936170339584350586e-01
9.446808695793151855e-01
8.978723287582397461e-01
9.106382727622985840e-01
9.021276831626892090e-01
9.361702203750610352e-01
9.574468135833740234e-01
9.148936271667480469e-01
8.680850863456726074e-01
8.212766051292419434e-01
9.446808695793151855e-01
9.531915187835693359e-01
9.787234067916870117e-01
9.319148659706115723e-01
9.191489219665527344e-01
8.723404407501220703e-01
