5.585653253491156267e-01
2.064793981399333511e-01
1.794803411992636211e-01
1.593852995382797899e-01
1.605849671612919194e-01
1.425252365340637928e-01
1.426298980758810564e-01
1.225625216957861863e-01
1.226894518909944498e-01
1.230022267726708363e-01
1.124207099531003146e-01
1.326316650521040252e-01
1.125389127458726601e-01
1.065623930931286212e-01
1.037863981855333406e-01
9.834672256054180495e-02
1.040848130996860355e-01
9.474569454498354970e-02
9.193934063627269559e-02
9.964089074733613327e-02
9.839275013722036112e-02
8.841025496867188638e-02
8.629052077736079629e-02
9.196257417677274060e-02
8.588244742245210173e-02
8.371820014198137760e-02
8.598776271027576412e-02
8.649168160359663182e-02
7.367418303874859187e-02
7.460105619830545431e-02
7.067834358569871633e-02
7.342951127288106783e-02
7.382342661271802664e-02
8.336961474789197912e-02
6.989502682461626315e-02
6.317674097568604097e-02
6.234489849191819644e-02
6.416206396800255840e-02
6.483579368614207639e-02
6.388762052498946076e-02
5.477642275897733060e-02
6.411329880824971628e-02
5.556006020648134730e-02
5.924242700118873689e-02
6.574213662431903360e-02
5.614208128720847568e-02
4.872687436720957860e-02
4.592953344324191001e-02
4.489153274651370984e-02
4.849468654472104123e-02
4.790206932508142557e-02
4.236268173190294722e-02
4.640095901074211410e-02
4.871417951176428701e-02
4.167474369832769449e-02
3.959016639094476570e-02
3.927999042981138167e-02
4.281860403240768387e-02
3.789232593715644720e-02
3.253453236887437344e-02
4.177113592642173884e-02
3.931454771676126669e-02
3.264115325561476461e-02
3.613041733817230067e-02
3.195327858109329316e-02
4.016766685078380222e-02
3.172945914208802343e-02
2.700057591912944158e-02
2.550168056788001611e-02
3.354076455082982688e-02
2.865098022827365642e-02
2.429868047961800809e-02
2.148929515151630498e-02
2.529552064238806477e-02
2.623524441197933391e-02
3.413246299719769478e-02
2.199750052597721980e-02
2.069629314371253595e-02
2.215385207887523786e-02
1.769055640152712022e-02
1.578110061399200931e-02
1.737277839414941294e-02
3.288700603918527643e-02
2.057408931560161802e-02
1.317141462230482681e-02
1.774100084607628872e-02
2.075423195115408057e-02
2.564013289723324901e-02
1.840039378262278355e-02
1.842650915059746569e-02
1.823678139691956024e-02
1.341895725552567052e-02
1.268840562843876439e-02
1.686517230209442358e-02
1.412333093817294723e-02
1.291842734604073568e-02
2.264944251887085480e-02
1.164883622857591262e-02
1.553685259280658364e-02
8.648158326273804389e-03
1.966996652721145211e-02
1.432576969980012098e-02
8.544772162992948089e-03
1.709378131149907540e-02
1.516651705391206320e-02
1.557599608813524557e-02
1.057494097975270747e-02
1.812110007442233398e-02
9.873642938879005973e-03
1.423375003262128576e-02
1.337006955886305484e-02
9.434352775193888263e-03
5.838231425483056923e-03
7.721934387549039477e-03
3.558178995461408999e-03
1.413760244808470734e-02
1.456390667890956024e-02
1.421198711945694665e-02
1.360110351088803828e-02
9.539606458650883719e-03
1.333564686629576043e-02
1.195346656040078941e-02
6.504230906064368233e-03
1.599715233517709154e-02
8.519634648584094305e-03
7.887160692397664208e-03
3.232149604532482800e-03
9.387753977376254999e-03
1.297044982277050992e-02
3.947906624928308912e-03
9.146260712779179236e-03
8.611000442457378626e-03
9.753877943935684164e-03
8.639864088990090174e-03
4.364378586674305845e-03
2.098871672428368612e-02
1.712496041900640059e-02
2.312826289157487308e-02
5.351879387167859763e-03
2.883494640090073294e-03
2.374063930431875684e-03
2.768485075203697653e-03
2.108183628977501611e-03
2.222900872254943930e-03
6.111048520864319558e-03
1.118845335755330045e-02
1.132329166108420569e-02
1.615853319574526992e-02
1.742609366527620926e-02
7.642720475165976426e-03
