2.762015260569103056e-02
1.305092848113133600e-02
7.636824490308721097e-03
8.622228552400777041e-03
5.751426042686378325e-03
7.844693063990963375e-03
9.101921304349469902e-03
6.799945807569190287e-03
5.631699778531423783e-03
2.458415665031372672e-03
2.821619350953662869e-03
8.445845981602457739e-03
4.515449093130387455e-03
1.067522602236476055e-02
2.203402156622508504e-03
1.128614726724868006e-03
1.117705932475499681e-03
1.085489502092729834e-03
3.405799375442184439e-03
2.994291836077855873e-03
8.451872697202322815e-03
8.655244188868690958e-03
2.081687474383469173e-03
1.998756740732753751e-03
1.042854521198130404e-03
1.144766718961661442e-03
9.589718294341465594e-04
9.259184390632039467e-04
9.172234877083977524e-04
2.216201282924938794e-03
8.268618071118652782e-03
9.030108016093418496e-03
3.186645151801300799e-03
2.140665814991426705e-03
9.089341636639799603e-04
9.062621134840390244e-04
8.707955754769005621e-04
8.526101592447023420e-04
8.445277909405402494e-04
8.355723012401524265e-04
8.268351398324860248e-04
8.158209689187673544e-04
8.076672529681439136e-04
7.960112137526953457e-04
7.966448060774920792e-04
7.743613119813349665e-04
7.699147989625530330e-04
2.308643728298187536e-02
7.396994687626549068e-03
8.321595559550675966e-03
