8.925619721412658691e-01
9.411764740943908691e-01
9.159663915634155273e-01
9.416666626930236816e-01
9.499999880790710449e-01
9.120000004768371582e-01
9.098360538482666016e-01
9.658119678497314453e-01
9.421487450599670410e-01
9.674796462059020996e-01
9.672130942344665527e-01
9.416666626930236816e-01
9.583333134651184082e-01
9.186992049217224121e-01
9.836065769195556641e-01
9.918699264526367188e-01
1.000000000000000000e+00
1.000000000000000000e+00
9.672130942344665527e-01
9.752066135406494141e-01
9.256198406219482422e-01
9.268292784690856934e-01
9.917355179786682129e-01
9.836065769195556641e-01
1.000000000000000000e+00
9.918699264526367188e-01
1.000000000000000000e+00
1.000000000000000000e+00
1.000000000000000000e+00
9.756097793579101562e-01
9.262295365333557129e-01
9.180327653884887695e-01
9.756097793579101562e-01
9.917355179786682129e-01
1.000000000000000000e+00
1.000000000000000000e+00
1.000000000000000000e+00
1.000000000000000000e+00
1.000000000000000000e+00
1.000000000000000000e+00
1.000000000000000000e+00
1.000000000000000000e+00
1.000000000000000000e+00
1.000000000000000000e+00
1.000000000000000000e+00
1.000000000000000000e+00
1.000000000000000000e+00
8.583333492279052734e-01
9.512194991111755371e-01
9.279999732971191406e-01
