9.008264541625976562e-01
9.473684430122375488e-01
9.083333611488342285e-01
9.090909361839294434e-01
9.586777091026306152e-01
9.421487450599670410e-01
9.344262480735778809e-01
9.173553586006164551e-01
9.491525292396545410e-01
9.593495726585388184e-01
9.583333134651184082e-01
9.349593520164489746e-01
9.327731132507324219e-01
9.917355179786682129e-01
9.669421315193176270e-01
8.770492076873779297e-01
9.837398529052734375e-01
9.918032884597778320e-01
1.000000000000000000e+00
9.508196711540222168e-01
9.435483813285827637e-01
9.512194991111755371e-01
9.750000238418579102e-01
1.000000000000000000e+00
9.421487450599670410e-01
9.504132270812988281e-01
9.579831957817077637e-01
9.430894255638122559e-01
9.836065769195556641e-01
9.837398529052734375e-01
9.917355179786682129e-01
9.754098653793334961e-01
9.918699264526367188e-01
9.416666626930236816e-01
9.593495726585388184e-01
9.834710955619812012e-01
1.000000000000000000e+00
9.918032884597778320e-01
9.834710955619812012e-01
9.193548560142517090e-01
9.672130942344665527e-01
9.674796462059020996e-01
9.512194991111755371e-01
9.504132270812988281e-01
9.750000238418579102e-01
9.918032884597778320e-01
1.000000000000000000e+00
1.000000000000000000e+00
1.000000000000000000e+00
1.000000000000000000e+00
