6.287425011396408081e-02
5.389221385121345520e-02
1.467065811157226562e-01
2.275449037551879883e-01
3.173652589321136475e-01
3.802395164966583252e-01
3.952095806598663330e-01
4.491018056869506836e-01
5.329341292381286621e-01
4.940119683742523193e-01
5.239520668983459473e-01
5.538921952247619629e-01
5.419161915779113770e-01
5.868263244628906250e-01
6.407185792922973633e-01
6.257485151290893555e-01
6.047903895378112793e-01
6.377245783805847168e-01
6.646706461906433105e-01
6.556886434555053711e-01
6.736527085304260254e-01
7.005987763404846191e-01
7.005987763404846191e-01
6.766467094421386719e-01
7.485029697418212891e-01
7.005987763404846191e-01
7.125748395919799805e-01
7.634730339050292969e-01
7.574850320816040039e-01
7.455089688301086426e-01
7.664670944213867188e-01
7.634730339050292969e-01
7.844311594963073730e-01
7.784430980682373047e-01
7.514970302581787109e-01
7.784430980682373047e-01
7.784430980682373047e-01
7.874251604080200195e-01
7.934131622314453125e-01
8.143712282180786133e-01
8.083832263946533203e-01
7.784430980682373047e-01
8.053892254829406738e-01
8.113772273063659668e-01
8.473054170608520508e-01
7.994012236595153809e-01
8.203592896461486816e-01
8.233532905578613281e-01
8.323353528976440430e-01
8.383233547210693359e-01
8.413173556327819824e-01
8.622754216194152832e-01
8.203592896461486816e-01
8.502994179725646973e-01
8.413173556327819824e-01
8.772454857826232910e-01
8.742514848709106445e-01
8.682634830474853516e-01
8.562874197959899902e-01
8.443113565444946289e-01
8.473054170608520508e-01
8.682634830474853516e-01
8.652694821357727051e-01
8.682634830474853516e-01
8.772454857826232910e-01
8.772454857826232910e-01
8.832335472106933594e-01
8.383233547210693359e-01
8.562874197959899902e-01
8.952096104621887207e-01
8.862275481224060059e-01
8.982036113739013672e-01
9.011976122856140137e-01
8.772454857826232910e-01
8.922155499458312988e-01
8.922155499458312988e-01
8.952096104621887207e-01
9.520958065986633301e-01
9.101796150207519531e-01
8.922155499458312988e-01
9.041916131973266602e-01
8.922155499458312988e-01
8.922155499458312988e-01
8.802395462989807129e-01
9.131736755371093750e-01
9.251496791839599609e-01
9.161676764488220215e-01
9.131736755371093750e-01
9.341317415237426758e-01
9.191616773605346680e-01
9.251496791839599609e-01
9.281437397003173828e-01
9.011976122856140137e-01
9.281437397003173828e-01
9.431137442588806152e-01
9.101796150207519531e-01
9.341317415237426758e-01
9.341317415237426758e-01
9.580838084220886230e-01
9.131736755371093750e-01
9.311377406120300293e-01
9.341317415237426758e-01
9.491018056869506836e-01
9.401197433471679688e-01
9.341317415237426758e-01
9.520958065986633301e-01
9.251496791839599609e-01
9.431137442588806152e-01
9.371257424354553223e-01
9.221556782722473145e-01
9.491018056869506836e-01
9.610778689384460449e-01
9.580838084220886230e-01
9.520958065986633301e-01
9.550898075103759766e-01
9.520958065986633301e-01
9.580838084220886230e-01
9.341317415237426758e-01
9.461078047752380371e-01
9.670658707618713379e-01
9.580838084220886230e-01
9.550898075103759766e-01
9.610778689384460449e-01
8.982036113739013672e-01
9.580838084220886230e-01
9.640718698501586914e-01
9.820359349250793457e-01
9.610778689384460449e-01
9.610778689384460449e-01
9.431137442588806152e-01
9.700598716735839844e-01
9.520958065986633301e-01
9.760479331016540527e-01
9.880239367485046387e-01
9.790419340133666992e-01
9.730538725852966309e-01
9.341317415237426758e-01
9.311377406120300293e-01
9.670658707618713379e-01
9.820359349250793457e-01
9.760479331016540527e-01
9.700598716735839844e-01
9.730538725852966309e-01
9.640718698501586914e-01
9.580838084220886230e-01
9.580838084220886230e-01
9.760479331016540527e-01
9.850299358367919922e-01
9.640718698501586914e-01
9.790419340133666992e-01
