1.435406692326068878e-02
2.941176481544971466e-02
7.142857182770967484e-03
2.702702768146991730e-02
0.000000000000000000e+00
4.838709533214569092e-02
2.597402594983577728e-02
8.474576473236083984e-02
7.999999821186065674e-02
1.132075488567352295e-01
2.105263173580169678e-01
1.086956486105918884e-01
1.702127605676651001e-01
1.000000014901161194e-01
1.864406764507293701e-01
2.711864411830902100e-01
2.191780805587768555e-01
3.424657583236694336e-01
3.013698756694793701e-01
3.676470518112182617e-01
3.150684833526611328e-01
4.084506928920745850e-01
4.578313231468200684e-01
4.545454680919647217e-01
4.512194991111755371e-01
4.555555582046508789e-01
4.468085169792175293e-01
4.242424368858337402e-01
4.824561476707458496e-01
5.882353186607360840e-01
4.607843160629272461e-01
4.519230723381042480e-01
4.876033067703247070e-01
5.400000214576721191e-01
5.853658318519592285e-01
6.274510025978088379e-01
6.017699241638183594e-01
5.630252361297607422e-01
6.410256624221801758e-01
5.238095521926879883e-01
5.967742204666137695e-01
5.671641826629638672e-01
5.724637508392333984e-01
6.304348111152648926e-01
6.052631735801696777e-01
6.363636255264282227e-01
6.969696879386901855e-01
6.901408433914184570e-01
6.730769276618957520e-01
7.132866978645324707e-01
7.162162065505981445e-01
7.133758068084716797e-01
6.973684430122375488e-01
7.647058963775634766e-01
7.030302882194519043e-01
6.987951993942260742e-01
7.826086878776550293e-01
7.090908885002136230e-01
7.300613522529602051e-01
7.500000000000000000e-01
7.359550595283508301e-01
7.062146663665771484e-01
7.309941649436950684e-01
7.288135886192321777e-01
7.670454382896423340e-01
7.125748395919799805e-01
7.471910119056701660e-01
8.066298365592956543e-01
7.613636255264282227e-01
7.634408473968505859e-01
7.417582273483276367e-01
8.142076730728149414e-01
8.206521868705749512e-01
8.296703100204467773e-01
7.783505320549011230e-01
8.148148059844970703e-01
8.109452724456787109e-01
8.368421196937561035e-01
7.881773114204406738e-01
8.203883767127990723e-01
8.426395654678344727e-01
8.009950518608093262e-01
8.267326951026916504e-01
8.391959667205810547e-01
8.529411554336547852e-01
8.433179855346679688e-01
8.761904835700988770e-01
8.373205661773681641e-01
8.535353541374206543e-01
8.394495248794555664e-01
8.294931054115295410e-01
8.379629850387573242e-01
8.591549396514892578e-01
8.867924809455871582e-01
8.810572624206542969e-01
8.538812994956970215e-01
8.538812994956970215e-01
8.744394779205322266e-01
8.461538553237915039e-01
8.728070259094238281e-01
8.646287918090820312e-01
9.063829779624938965e-01
9.099099040031433105e-01
9.017857313156127930e-01
9.134199023246765137e-01
9.067796468734741211e-01
9.194915294647216797e-01
8.744588494300842285e-01
8.686440587043762207e-01
9.181034564971923828e-01
8.916666507720947266e-01
8.879668116569519043e-01
8.813559412956237793e-01
9.401709437370300293e-01
9.265305995941162109e-01
9.121338725090026855e-01
9.462810158729553223e-01
9.205020666122436523e-01
9.322709441184997559e-01
9.593495726585388184e-01
9.387755393981933594e-01
9.354838728904724121e-01
9.473684430122375488e-01
9.170124530792236328e-01
8.951612710952758789e-01
9.090909361839294434e-01
9.435483813285827637e-01
9.603174328804016113e-01
9.390243887901306152e-01
9.523809552192687988e-01
9.722222089767456055e-01
8.964143395423889160e-01
9.051383137702941895e-01
9.683794379234313965e-01
9.176470637321472168e-01
9.072580933570861816e-01
9.169960618019104004e-01
9.397590160369873047e-01
9.681274890899658203e-01
9.314516186714172363e-01
9.330708384513854980e-01
9.488189220428466797e-01
9.521912336349487305e-01
9.399999976158142090e-01
9.523809552192687988e-01
9.282868504524230957e-01
9.282868504524230957e-01
9.402390718460083008e-01
9.652509689331054688e-01
8.893280625343322754e-01
