4.501945072112800150e-01
2.269496738463876728e-01
2.109654469199769289e-01
1.706034168311675037e-01
1.562938722474196407e-01
1.456912481474550713e-01
1.413272413191247467e-01
1.293165213842644157e-01
1.284543168442839611e-01
1.366148681382888253e-01
1.385581007201321380e-01
1.436576196785549764e-01
1.439028729246797922e-01
1.113990347237850953e-01
1.501720520809067538e-01
1.216242836997850074e-01
1.250442417296019626e-01
1.135201101627483639e-01
1.050955552519410724e-01
1.052496433578531815e-01
1.062988327600041388e-01
9.844190324891965993e-02
9.288612111766944568e-02
8.907816638650600805e-02
9.381759863019806245e-02
9.213648191482452787e-02
1.115641487746930477e-01
8.795496631234170359e-02
8.775066267755009253e-02
8.672666125893119249e-02
8.657367605207896832e-02
8.127028993692207715e-02
7.547939302608062950e-02
8.792203729255841649e-02
7.917264192191260375e-02
7.530355095912502628e-02
7.020783395939160509e-02
6.841451741213934457e-02
6.913300150116924447e-02
6.545700601425065435e-02
8.002736233065901872e-02
7.543301385197535847e-02
7.493766420604461298e-02
5.897337677663384153e-02
6.334589707570947859e-02
6.004764722053614751e-02
6.182655366612113679e-02
5.488027465122689852e-02
5.478158777521015266e-02
5.732131333454477257e-02
5.173613579213683783e-02
5.543977041212844875e-02
5.415846864211142780e-02
5.229612554565157834e-02
4.661463680257464659e-02
4.822318354225758191e-02
4.552134276643628186e-02
4.561381489494288621e-02
4.676834052319859408e-02
3.965690030807290239e-02
4.484730106571922781e-02
4.650375261821679262e-02
3.630506503467687690e-02
3.759494006439606517e-02
4.878912207513850380e-02
4.287432075769753714e-02
3.284802850305344746e-02
3.551085322135762862e-02
3.545374045244790301e-02
3.216014118039208641e-02
2.527898249066952430e-02
2.947860480581998219e-02
2.610869719763937724e-02
2.609387601115609884e-02
2.795962724104043839e-02
2.373585746404065916e-02
2.410408694066130952e-02
2.080212024272398014e-02
1.710658041277823491e-02
2.103456591771990167e-02
3.496746810586467968e-02
2.368497591111633216e-02
1.841602416594410180e-02
2.300176147942396485e-02
2.250809779005344749e-02
1.798962707846988446e-02
1.470745333890755534e-02
2.113478821510560851e-02
3.350211735223253273e-02
1.789844156556615051e-02
1.451871941531331957e-02
1.378630459306135099e-02
1.357306170909769287e-02
8.111243563754208866e-03
1.312231125944712980e-02
2.492055353525536587e-02
4.752070917533227773e-02
1.671095483769208939e-02
1.213840880996500116e-02
8.522434039021175786e-03
9.989785553550987324e-03
8.740277826172471870e-03
1.330449249263494088e-02
1.377528007106853560e-02
1.321735098344445532e-02
9.779457507120951215e-03
1.173393468439496920e-02
8.376344563282362571e-03
5.798376481284296322e-03
1.271246443492881836e-02
1.866866191053369664e-02
9.686700413761191453e-03
8.394700279446134367e-03
3.967637534072526208e-03
5.021508878913994584e-03
1.546874261716489445e-02
1.358071984690540496e-02
7.117126208988988970e-03
7.711228841985266758e-03
1.347879828417863912e-02
1.241267697940782316e-02
1.094688631449189375e-02
2.236761942285781998e-02
7.948085111288583082e-03
3.744883790602808547e-03
2.599654604519743145e-03
2.096576206969089605e-03
1.736450529557583607e-03
1.707781156356455140e-03
1.711195640206124866e-03
1.641418899560843090e-03
1.706099437146704886e-03
1.632036604136564680e-03
1.541737256116451236e-03
1.481908513353632703e-03
1.449512224103815172e-03
1.412845099255240992e-03
1.380270042382479318e-03
1.345385650764697495e-03
1.298994472570272991e-03
1.266291482842883632e-03
1.223928079902497157e-03
1.181430552791996012e-03
1.142533631115724832e-03
1.100001122819919790e-03
1.070220277449919575e-03
3.677681348835577096e-02
5.253902430940383256e-02
2.814635944926360822e-02
1.274612258802501966e-02
