1.259640157222747803e-01
3.342175185680389404e-01
4.114441275596618652e-01
5.043988227844238281e-01
5.305555462837219238e-01
5.857142806053161621e-01
5.840455889701843262e-01
6.197183132171630859e-01
6.418733000755310059e-01
5.927977561950683594e-01
5.941644310951232910e-01
5.706214904785156250e-01
5.776566863059997559e-01
6.742209792137145996e-01
5.394737124443054199e-01
6.042780876159667969e-01
6.805970072746276855e-01
6.851311922073364258e-01
6.722221970558166504e-01
6.955307126045227051e-01
6.859503984451293945e-01
7.057220935821533203e-01
7.316384315490722656e-01
7.690140604972839355e-01
6.916890144348144531e-01
7.044199109077453613e-01
6.484375000000000000e-01
7.630854249000549316e-01
7.416666746139526367e-01
7.226890921592712402e-01
7.371273636817932129e-01
7.796609997749328613e-01
7.607526779174804688e-01
7.104557752609252930e-01
7.571801543235778809e-01
7.762803435325622559e-01
7.978436946868896484e-01
8.092643022537231445e-01
8.092643022537231445e-01
8.186528682708740234e-01
7.326478362083435059e-01
7.612732052803039551e-01
7.754569053649902344e-01
8.311688303947448730e-01
8.179348111152648926e-01
8.217054009437561035e-01
8.271276354789733887e-01
8.350253701210021973e-01
8.527131676673889160e-01
8.459529876708984375e-01
8.481012582778930664e-01
8.307291865348815918e-01
8.471502661705017090e-01
8.467336893081665039e-01
8.564356565475463867e-01
8.656330704689025879e-01
8.775510191917419434e-01
8.688119053840637207e-01
8.708860874176025391e-01
8.780487775802612305e-01
8.674699068069458008e-01
8.824999928474426270e-01
8.969849348068237305e-01
9.127181768417358398e-01
8.518518805503845215e-01
8.585131764411926270e-01
9.012048244476318359e-01
8.924205303192138672e-01
9.100000262260437012e-01
9.142857193946838379e-01
9.285714030265808105e-01
9.180722832679748535e-01
9.212410449981689453e-01
9.263657927513122559e-01
9.049881100654602051e-01
9.297423958778381348e-01
9.196217656135559082e-01
9.393939375877380371e-01
9.470046162605285645e-01
9.458823800086975098e-01
8.826290965080261230e-01
9.360189437866210938e-01
9.423963427543640137e-01
9.216589927673339844e-01
9.260969758033752441e-01
9.550827145576477051e-01
9.563218355178833008e-01
9.260969758033752441e-01
9.007092118263244629e-01
9.513888955116271973e-01
9.627039432525634766e-01
9.590908885002136230e-01
9.522727131843566895e-01
9.753915071487426758e-01
9.614512324333190918e-01
9.105504751205444336e-01
8.398169279098510742e-01
9.534883499145507812e-01
9.593679308891296387e-01
9.728506803512573242e-01
9.684684872627258301e-01
9.707865118980407715e-01
9.524886608123779297e-01
9.483146071434020996e-01
9.636363387107849121e-01
9.706546068191528320e-01
9.556540846824645996e-01
9.796379804611206055e-01
9.844098091125488281e-01
9.617117047309875488e-01
9.414414167404174805e-01
9.773755669593811035e-01
9.753363132476806641e-01
9.977578520774841309e-01
9.910714030265808105e-01
9.488888978958129883e-01
9.549549818038940430e-01
9.709821343421936035e-01
9.753915071487426758e-01
9.593679308891296387e-01
9.592760205268859863e-01
9.682539701461791992e-01
9.263392686843872070e-01
9.752808809280395508e-01
9.910714030265808105e-01
9.955456852912902832e-01
1.000000000000000000e+00
1.000000000000000000e+00
1.000000000000000000e+00
1.000000000000000000e+00
1.000000000000000000e+00
1.000000000000000000e+00
1.000000000000000000e+00
1.000000000000000000e+00
1.000000000000000000e+00
1.000000000000000000e+00
1.000000000000000000e+00
1.000000000000000000e+00
1.000000000000000000e+00
1.000000000000000000e+00
1.000000000000000000e+00
1.000000000000000000e+00
1.000000000000000000e+00
1.000000000000000000e+00
1.000000000000000000e+00
1.000000000000000000e+00
9.074074029922485352e-01
8.090692162513732910e-01
8.983833789825439453e-01
9.633027315139770508e-01
