1.088888868689537048e-01
2.800000011920928955e-01
3.355555534362792969e-01
3.822222352027893066e-01
4.244444370269775391e-01
4.555555582046508789e-01
4.555555582046508789e-01
4.888888895511627197e-01
5.177778005599975586e-01
4.755555689334869385e-01
4.977777898311614990e-01
4.488888978958129883e-01
4.711111187934875488e-01
5.288888812065124512e-01
4.555555582046508789e-01
5.022222399711608887e-01
5.066666603088378906e-01
5.222222208976745605e-01
5.377777814865112305e-01
5.533333420753479004e-01
5.533333420753479004e-01
5.755555629730224609e-01
5.755555629730224609e-01
6.066666841506958008e-01
5.733333230018615723e-01
5.666666626930236816e-01
5.533333420753479004e-01
6.155555844306945801e-01
5.933333039283752441e-01
5.733333230018615723e-01
6.044444441795349121e-01
6.133333444595336914e-01
6.288889050483703613e-01
5.888888835906982422e-01
6.444444656372070312e-01
6.399999856948852539e-01
6.577777862548828125e-01
6.600000262260437012e-01
6.600000262260437012e-01
7.022222280502319336e-01
6.333333253860473633e-01
6.377778053283691406e-01
6.600000262260437012e-01
7.111111283302307129e-01
6.688888669013977051e-01
7.066666483879089355e-01
6.911110877990722656e-01
7.311111092567443848e-01
7.333333492279052734e-01
7.200000286102294922e-01
7.444444298744201660e-01
7.088888883590698242e-01
7.266666889190673828e-01
7.488889098167419434e-01
7.688888907432556152e-01
7.444444298744201660e-01
7.644444704055786133e-01
7.799999713897705078e-01
7.644444704055786133e-01
8.000000119209289551e-01
8.000000119209289551e-01
7.844444513320922852e-01
7.933333516120910645e-01
8.133333325386047363e-01
7.666666507720947266e-01
7.955555319786071777e-01
8.311111330986022949e-01
8.111110925674438477e-01
8.088889122009277344e-01
8.533333539962768555e-01
8.666666746139526367e-01
8.466666936874389648e-01
8.577777743339538574e-01
8.666666746139526367e-01
8.466666936874389648e-01
8.822222352027893066e-01
8.644444346427917480e-01
8.955555558204650879e-01
9.133333563804626465e-01
8.933333158493041992e-01
8.355555534362792969e-01
8.777777552604675293e-01
9.088888764381408691e-01
8.888888955116271973e-01
8.911111354827880859e-01
8.977777957916259766e-01
9.244444370269775391e-01
8.911111354827880859e-01
8.466666936874389648e-01
9.133333563804626465e-01
9.177777767181396484e-01
9.377777576446533203e-01
9.311110973358154297e-01
9.688888788223266602e-01
9.422222375869750977e-01
8.822222352027893066e-01
8.155555725097656250e-01
9.111111164093017578e-01
9.444444179534912109e-01
9.555555582046508789e-01
9.555555582046508789e-01
9.599999785423278809e-01
9.355555772781372070e-01
9.377777576446533203e-01
9.422222375869750977e-01
9.555555582046508789e-01
9.577777981758117676e-01
9.622222185134887695e-01
9.822221994400024414e-01
9.488888978958129883e-01
9.288889169692993164e-01
9.599999785423278809e-01
9.666666388511657715e-01
9.888888597488403320e-01
9.866666793823242188e-01
9.488888978958129883e-01
9.422222375869750977e-01
9.666666388511657715e-01
9.688888788223266602e-01
9.444444179534912109e-01
9.422222375869750977e-01
9.488888978958129883e-01
9.222221970558166504e-01
9.644444584846496582e-01
9.866666793823242188e-01
9.933333396911621094e-01
9.977777600288391113e-01
1.000000000000000000e+00
1.000000000000000000e+00
1.000000000000000000e+00
1.000000000000000000e+00
1.000000000000000000e+00
1.000000000000000000e+00
1.000000000000000000e+00
1.000000000000000000e+00
1.000000000000000000e+00
1.000000000000000000e+00
1.000000000000000000e+00
1.000000000000000000e+00
1.000000000000000000e+00
1.000000000000000000e+00
1.000000000000000000e+00
1.000000000000000000e+00
1.000000000000000000e+00
1.000000000000000000e+00
1.000000000000000000e+00
8.711110949516296387e-01
7.533333301544189453e-01
8.644444346427917480e-01
9.333333373069763184e-01
