9.758232831954956055e-01
9.654022455215454102e-01
9.741559028625488281e-01
9.779074788093566895e-01
9.720717072486877441e-01
9.845768809318542480e-01
9.749895930290222168e-01
9.549812674522399902e-01
9.833263754844665527e-01
9.766569137573242188e-01
9.670696258544921875e-01
9.829095602035522461e-01
9.720717072486877441e-01
9.799916744232177734e-01
9.770737886428833008e-01
9.641517400741577148e-01
9.774906039237976074e-01
9.824926853179931641e-01
9.587327837944030762e-01
9.799916744232177734e-01
9.820758700370788574e-01
9.845768809318542480e-01
9.666527509689331055e-01
9.804084897041320801e-01
9.941642284393310547e-01
9.829095602035522461e-01
9.762400984764099121e-01
9.854105710983276367e-01
9.720717072486877441e-01
9.824926853179931641e-01
9.820758700370788574e-01
9.920800328254699707e-01
9.758232831954956055e-01
9.712380170822143555e-01
9.808253645896911621e-01
9.737390875816345215e-01
9.891621470451354980e-01
9.966652989387512207e-01
1.000000000000000000e+00
1.000000000000000000e+00
9.970821142196655273e-01
9.270529150962829590e-01
9.799916744232177734e-01
9.974989295005798340e-01
9.674864411354064941e-01
9.774906039237976074e-01
9.866611361503601074e-01
9.883284568786621094e-01
9.929137229919433594e-01
9.695706367492675781e-01
