3.496808425486130217e-02
2.506723633036719509e-02
2.189575655431838866e-02
2.164115994368127557e-02
1.369196652840925371e-02
1.802414368876335826e-02
1.990805785643843390e-02
1.379807504523044258e-02
1.051308354548899371e-02
1.274081616595042037e-02
1.103976294959979967e-02
9.682770426266801636e-03
1.253308118862488628e-02
1.508209267627662678e-02
1.348681351330722512e-02
1.196770452979574288e-02
9.141985414950952113e-03
1.015889626626477124e-02
6.875842114590330345e-03
5.120044995123528529e-03
6.243293979935365078e-03
1.600048781784733573e-02
1.307919766350912165e-02
1.155344500635387996e-02
1.058688601375376050e-02
6.148468319172530235e-03
5.969787234194012110e-03
8.110845948088895793e-03
1.474665774196060562e-02
9.477545971842816705e-03
3.997970097394617540e-03
9.893410310721044432e-03
1.753819572842510444e-02
7.336766038829291119e-03
1.373789180360651674e-02
5.801844472320777553e-03
5.431559002892241868e-03
5.645157028678727401e-03
1.914110132593126483e-03
3.731397876520899277e-03
1.218999735251015751e-02
5.893970182557972323e-03
2.033610851625019048e-02
9.242809748366935529e-03
7.897143616806890851e-03
6.665363160526830213e-03
4.795689009282003666e-03
1.423853922403100526e-02
1.122378446267060549e-02
1.134053248198772443e-02
