9.356912970542907715e-01
9.539121389389038086e-01
9.539121389389038086e-01
9.474812150001525879e-01
9.710611104965209961e-01
9.603430032730102539e-01
9.539121389389038086e-01
9.657020568847656250e-01
9.699892997741699219e-01
9.721329212188720703e-01
9.774919748306274414e-01
9.774919748306274414e-01
9.646302461624145508e-01
9.646302461624145508e-01
9.699892997741699219e-01
9.753483533859252930e-01
9.774919748306274414e-01
9.753483533859252930e-01
9.817792177200317383e-01
9.892818927764892578e-01
9.903537034988403320e-01
9.603430032730102539e-01
9.689174890518188477e-01
9.732047319412231445e-01
9.732047319412231445e-01
9.871382713317871094e-01
9.849946498870849609e-01
9.849946498870849609e-01
9.732047319412231445e-01
9.817792177200317383e-01
9.924973249435424805e-01
9.764201641082763672e-01
9.624866247177124023e-01
9.839228391647338867e-01
9.689174890518188477e-01
9.882100820541381836e-01
9.871382713317871094e-01
9.903537034988403320e-01
1.000000000000000000e+00
9.946409463882446289e-01
9.753483533859252930e-01
9.839228391647338867e-01
9.624866247177124023e-01
9.785637855529785156e-01
9.828510284423828125e-01
9.892818927764892578e-01
9.914255142211914062e-01
9.689174890518188477e-01
9.828510284423828125e-01
9.807074069976806641e-01
