5.481395268115599739e-01
2.903101428517565474e-01
2.128915049189043784e-01
1.895739281554964517e-01
1.758573374738007511e-01
1.568966893482738600e-01
1.559869146531274453e-01
1.426392345530915762e-01
1.260702729761555563e-01
1.324732766291172315e-01
1.170039085996373435e-01
1.185500616653546030e-01
9.949875177637927670e-02
1.049139738610857520e-01
9.476207261052034536e-02
9.675123607743316145e-02
8.361744471835137749e-02
8.091664791845776250e-02
7.760086794504232610e-02
8.072995786712028332e-02
6.967021698238172467e-02
7.170445330123653704e-02
6.992101230947500579e-02
6.433329492838280039e-02
6.510954877657235129e-02
5.899841717047328571e-02
6.342438555133374234e-02
6.312267000815394158e-02
6.028700114360877743e-02
5.168894881174063843e-02
5.619462856561608516e-02
5.461611001391793868e-02
5.238989960055417949e-02
5.995139901115900671e-02
5.999868186833137024e-02
4.922011912632923147e-02
4.668678153928297603e-02
4.627330127838104323e-02
5.440593357136507685e-02
4.513220221297081780e-02
4.310200750287881966e-02
3.979887309134191864e-02
4.044276890532726848e-02
4.204832809519822023e-02
3.518506855599629751e-02
4.073887572051936717e-02
3.707981383697580430e-02
3.758947645467444754e-02
3.105474799910761668e-02
3.430478029810327817e-02
4.727362420935081466e-02
3.480369175913825691e-02
3.589416538574759230e-02
3.269906901188203430e-02
2.839486601682084110e-02
3.589192577232275250e-02
3.227928481298181912e-02
3.032184237606551022e-02
2.790913496066770721e-02
2.703526007812617760e-02
2.654428211045358268e-02
2.431735224022062852e-02
2.529841649071887244e-02
2.785647812534981782e-02
2.105816600600638605e-02
2.624333103626539515e-02
2.392592850066454710e-02
2.535548649582263295e-02
2.135580038129468797e-02
1.657367426422177298e-02
1.581601218467517181e-02
1.754947158353893991e-02
2.514762681116596704e-02
1.974153143107677810e-02
2.145606708641613694e-02
2.534428001428848040e-02
1.581732570541242652e-02
1.352189534348693760e-02
1.470715095037352163e-02
1.496764817138199373e-02
1.935705834707611081e-02
1.362672838272896945e-02
1.408480732486528178e-02
1.226295171110005147e-02
1.650031400831114894e-02
1.516552494975390367e-02
1.134178398834886220e-02
1.955149073232368209e-02
1.143714575194555369e-02
1.508556765248269572e-02
1.375789611059378970e-02
1.261374248840094539e-02
1.205361884889813093e-02
1.455145984922479215e-02
1.294044485332179577e-02
1.283287071918488148e-02
1.022077561445643677e-02
1.222418398858577011e-02
1.122268304203156292e-02
7.537273598639691354e-03
1.022047312593925110e-02
8.805694023801572887e-03
1.161918613687227923e-02
6.427707238761020889e-03
8.928008997971539906e-03
1.166225067033375279e-02
1.540219618500407971e-02
1.414819251980437356e-02
1.111930374497013471e-02
5.655315575388931114e-03
4.676904476764115123e-03
5.770664296088030831e-03
5.723314984784771270e-03
5.581799528641922040e-03
4.415640446364098651e-03
5.332075964285238820e-03
1.086117558987285264e-02
1.740384765202442757e-02
1.436713936231760746e-02
7.898325534696106279e-03
1.072596538342574825e-02
4.047795828737955730e-03
3.059355931004099916e-03
3.552311071227355448e-03
4.003949031090561252e-03
1.422633376296172925e-02
1.293272917222791814e-02
4.262916292697527948e-03
3.228879486071279184e-03
2.070594538084648707e-03
1.014167212196961064e-02
1.262971812247832594e-02
6.902784225960952556e-03
3.052312806745393747e-03
2.261285292403474294e-03
4.153038636538000650e-03
2.332398156716028112e-02
4.544569461357552027e-03
2.831559810984726842e-03
5.400489394676222764e-03
2.879393874038160914e-03
7.701499390289821834e-03
1.497221132779870921e-02
4.284444273712062663e-03
2.555503708682884279e-03
1.834163583102125161e-03
1.774913221850424024e-03
8.756947902403701411e-03
8.444926208662710543e-03
9.223144630342652167e-03
