9.517045617103576660e-01
9.800570011138916016e-01
9.410112500190734863e-01
9.715909361839294434e-01
9.688385128974914551e-01
9.829059839248657227e-01
9.885386824607849121e-01
9.773371219635009766e-01
9.800000190734863281e-01
9.887005686759948730e-01
1.000000000000000000e+00
9.541547298431396484e-01
9.603399634361267090e-01
9.971590638160705566e-01
9.971830844879150391e-01
1.000000000000000000e+00
9.971590638160705566e-01
9.830028414726257324e-01
9.659090638160705566e-01
9.859550595283508301e-01
9.829059839248657227e-01
9.831932783126831055e-01
9.632768630981445312e-01
9.745042324066162109e-01
9.801699519157409668e-01
9.829545617103576660e-01
9.830985665321350098e-01
9.886040091514587402e-01
9.887640476226806641e-01
9.943502545356750488e-01
9.915254116058349609e-01
9.943502545356750488e-01
9.775280952453613281e-01
9.828079938888549805e-01
9.887323975563049316e-01
1.000000000000000000e+00
1.000000000000000000e+00
1.000000000000000000e+00
1.000000000000000000e+00
1.000000000000000000e+00
1.000000000000000000e+00
9.943661689758300781e-01
9.943661689758300781e-01
9.241573214530944824e-01
9.829545617103576660e-01
9.829545617103576660e-01
9.858356714248657227e-01
9.746478796005249023e-01
9.887005686759948730e-01
1.000000000000000000e+00
