9.611231088638305664e-01
9.707158207893371582e-01
9.717698097229003906e-01
9.804772138595581055e-01
9.805405139923095703e-01
9.784017205238342285e-01
9.881465435028076172e-01
9.870689511299133301e-01
9.771987199783325195e-01
9.859154820442199707e-01
9.796137213706970215e-01
9.656283855438232422e-01
9.869989156723022461e-01
9.870689511299133301e-01
9.956709742546081543e-01
9.924973249435424805e-01
9.924812316894531250e-01
9.816216230392456055e-01
9.784946441650390625e-01
9.860215187072753906e-01
9.935414195060729980e-01
9.774193763732910156e-01
9.795037508010864258e-01
9.892818927764892578e-01
9.957035183906555176e-01
9.881720542907714844e-01
9.730021357536315918e-01
9.859459400177001953e-01
9.881974458694458008e-01
9.967776536941528320e-01
1.000000000000000000e+00
1.000000000000000000e+00
1.000000000000000000e+00
1.000000000000000000e+00
1.000000000000000000e+00
1.000000000000000000e+00
1.000000000000000000e+00
1.000000000000000000e+00
1.000000000000000000e+00
1.000000000000000000e+00
1.000000000000000000e+00
1.000000000000000000e+00
1.000000000000000000e+00
1.000000000000000000e+00
1.000000000000000000e+00
1.000000000000000000e+00
1.000000000000000000e+00
1.000000000000000000e+00
1.000000000000000000e+00
9.211663007736206055e-01
