8.970265112739336799e-03
1.437006574712534901e-02
9.115220924796392510e-03
1.456869379793389188e-03
1.137448316637187928e-03
1.091208771167202600e-02
1.280976216640273418e-02
7.234379748228420177e-03
7.872398123648798735e-03
8.060245943446231465e-03
1.411333455754799383e-02
8.020243559834078217e-03
2.804698601673543887e-03
1.304605223950334536e-03
1.278251782075508951e-03
2.098630288984447423e-02
9.310473176370778758e-03
2.706975127322977601e-03
6.631362065828299429e-03
6.765719330860309536e-03
5.952394380120592729e-03
6.524225578600337597e-03
1.075336787091507422e-02
5.803046605882659220e-03
9.140650287835699883e-03
1.146107916849847808e-02
5.854635679389067968e-03
8.134235791590997688e-03
8.371617057964153910e-03
7.859889986910610638e-03
8.168457306279507460e-03
5.593229161823106907e-03
3.853328879292711607e-03
7.952253077327451139e-03
8.898560611106916610e-03
5.975591820318848155e-03
2.500107370748133259e-03
9.601122322106509996e-03
3.385945099911897346e-03
1.110143911457306572e-02
4.189939199997467535e-03
4.624254211787844591e-03
5.465351305037959538e-03
5.309467493040309974e-03
7.904394287494842519e-03
7.340819062425532789e-03
5.367481914186585275e-03
2.731478618709028746e-03
1.522789296960579478e-03
1.746195416251561383e-02
