9.891167879104614258e-01
9.791144728660583496e-01
9.845833182334899902e-01
9.991663098335266113e-01
9.995833039283752441e-01
9.870075583457946777e-01
9.799247384071350098e-01
9.928810596466064453e-01
9.883089661598205566e-01
9.874947667121887207e-01
9.841402173042297363e-01
9.895397424697875977e-01
9.970784783363342285e-01
9.995830059051513672e-01
9.991663098335266113e-01
9.698618650436401367e-01
9.891167879104614258e-01
9.962437152862548828e-01
9.908142089843750000e-01
9.928870201110839844e-01
9.916527271270751953e-01
9.920601844787597656e-01
9.870238304138183594e-01
9.941569566726684570e-01
9.891259074211120605e-01
9.853861927986145020e-01
9.937395453453063965e-01
9.883381724357604980e-01
9.899665713310241699e-01
9.879065752029418945e-01
9.891621470451354980e-01
9.904086589813232422e-01
9.949958324432373047e-01
9.874843358993530273e-01
9.879015684127807617e-01
9.912463426589965820e-01
9.979158043861389160e-01
9.874581694602966309e-01
9.954128265380859375e-01
9.841136932373046875e-01
9.937499761581420898e-01
9.941520690917968750e-01
9.920668005943298340e-01
9.929107427597045898e-01
9.912280440330505371e-01
9.924749135971069336e-01
9.937343597412109375e-01
9.962484240531921387e-01
9.983340501785278320e-01
9.791057109832763672e-01
