19
[0.019060586254128965, 0.9, 0.8636364]

21
[0.024487034502833915, 0.84, 0.95454544]

23
[0.03603135237781812, 0.89736844, 0.8181818]

25
[0.011967853845983213, 1.0, 0.8181818]

27
[0.01925423254657817, 0.95454544, 0.95454544]

29
[0.024021541730913858, 0.8630435, 0.95454544]

31
[0.003899309427717829, 0.95652175, 1.0]

33
[0.013940229937297169, 0.9, 0.8636364]

vote:
precision= 0.7357142857142857
recall= 1.0
f1= 0.84

probability:
precision= 0.9545454545454544
recall= 0.8181818181818182
f1= 0.8744318181818182

