3.237221539020538330e-01
5.458879470825195312e-01
6.280788183212280273e-01
6.602409482002258301e-01
7.484884858131408691e-01
7.593712210655212402e-01
7.670588493347167969e-01
7.785466909408569336e-01
8.192488551139831543e-01
8.422897458076477051e-01
8.413068652153015137e-01
8.327444195747375488e-01
8.375869989395141602e-01
8.398169279098510742e-01
8.555045723915100098e-01
8.735498785972595215e-01
8.849658370018005371e-01
8.784403800964355469e-01
8.701149225234985352e-01
8.866212964057922363e-01
8.981481194496154785e-01
8.975552916526794434e-01
9.158986210823059082e-01
8.989784121513366699e-01
9.099201560020446777e-01
8.948571681976318359e-01
9.189497828483581543e-01
9.111617207527160645e-01
9.220183491706848145e-01
9.231651425361633301e-01
8.992161154747009277e-01
9.236031770706176758e-01
9.268571138381958008e-01
9.392201900482177734e-01
9.089874625205993652e-01
9.109588861465454102e-01
9.176072478294372559e-01
9.246343970298767090e-01
9.313501119613647461e-01
9.224718809127807617e-01
9.392576217651367188e-01
9.370786547660827637e-01
9.303653240203857422e-01
9.467120170593261719e-01
9.481981992721557617e-01
9.392898082733154297e-01
9.263392686843872070e-01
9.571589827537536621e-01
9.473094344139099121e-01
9.595959782600402832e-01
9.544444680213928223e-01
9.563269615173339844e-01
9.530201554298400879e-01
9.486607313156127930e-01
9.619261026382446289e-01
9.531772732734680176e-01
9.698324203491210938e-01
9.666666388511657715e-01
9.388889074325561523e-01
9.644048810005187988e-01
9.663677215576171875e-01
9.644048810005187988e-01
9.578246474266052246e-01
9.734219312667846680e-01
9.603087306022644043e-01
9.720982313156127930e-01
9.756637215614318848e-01
9.756097793579101562e-01
9.668508172035217285e-01
9.812775254249572754e-01
9.734513163566589355e-01
9.646017551422119141e-01
9.834983348846435547e-01
9.767955541610717773e-01
9.682365655899047852e-01
9.735099077224731445e-01
9.824175834655761719e-01
9.768977165222167969e-01
9.713656306266784668e-01
9.649122953414916992e-01
9.779735803604125977e-01
9.890710115432739258e-01
9.912087917327880859e-01
9.781181812286376953e-01
9.617486596107482910e-01
9.714285731315612793e-01
9.757709503173828125e-01
9.836423397064208984e-01
9.825136661529541016e-01
9.868420958518981934e-01
9.801980257034301758e-01
9.857767820358276367e-01
9.856670498847961426e-01
9.912472367286682129e-01
9.781897664070129395e-01
9.846322536468505859e-01
9.857923388481140137e-01
9.813596606254577637e-01
9.693654179573059082e-01
9.823982119560241699e-01
9.912663698196411133e-01
9.759562611579895020e-01
9.880304932594299316e-01
9.814814925193786621e-01
9.780942201614379883e-01
9.858078360557556152e-01
9.835886359214782715e-01
9.825518131256103516e-01
9.912663698196411133e-01
9.801762104034423828e-01
9.749455451965332031e-01
9.890590906143188477e-01
9.934569001197814941e-01
9.989106655120849609e-01
9.934711456298828125e-01
9.739130139350891113e-01
9.792802333831787109e-01
9.857767820358276367e-01
9.879781603813171387e-01
9.945414662361145020e-01
9.978237152099609375e-01
9.978237152099609375e-01
9.737417697906494141e-01
9.769483804702758789e-01
9.793028235435485840e-01
9.978141784667968750e-01
9.913043379783630371e-01
9.989130496978759766e-01
1.000000000000000000e+00
1.000000000000000000e+00
1.000000000000000000e+00
1.000000000000000000e+00
1.000000000000000000e+00
1.000000000000000000e+00
1.000000000000000000e+00
1.000000000000000000e+00
1.000000000000000000e+00
9.705240130424499512e-01
9.631696343421936035e-01
9.847660660743713379e-01
9.901853799819946289e-01
9.847826361656188965e-01
9.956236481666564941e-01
1.000000000000000000e+00
9.989118576049804688e-01
1.000000000000000000e+00
1.000000000000000000e+00
9.967284798622131348e-01
9.692645668983459473e-01
9.760087132453918457e-01
