2.687703967094421387e-01
4.983677864074707031e-01
5.549510121345520020e-01
5.963003039360046387e-01
6.735582351684570312e-01
6.833514571189880371e-01
7.094668149948120117e-01
7.344940304756164551e-01
7.595212459564208984e-01
7.845484018325805664e-01
7.845484018325805664e-01
7.693144679069519043e-01
7.856365442276000977e-01
7.986942529678344727e-01
8.117519021034240723e-01
8.193688988685607910e-01
8.454841971397399902e-01
8.335146903991699219e-01
8.237214088439941406e-01
8.509249091148376465e-01
8.443960547447204590e-01
8.389554023742675781e-01
8.650707006454467773e-01
8.618063330650329590e-01
8.683351278305053711e-01
8.520130515098571777e-01
8.759521245956420898e-01
8.705114126205444336e-01
8.748639822006225586e-01
8.759521245956420898e-01
8.737758398056030273e-01
8.813928365707397461e-01
8.824809789657592773e-01
8.911860585212707520e-01
8.694232702255249023e-01
8.683351278305053711e-01
8.846572637557983398e-01
8.944504857063293457e-01
8.857453465461730957e-01
8.933623433113098145e-01
9.085962772369384766e-01
9.075081348419189453e-01
8.868334889411926270e-01
9.085962772369384766e-01
9.162132740020751953e-01
8.922742009162902832e-01
9.031556248664855957e-01
9.238302707672119141e-01
9.194777011871337891e-01
9.303590655326843262e-01
9.347116351127624512e-01
9.292709231376647949e-01
9.270946383476257324e-01
9.249184131622314453e-01
9.347116351127624512e-01
9.303590655326843262e-01
9.445049166679382324e-01
9.466812014579772949e-01
9.194777011871337891e-01
9.434167742729187012e-01
9.379760622978210449e-01
9.434167742729187012e-01
9.390642046928405762e-01
9.564744234085083008e-01
9.477693438529968262e-01
9.477693438529968262e-01
9.597388505935668945e-01
9.575625658035278320e-01
9.521218538284301758e-01
9.695320725440979004e-01
9.575625658035278320e-01
9.488574266433715820e-01
9.727964997291564941e-01
9.619151353836059570e-01
9.619151353836059570e-01
9.597388505935668945e-01
9.727964997291564941e-01
9.662677049636840820e-01
9.597388505935668945e-01
9.575625658035278320e-01
9.662677049636840820e-01
9.847660660743713379e-01
9.815016388893127441e-01
9.727964997291564941e-01
9.575625658035278320e-01
9.619151353836059570e-01
9.640914201736450195e-01
9.815016388893127441e-01
9.782372117042541504e-01
9.793253540992736816e-01
9.695320725440979004e-01
9.804134964942932129e-01
9.727964997291564941e-01
9.858542084693908691e-01
9.760609269142150879e-01
9.760609269142150879e-01
9.815016388893127441e-01
9.738846421241760254e-01
9.640914201736450195e-01
9.717083573341369629e-01
9.880304932594299316e-01
9.717083573341369629e-01
9.880304932594299316e-01
9.804134964942932129e-01
9.717083573341369629e-01
9.825897812843322754e-01
9.782372117042541504e-01
9.804134964942932129e-01
9.880304932594299316e-01
9.684439897537231445e-01
9.738846421241760254e-01
9.836779236793518066e-01
9.912948608398437500e-01
9.978237152099609375e-01
9.934711456298828125e-01
9.749727845191955566e-01
9.771490693092346191e-01
9.804134964942932129e-01
9.836779236793518066e-01
9.912948608398437500e-01
9.978237152099609375e-01
9.978237152099609375e-01
9.684439897537231445e-01
9.684439897537231445e-01
9.782372117042541504e-01
9.934711456298828125e-01
9.923830032348632812e-01
1.000000000000000000e+00
1.000000000000000000e+00
1.000000000000000000e+00
1.000000000000000000e+00
1.000000000000000000e+00
1.000000000000000000e+00
1.000000000000000000e+00
1.000000000000000000e+00
1.000000000000000000e+00
1.000000000000000000e+00
9.673558473587036133e-01
9.390642046928405762e-01
9.847660660743713379e-01
9.880304932594299316e-01
9.858542084693908691e-01
9.902067184448242188e-01
9.978237152099609375e-01
9.989118576049804688e-01
1.000000000000000000e+00
9.978237152099609375e-01
9.945592880249023438e-01
9.608269929885864258e-01
9.738846421241760254e-01
