3.925171568903747937e-02
1.753488114135971082e-02
1.919656689865026702e-02
1.324587494325871542e-02
7.911546275832665939e-03
7.698283828089355976e-03
5.620613759213302467e-03
6.830553337440170049e-03
9.646359340316179934e-03
7.544676287860082285e-03
9.443815392373593187e-03
1.020408308070645809e-02
4.649143769736466952e-03
2.769804234255583957e-03
2.430208335597948410e-03
2.258331981828788117e-03
1.205740819016069137e-02
8.420136413126945787e-03
6.693212364867324321e-03
8.516717729628397668e-03
8.154003843101696042e-03
5.652442231793286531e-03
5.081841709440496069e-03
3.447260741984118412e-03
5.857809059198312331e-03
4.157448043901778266e-03
3.719228341825491727e-03
2.730900391934897812e-03
3.830305307191195219e-03
2.230184629266043425e-03
1.450888456792886290e-03
1.440606715685599851e-03
1.388344068220253788e-03
1.371692590516578655e-03
1.366838990922004818e-03
1.334578539952186371e-03
1.316074568102865725e-03
1.288835897155687308e-03
1.264898691331996401e-03
1.241177244531745539e-03
1.214707757251900925e-03
1.182675849963323684e-03
1.148996152748314216e-03
1.115172505684132367e-03
1.079841708529935681e-03
1.044519740931585880e-03
1.010385725476603200e-03
6.495532460069818048e-02
1.356445876618196482e-02
6.165857159641781847e-03
