9.644396305084228516e-01
9.772973060607910156e-01
9.741100072860717773e-01
9.754010438919067383e-01
9.860365390777587891e-01
9.892473220825195312e-01
9.914255142211914062e-01
9.891892075538635254e-01
9.838882684707641602e-01
9.871244430541992188e-01
9.839228391647338867e-01
9.870689511299133301e-01
9.914255142211914062e-01
9.978517889976501465e-01
9.989270567893981934e-01
9.957264661788940430e-01
9.796137213706970215e-01
9.807486534118652344e-01
9.881720542907714844e-01
9.827957153320312500e-01
9.828510284423828125e-01
9.914163351058959961e-01
9.946351647377014160e-01
9.946466684341430664e-01
9.892473220825195312e-01
9.946236610412597656e-01
9.946351647377014160e-01
9.957127571105957031e-01
9.935691356658935547e-01
9.989270567893981934e-01
1.000000000000000000e+00
1.000000000000000000e+00
1.000000000000000000e+00
1.000000000000000000e+00
1.000000000000000000e+00
1.000000000000000000e+00
1.000000000000000000e+00
1.000000000000000000e+00
1.000000000000000000e+00
1.000000000000000000e+00
1.000000000000000000e+00
1.000000000000000000e+00
1.000000000000000000e+00
1.000000000000000000e+00
1.000000000000000000e+00
1.000000000000000000e+00
1.000000000000000000e+00
9.165763854980468750e-01
9.772727489471435547e-01
9.903225898742675781e-01
