9.592711925506591797e-01
9.689174890518188477e-01
9.678456783294677734e-01
9.774919748306274414e-01
9.839228391647338867e-01
9.860664606094360352e-01
9.914255142211914062e-01
9.807074069976806641e-01
9.817792177200317383e-01
9.860664606094360352e-01
9.839228391647338867e-01
9.817792177200317383e-01
9.914255142211914062e-01
9.957127571105957031e-01
9.978563785552978516e-01
9.989281892776489258e-01
9.785637855529785156e-01
9.828510284423828125e-01
9.849946498870849609e-01
9.796355962753295898e-01
9.828510284423828125e-01
9.903537034988403320e-01
9.935691356658935547e-01
9.957127571105957031e-01
9.860664606094360352e-01
9.914255142211914062e-01
9.935691356658935547e-01
9.957127571105957031e-01
9.935691356658935547e-01
9.978563785552978516e-01
1.000000000000000000e+00
1.000000000000000000e+00
1.000000000000000000e+00
1.000000000000000000e+00
1.000000000000000000e+00
1.000000000000000000e+00
1.000000000000000000e+00
1.000000000000000000e+00
1.000000000000000000e+00
1.000000000000000000e+00
1.000000000000000000e+00
1.000000000000000000e+00
1.000000000000000000e+00
1.000000000000000000e+00
1.000000000000000000e+00
1.000000000000000000e+00
1.000000000000000000e+00
9.067524075508117676e-01
9.678456783294677734e-01
9.871382713317871094e-01
