19
[0.0070429084550818755, 1.0, 0.75]

21
[0.009184639162045989, 0.94736844, 0.9]

23
[0.026855063376051914, 0.9444444, 0.85]

25
[0.042877477788839165, 0.5588235, 0.95]

27
[0.06976981421023777, 0.85, 0.85]

29
[0.0543941054211062, 0.9285714, 0.65]

31
[0.001235662473318029, 1.0, 1.0]

33
[0.0264962318652454, 1.0, 0.85]

vote:
accuracy= 0.988865692414753
precision= 0.5588235294117647
recall= 0.95
f1= 0.7037037037037037

probability:
accuracy= 0.9972164231036882
precision= 0.9444444444444444
recall= 0.85
f1= 0.8947368421052632

