1.258549988269805908e-01
3.134978115558624268e-01
4.615384638309478760e-01
5.283018946647644043e-01
6.617250442504882812e-01
6.841432452201843262e-01
7.062500119209289551e-01
7.595561146736145020e-01
7.530413866043090820e-01
7.442702054977416992e-01
8.094660043716430664e-01
7.918170690536499023e-01
8.076463341712951660e-01
8.249708414077758789e-01
8.035087585449218750e-01
8.506944179534912109e-01
8.529754877090454102e-01
8.391203880310058594e-01
8.653624653816223145e-01
8.729603886604309082e-01
8.834285736083984375e-01
8.806489109992980957e-01
8.930232524871826172e-01
8.719999790191650391e-01
8.791334033012390137e-01
8.836944103240966797e-01
9.030786752700805664e-01
8.814139366149902344e-01
8.930232524871826172e-01
9.088838100433349609e-01
9.198606014251708984e-01
9.067894220352172852e-01
9.118643999099731445e-01
9.055745005607604980e-01
9.161947965621948242e-01
9.185520410537719727e-01
9.176201224327087402e-01
9.357384443283081055e-01
9.328018426895141602e-01
9.392898082733154297e-01
9.419795274734497070e-01
9.189497828483581543e-01
9.288939237594604492e-01
9.354838728904724121e-01
9.308035969734191895e-01
9.373601675033569336e-01
9.390243887901306152e-01
9.395973086357116699e-01
9.282511472702026367e-01
9.287304878234863281e-01
9.325221180915832520e-01
9.511111378669738770e-01
9.380530714988708496e-01
9.577308297157287598e-01
9.501661062240600586e-01
9.438943862915039062e-01
9.505494236946105957e-01
9.426681399345397949e-01
9.576837420463562012e-01
9.540983438491821289e-01
9.561883807182312012e-01
9.502762556076049805e-01
9.668874144554138184e-01
9.478935599327087402e-01
9.515951871871948242e-01
9.623894095420837402e-01
9.604395627975463867e-01
9.692982435226440430e-01
9.703296422958374023e-01
9.650273323059082031e-01
9.758771657943725586e-01
9.747530221939086914e-01
9.581958055496215820e-01
9.518072009086608887e-01
9.581497907638549805e-01
9.811946749687194824e-01
9.770742654800415039e-01
9.661940932273864746e-01
9.803063273429870605e-01
9.770240783691406250e-01
9.868565201759338379e-01
9.618736505508422852e-01
9.585605263710021973e-01
9.802197813987731934e-01
9.759825468063354492e-01
9.868995547294616699e-01
9.826275706291198730e-01
9.901315569877624512e-01
9.759825468063354492e-01
9.749181866645812988e-01
9.779977798461914062e-01
9.869281053543090820e-01
9.880304932594299316e-01
9.770491719245910645e-01
9.846994280815124512e-01
9.869423508644104004e-01
9.693318605422973633e-01
9.652174115180969238e-01
9.868995547294616699e-01
9.891067743301391602e-01
9.978213310241699219e-01
9.869565367698669434e-01
9.748083353042602539e-01
9.901424050331115723e-01
9.760609269142150879e-01
9.857767820358276367e-01
9.837486743927001953e-01
9.738562107086181641e-01
9.717083573341369629e-01
9.803278446197509766e-01
9.880434870719909668e-01
9.759825468063354492e-01
9.868708848953247070e-01
9.869423508644104004e-01
9.956284165382385254e-01
9.967461824417114258e-01
9.802847504615783691e-01
9.761646986007690430e-01
9.901960492134094238e-01
9.890710115432739258e-01
9.945769906044006348e-01
9.978308081626892090e-01
1.000000000000000000e+00
9.628821015357971191e-01
9.684782624244689941e-01
9.803493618965148926e-01
1.000000000000000000e+00
9.989130496978759766e-01
9.989094734191894531e-01
9.956427216529846191e-01
9.978166222572326660e-01
9.825327396392822266e-01
9.793478250503540039e-01
9.869138598442077637e-01
9.869423508644104004e-01
9.880043864250183105e-01
9.847660660743713379e-01
9.815016388893127441e-01
9.934711456298828125e-01
9.945592880249023438e-01
9.934853315353393555e-01
9.782372117042541504e-01
9.880043864250183105e-01
9.847494363784790039e-01
1.000000000000000000e+00
9.989142417907714844e-01
9.989106655120849609e-01
9.967355728149414062e-01
9.934711456298828125e-01
9.673558473587036133e-01
