5.902777612209320068e-02
1.090225577354431152e-01
2.401746660470962524e-01
3.357664346694946289e-01
4.420289993286132812e-01
4.926470518112182617e-01
5.467128157615661621e-01
6.534296274185180664e-01
6.587837934494018555e-01
7.040816545486450195e-01
7.324414849281311035e-01
6.974522471427917480e-01
7.467105388641357422e-01
6.925566196441650391e-01
7.766990065574645996e-01
7.831715345382690430e-01
8.167202472686767578e-01
8.043478131294250488e-01
8.000000119209289551e-01
8.117284178733825684e-01
8.196202516555786133e-01
7.962382435798645020e-01
8.374999761581420898e-01
8.430769443511962891e-01
8.262194991111755371e-01
8.522012829780578613e-01
8.343558311462402344e-01
8.738170266151428223e-01
8.722741603851318359e-01
8.654434084892272949e-01
8.584905862808227539e-01
8.882175087928771973e-01
8.664596080780029297e-01
8.545454740524291992e-01
8.632218837738037109e-01
9.102166891098022461e-01
8.942598104476928711e-01
8.825300931930541992e-01
8.948948979377746582e-01
8.646153807640075684e-01
8.828828930854797363e-01
9.088235497474670410e-01
8.945783376693725586e-01
8.844984769821166992e-01
9.197530746459960938e-01
9.268292784690856934e-01
8.975903391838073730e-01
9.109792113304138184e-01
9.099099040031433105e-01
8.835821151733398438e-01
9.161676764488220215e-01
9.139465689659118652e-01
9.355828166007995605e-01
9.085545539855957031e-01
9.117646813392639160e-01
9.112426042556762695e-01
9.356725215911865234e-01
9.266862273216247559e-01
9.196428656578063965e-01
9.244186282157897949e-01
9.289940595626831055e-01
9.553571343421936035e-01
9.269005656242370605e-01
9.289940595626831055e-01
9.237536787986755371e-01
9.444444179534912109e-01
9.475218653678894043e-01
9.271137118339538574e-01
9.619883298873901367e-01
9.159420132637023926e-01
9.494047760963439941e-01
9.476743936538696289e-01
9.365994334220886230e-01
9.495549201965332031e-01
9.622092843055725098e-01
9.337176084518432617e-01
9.796511530876159668e-01
9.367815852165222168e-01
9.262536764144897461e-01
9.469026327133178711e-01
9.624277353286743164e-01
9.622092843055725098e-01
9.796511530876159668e-01
9.658119678497314453e-01
9.713466763496398926e-01
9.710982441902160645e-01
9.478260874748229980e-01
9.444444179534912109e-01
9.507246613502502441e-01
9.708454608917236328e-01
9.770115017890930176e-01
9.886363744735717773e-01
9.856733679771423340e-01
9.798271059989929199e-01
9.631727933883666992e-01
9.441176652908325195e-01
9.684813618659973145e-01
9.650145769119262695e-01
8.823529481887817383e-01
9.418604373931884766e-01
9.534883499145507812e-01
9.650145769119262695e-01
9.601139426231384277e-01
9.882698059082031250e-01
9.799426794052124023e-01
9.884393215179443359e-01
9.971428513526916504e-01
9.913544654846191406e-01
9.971428513526916504e-01
9.971510171890258789e-01
9.537572264671325684e-01
9.224137663841247559e-01
9.741379022598266602e-01
9.797688126564025879e-01
9.886040091514587402e-01
9.601139426231384277e-01
9.624277353286743164e-01
9.596541523933410645e-01
9.683908224105834961e-01
9.885386824607849121e-01
9.914285540580749512e-01
9.654178619384765625e-01
9.942857027053833008e-01
9.971510171890258789e-01
1.000000000000000000e+00
9.971428513526916504e-01
9.856733679771423340e-01
9.488636255264282227e-01
9.713466763496398926e-01
9.628571271896362305e-01
9.714285731315612793e-01
9.717513918876647949e-01
9.654178619384765625e-01
9.914529919624328613e-01
9.943181872367858887e-01
9.942857027053833008e-01
9.942857027053833008e-01
1.000000000000000000e+00
9.971346855163574219e-01
9.714285731315612793e-01
9.430199265480041504e-01
9.886040091514587402e-01
1.000000000000000000e+00
9.546742439270019531e-01
9.629629850387573242e-01
9.828079938888549805e-01
9.828079938888549805e-01
9.971510171890258789e-01
9.971510171890258789e-01
9.914772510528564453e-01
