1.919406205415725708e-01
3.787114918231964111e-01
5.140292048454284668e-01
5.721284747123718262e-01
6.043478250503540039e-01
6.559199690818786621e-01
6.267605423927307129e-01
6.784335374832153320e-01
6.723851561546325684e-01
6.953167915344238281e-01
7.033991217613220215e-01
7.055585980415344238e-01
7.078528404235839844e-01
7.171052694320678711e-01
7.226395010948181152e-01
7.288323044776916504e-01
7.153720855712890625e-01
7.491891980171203613e-01
7.466737627983093262e-01
7.672786116600036621e-01
7.541157603263854980e-01
7.584745883941650391e-01
7.670423984527587891e-01
7.830744385719299316e-01
7.854122519493103027e-01
7.701333165168762207e-01
7.873684167861938477e-01
7.756512761116027832e-01
7.741103768348693848e-01
7.893639206886291504e-01
8.076922893524169922e-01
7.982226610183715820e-01
8.043590784072875977e-01
8.159574270248413086e-01
8.024755120277404785e-01
8.089829683303833008e-01
8.065674901008605957e-01
8.167860507965087891e-01
8.269131779670715332e-01
8.296032547950744629e-01
8.267477154731750488e-01
8.357980847358703613e-01
8.407350778579711914e-01
8.304829001426696777e-01
8.476141691207885742e-01
8.382353186607360840e-01
8.517956733703613281e-01
8.260219097137451172e-01
8.476426601409912109e-01
8.447927236557006836e-01
8.573580980300903320e-01
8.557978272438049316e-01
8.533068299293518066e-01
8.479125499725341797e-01
8.656203746795654297e-01
8.563020825386047363e-01
8.589807152748107910e-01
8.661378026008605957e-01
8.624209761619567871e-01
8.633268475532531738e-01
8.640776872634887695e-01
8.599806427955627441e-01
8.739172220230102539e-01
8.620855212211608887e-01
8.803088665008544922e-01
8.726483583450317383e-01
8.747022151947021484e-01
8.747033476829528809e-01
8.733874559402465820e-01
8.894184827804565430e-01
8.757115602493286133e-01
8.820488452911376953e-01
8.796992301940917969e-01
8.860103487968444824e-01
8.973023891448974609e-01
8.818525671958923340e-01
9.072260856628417969e-01
8.983451724052429199e-01
8.927415609359741211e-01
9.105990529060363770e-01
9.115044474601745605e-01
9.075011610984802246e-01
9.144827723503112793e-01
9.076433181762695312e-01
9.107551574707031250e-01
9.056087732315063477e-01
9.067333936691284180e-01
9.298486709594726562e-01
9.151459932327270508e-01
9.269941449165344238e-01
9.195710420608520508e-01
9.109924435615539551e-01
9.340757131576538086e-01
9.274588227272033691e-01
9.392191767692565918e-01
9.360178709030151367e-01
9.423161745071411133e-01
9.387665390968322754e-01
9.513704776763916016e-01
9.392482638359069824e-01
9.447125792503356934e-01
9.427828192710876465e-01
9.389978051185607910e-01
9.395509362220764160e-01
9.402338862419128418e-01
9.580236077308654785e-01
9.520518183708190918e-01
9.331597089767456055e-01
9.541918635368347168e-01
9.710021615028381348e-01
9.652211070060729980e-01
9.589216709136962891e-01
9.468495249748229980e-01
9.653846025466918945e-01
9.523201584815979004e-01
9.775042533874511719e-01
9.722814559936523438e-01
9.584569931030273438e-01
9.500853419303894043e-01
9.510519504547119141e-01
9.801268577575683594e-01
9.712716341018676758e-01
9.688420891761779785e-01
9.546033143997192383e-01
9.764111042022705078e-01
9.744789600372314453e-01
9.698239564895629883e-01
9.606599211692810059e-01
9.686706066131591797e-01
9.748110771179199219e-01
9.835581779479980469e-01
9.836478233337402344e-01
9.600340127944946289e-01
9.763712882995605469e-01
9.632601141929626465e-01
9.818565249443054199e-01
9.638958573341369629e-01
9.721636176109313965e-01
9.840804338455200195e-01
9.715242981910705566e-01
9.705882072448730469e-01
9.811478853225708008e-01
9.819251894950866699e-01
9.794549345970153809e-01
9.624314308166503906e-01
9.882698059082031250e-01
9.949832558631896973e-01
9.798488616943359375e-01
9.616519212722778320e-01
9.786252975463867188e-01
