1.508962064981460571e-01
2.817840874195098877e-01
3.818257749080657959e-01
4.380992054939270020e-01
4.635264575481414795e-01
4.918716251850128174e-01
4.822842776775360107e-01
5.127136111259460449e-01
5.064610242843627930e-01
5.260525345802307129e-01
5.348061919212341309e-01
5.343893170356750488e-01
5.373072028160095215e-01
5.452271699905395508e-01
5.614839792251586914e-01
5.489787459373474121e-01
5.489787459373474121e-01
5.777407288551330566e-01
5.848270058631896973e-01
5.923301577568054199e-01
5.919132828712463379e-01
5.969153642654418945e-01
5.956648588180541992e-01
6.094205975532531738e-01
6.194247603416442871e-01
6.019174456596374512e-01
6.235931515693664551e-01
6.081700921058654785e-01
6.256773471832275391e-01
6.310963034629821777e-01
6.477699279785156250e-01
6.365152001380920410e-01
6.461025476455688477e-01
6.394330859184265137e-01
6.486035585403442383e-01
6.531888246536254883e-01
6.552730202674865723e-01
6.652771830558776855e-01
6.711129546165466309e-01
6.798666119575500488e-01
6.802834272384643555e-01
6.832013130187988281e-01
6.865360736846923828e-01
6.882033944129943848e-01
6.886202692985534668e-01
6.890370845794677734e-01
7.019591331481933594e-01
6.907044649124145508e-01
7.119632959365844727e-01
6.965402364730834961e-01
7.115464806556701660e-01
7.198832631111145020e-01
7.152980566024780273e-01
7.111296653747558594e-01
7.357231974601745605e-01
7.278032302856445312e-01
7.236348390579223633e-01
7.282201051712036133e-01
7.394747734069824219e-01
7.398916482925415039e-01
7.419758439064025879e-01
7.398916482925415039e-01
7.569820880889892578e-01
7.478116154670715332e-01
7.603167891502380371e-01
7.540642023086547852e-01
7.653188705444335938e-01
7.682367563247680664e-01
7.619841694831848145e-01
7.778241038322448730e-01
7.694872617721557617e-01
7.824093103408813477e-01
7.803251147270202637e-01
7.840766906738281250e-01
7.903292775154113770e-01
7.778241038322448730e-01
8.111712932586669922e-01
7.919966578483581543e-01
8.049187064170837402e-01
8.236765265464782715e-01
8.157565593719482422e-01
8.220091462135314941e-01
8.290954828262329102e-01
8.315964937210083008e-01
8.295122981071472168e-01
8.278449177742004395e-01
8.307628035545349121e-01
8.453522324562072754e-01
8.361817598342895508e-01
8.574405908584594727e-01
8.578574657440185547e-01
8.532721996307373047e-01
8.741142153739929199e-01
8.686953186988830566e-01
8.824509978294372559e-01
8.720300197601318359e-01
8.920383453369140625e-01
8.882867693901062012e-01
8.970404267311096191e-01
8.957899212837219238e-01
8.974573016166687012e-01
9.066277742385864258e-01
8.982909321784973145e-01
9.070445895195007324e-01
9.049603939056396484e-01
9.132972359657287598e-01
9.187161326408386230e-01
8.962067365646362305e-01
9.203835129737854004e-01
9.491454958915710449e-01
9.370570778846740723e-01
9.341392517089843750e-01
9.208003282546997070e-01
9.416423439979553223e-01
9.324718713760375977e-01
9.599833488464355469e-01
9.503960013389587402e-01
9.424760341644287109e-01
9.283034801483154297e-01
9.233013987541198730e-01
9.662359356880187988e-01
9.583159685134887695e-01
9.591496586799621582e-01
9.378907680511474609e-01
9.662359356880187988e-01
9.549812674522399902e-01
9.645685553550720215e-01
9.466444253921508789e-01
9.537307024002075195e-01
9.679033160209655762e-01
9.724885225296020508e-01
9.779074788093566895e-01
9.412255287170410156e-01
9.645685553550720215e-01
9.508128166198730469e-01
9.699875116348266602e-01
9.570654630661010742e-01
9.608169794082641602e-01
9.791579842567443848e-01
9.670696258544921875e-01
9.629012346267700195e-01
9.762400984764099121e-01
9.737390875816345215e-01
9.737390875816345215e-01
9.503960013389587402e-01
9.833263754844665527e-01
9.920800328254699707e-01
9.729053974151611328e-01
9.512296915054321289e-01
9.733222126960754395e-01
