7.773141961954519452e-01
3.798938789656182702e-01
3.001505282327245894e-01
2.807056669351260525e-01
2.547255081621844774e-01
2.376353216620346043e-01
2.441871693000090271e-01
2.197811623459552943e-01
2.162580784764884523e-01
2.066480438509884221e-01
2.041947748282356978e-01
1.995101696823297910e-01
1.924185504385025891e-01
1.895048026071680936e-01
1.884842642531355805e-01
1.795101398650042479e-01
1.772199596887674977e-01
1.703362067387371448e-01
1.664947022464264292e-01
1.658893672004864706e-01
1.605218111387832491e-01
1.556306299783780100e-01
1.597565192726225214e-01
1.553540038766745013e-01
1.572858961475276096e-01
1.487491262475633402e-01
1.440481673361437009e-01
1.413852653795111824e-01
1.363870350308115931e-01
1.327586588923574951e-01
1.384845589879540595e-01
1.330550249764655690e-01
1.298476772199829987e-01
1.296914405095961897e-01
1.268939321535644538e-01
1.253238579510091433e-01
1.277362037656147031e-01
1.214151972885556402e-01
1.220463038031288222e-01
1.285225452988360273e-01
1.195091397613077949e-01
1.139757929654838936e-01
1.129398197227100414e-01
1.098681343185176351e-01
1.162000631078722312e-01
1.099237652248486602e-01
1.088244214801592918e-01
1.061530664231816884e-01
1.028765463258565355e-01
1.009473836030350957e-01
1.088478701676462296e-01
1.071490551713278894e-01
9.603938042504217565e-02
9.856324385283142531e-02
9.931799017215718617e-02
9.670135618362395158e-02
9.406467608534421765e-02
9.768588137244473002e-02
9.134666265708267507e-02
8.729843199101022799e-02
8.702608287864115055e-02
9.424420213617862307e-02
9.015834229601155103e-02
8.763418783464978212e-02
8.153921786379404735e-02
7.997859034164102321e-02
7.950054726266522764e-02
8.029457696257844002e-02
7.624254700580017363e-02
7.477680235233780115e-02
7.447727288977717963e-02
6.868295964863999070e-02
6.561024242991400635e-02
7.009359444911113235e-02
6.821698590072752810e-02
6.398781249614454714e-02
6.136888545834127268e-02
6.113449846026448170e-02
6.476591817958302078e-02
5.887477190402339022e-02
5.397686692044779272e-02
4.951040146766197414e-02
5.071042096645819730e-02
5.441775150678510725e-02
4.967451315235220377e-02
4.859093508623232166e-02
4.413227474778596421e-02
4.649785869049637144e-02
4.496252275715081903e-02
3.743480970693630755e-02
4.415998802763035358e-02
3.600949411169933334e-02
3.479633567997871685e-02
3.371492984593282144e-02
3.206456967227287735e-02
3.486496622400262618e-02
2.972306741909288078e-02
3.229504304145370402e-02
2.852849677002973830e-02
2.661400911975938047e-02
2.600533727830411229e-02
2.877207310474540203e-02
2.337056436766854831e-02
2.350587213362903896e-02
2.247780467805052251e-02
2.746792567649221709e-02
2.468935384546676673e-02
2.362837071116595522e-02
2.895720895379920445e-02
1.890162553752184824e-02
1.367732267079963503e-02
1.884007588100740024e-02
2.199567037607099568e-02
2.079843315309932647e-02
2.197354820129786973e-02
1.852041903976256107e-02
1.253306710744280829e-02
1.633084697486607284e-02
2.053054701275542140e-02
1.163493410390028897e-02
1.945338428909151873e-02
1.310448248119601596e-02
1.862845705644945379e-02
1.932741733198763828e-02
1.783218747286017744e-02
1.419994219737807407e-02
7.602299434056785168e-03
1.906879440397375725e-02
1.693607263097983429e-02
5.819236307128417517e-03
1.737448160911468295e-02
2.533290432229121092e-02
1.738842566249003407e-02
8.323532708772854449e-03
8.598821200618883900e-03
2.188188554222918192e-02
1.473050461425778369e-02
1.175280277645351229e-02
9.325114504283376141e-03
1.228275109412555431e-02
1.425447648145536199e-02
1.653048142804129303e-02
1.578273389359287696e-02
7.804442738592135345e-03
8.656015824222429433e-03
2.306001161931304361e-02
5.483487864234454397e-03
1.233994070068362113e-03
1.175530097307195872e-03
3.832500956863791469e-02
