2.114060968160629272e-01
4.470526874065399170e-01
5.778816342353820801e-01
6.112532019615173340e-01
6.423135399818420410e-01
6.726251244544982910e-01
6.862244606018066406e-01
7.083758711814880371e-01
7.119071483612060547e-01
7.268067598342895508e-01
7.279260754585266113e-01
7.400721907615661621e-01
7.501288056373596191e-01
7.615621685981750488e-01
7.501282691955566406e-01
7.679837942123413086e-01
7.739130258560180664e-01
7.844129800796508789e-01
7.750247716903686523e-01
7.845219969749450684e-01
7.877877950668334961e-01
7.974051833152770996e-01
7.962776422500610352e-01
7.975247502326965332e-01
7.977023124694824219e-01
8.172790408134460449e-01
8.178642988204956055e-01
8.356643319129943848e-01
8.334985375404357910e-01
8.413485288619995117e-01
8.260226845741271973e-01
8.316782712936401367e-01
8.352133631706237793e-01
8.443349599838256836e-01
8.428781032562255859e-01
8.418740630149841309e-01
8.463414907455444336e-01
8.510224223136901855e-01
8.413693308830261230e-01
8.345499038696289062e-01
8.541463613510131836e-01
8.565947413444519043e-01
8.589866161346435547e-01
8.609523773193359375e-01
8.548774719238281250e-01
8.646080493927001953e-01
8.578872680664062500e-01
8.688212633132934570e-01
8.722903132438659668e-01
8.813478946685791016e-01
8.621672987937927246e-01
8.631876111030578613e-01
8.834905624389648438e-01
8.813084363937377930e-01
8.785882592201232910e-01
8.809411525726318359e-01
8.783658146858215332e-01
8.691632151603698730e-01
8.886311054229736328e-01
8.957169651985168457e-01
9.000933766365051270e-01
8.867041468620300293e-01
8.929889202117919922e-01
8.943955302238464355e-01
8.996316790580749512e-01
9.034038782119750977e-01
9.025056958198547363e-01
8.962826728820800781e-01
9.077625274658203125e-01
8.994589447975158691e-01
9.053627848625183105e-01
9.151624441146850586e-01
9.122412204742431641e-01
9.137308001518249512e-01
9.048263430595397949e-01
9.227623939514160156e-01
9.232495427131652832e-01
9.262075424194335938e-01
9.152542352676391602e-01
9.229398369789123535e-01
9.340708255767822266e-01
9.387125372886657715e-01
9.312308430671691895e-01
9.249671101570129395e-01
9.382444024085998535e-01
9.331001043319702148e-01
9.400261044502258301e-01
9.354275465011596680e-01
9.432314634323120117e-01
9.555075764656066895e-01
9.418150186538696289e-01
9.492036104202270508e-01
9.566912055015563965e-01
9.586563110351562500e-01
9.566523432731628418e-01
9.528301954269409180e-01
9.614726305007934570e-01
9.566337466239929199e-01
9.628205299377441406e-01
9.637989997863769531e-01
9.684838056564331055e-01
9.619982838630676270e-01
9.669911265373229980e-01
9.694397449493408203e-01
9.694526791572570801e-01
9.642096161842346191e-01
9.646357297897338867e-01
9.669631719589233398e-01
9.547568559646606445e-01
9.739495515823364258e-01
9.814736843109130859e-01
9.729957580566406250e-01
9.665820598602294922e-01
9.699407219886779785e-01
9.688683152198791504e-01
9.718013405799865723e-01
9.815436005592346191e-01
9.755892157554626465e-01
9.742832779884338379e-01
9.840269088745117188e-01
9.697224497795104980e-01
9.806885123252868652e-01
9.707357883453369141e-01
9.764011502265930176e-01
9.723270535469055176e-01
9.811083078384399414e-01
9.891121983528137207e-01
9.714285731315612793e-01
9.776936173439025879e-01
9.912133812904357910e-01
9.723964929580688477e-01
9.655172228813171387e-01
9.752620458602905273e-01
9.870401620864868164e-01
9.858096837997436523e-01
9.664991497993469238e-01
9.798826575279235840e-01
9.807611703872680664e-01
9.849498271942138672e-01
9.820083975791931152e-01
9.802935123443603516e-01
9.786610603332519531e-01
9.810924530029296875e-01
9.899497628211975098e-01
9.874529242515563965e-01
9.688683152198791504e-01
9.899749159812927246e-01
1.000000000000000000e+00
9.995828270912170410e-01
9.590198397636413574e-01
