1.792413443326950073e-01
3.572321832180023193e-01
4.639433026313781738e-01
4.981242120265960693e-01
5.277198553085327148e-01
5.489787459373474121e-01
5.606502890586853027e-01
5.781575441360473633e-01
5.881617069244384766e-01
5.910795927047729492e-01
5.910795927047729492e-01
5.981659293174743652e-01
6.069195270538330078e-01
6.177573800086975098e-01
6.094205975532531738e-01
6.319299936294555664e-01
6.306794285774230957e-01
6.461025476455688477e-01
6.519383192062377930e-01
6.465193629264831543e-01
6.561067104339599609e-01
6.661108732223510742e-01
6.598582863807678223e-01
6.715298295021057129e-01
6.656940579414367676e-01
6.861191987991333008e-01
6.832013130187988281e-01
6.973739266395568848e-01
7.011254429817199707e-01
7.073780894279479980e-01
6.986244320869445801e-01
6.982075572013854980e-01
7.098791003227233887e-01
7.144643664360046387e-01
7.177990674972534180e-01
7.190496325492858887e-01
7.232180237770080566e-01
7.286369204521179199e-01
7.273864150047302246e-01
7.148811817169189453e-01
7.298874258995056152e-01
7.444768548011779785e-01
7.490621209144592285e-01
7.536473274230957031e-01
7.415589690208435059e-01
7.586494088172912598e-01
7.548978924751281738e-01
7.619841694831848145e-01
7.715715169906616211e-01
7.740725278854370117e-01
7.561483979225158691e-01
7.653188705444335938e-01
7.807419896125793457e-01
7.861608862876892090e-01
7.782409191131591797e-01
7.803251147270202637e-01
7.886619567871093750e-01
7.836598753929138184e-01
7.982492446899414062e-01
8.020008206367492676e-01
8.036682009696960449e-01
7.894956469535827637e-01
8.070029020309448242e-01
8.049187064170837402e-01
8.145060539245605469e-01
8.186744451522827148e-01
8.257607221603393555e-01
8.140891790390014648e-01
8.286786079406738281e-01
8.315964937210083008e-01
8.374322652816772461e-01
8.453522324562072754e-01
8.449354171752929688e-01
8.432680368423461914e-01
8.361817598342895508e-01
8.466027379035949707e-01
8.574405908584594727e-01
8.632763624191284180e-01
8.553563952445983887e-01
8.636931777000427246e-01
8.799499869346618652e-01
8.874530792236328125e-01
8.862025737762451172e-01
8.786994814872741699e-01
8.866194486618041992e-01
8.895373344421386719e-01
9.016256928443908691e-01
8.937057256698608398e-01
9.003751277923583984e-01
9.220508337020874023e-01
9.041267037391662598e-01
9.191329479217529297e-01
9.208003282546997070e-01
9.278866052627563477e-01
9.291371107101440430e-01
9.262192845344543457e-01
9.362234473228454590e-01
9.287202954292297363e-01
9.391413331031799316e-01
9.433097243309020996e-01
9.478949308395385742e-01
9.391413331031799316e-01
9.524801969528198242e-01
9.520633816719055176e-01
9.524801969528198242e-01
9.433097243309020996e-01
9.437265396118164062e-01
9.516465067863464355e-01
9.412255287170410156e-01
9.662359356880187988e-01
9.716548323631286621e-01
9.612338542938232422e-01
9.524801969528198242e-01
9.549812674522399902e-01
9.599833488464355469e-01
9.624843597412109375e-01
9.754064083099365234e-01
9.662359356880187988e-01
9.633180499076843262e-01
9.758232831954956055e-01
9.612338542938232422e-01
9.737390875816345215e-01
9.679033160209655762e-01
9.658191204071044922e-01
9.666527509689331055e-01
9.741559028625488281e-01
9.845768809318542480e-01
9.637348651885986328e-01
9.683201313018798828e-01
9.874947667121887207e-01
9.691538214683532715e-01
9.570654630661010742e-01
9.695706367492675781e-01
9.841600656509399414e-01
9.845768809318542480e-01
9.620675444602966309e-01
9.745727181434631348e-01
9.774906039237976074e-01
9.820758700370788574e-01
9.783242940902709961e-01
9.745727181434631348e-01
9.749895930290222168e-01
9.733222126960754395e-01
9.854105710983276367e-01
9.841600656509399414e-01
9.599833488464355469e-01
9.879116415977478027e-01
9.987494945526123047e-01
9.987494945526123047e-01
9.462276101112365723e-01
