8.632478713989257812e-01
8.916666507720947266e-01
9.059829115867614746e-01
9.159663915634155273e-01
8.813559412956237793e-01
9.180327653884887695e-01
9.583333134651184082e-01
9.250000119209289551e-01
9.504132270812988281e-01
9.593495726585388184e-01
9.583333134651184082e-01
8.951612710952758789e-01
9.568965435028076172e-01
9.344262480735778809e-01
9.834710955619812012e-01
9.918032884597778320e-01
1.000000000000000000e+00
9.756097793579101562e-01
9.836065769195556641e-01
9.918032884597778320e-01
1.000000000000000000e+00
1.000000000000000000e+00
8.861788511276245117e-01
9.416666626930236816e-01
9.669421315193176270e-01
9.754098653793334961e-01
9.669421315193176270e-01
9.672130942344665527e-01
9.586777091026306152e-01
9.836065769195556641e-01
9.834710955619812012e-01
9.837398529052734375e-01
9.512194991111755371e-01
9.338843226432800293e-01
9.917355179786682129e-01
1.000000000000000000e+00
1.000000000000000000e+00
1.000000000000000000e+00
1.000000000000000000e+00
1.000000000000000000e+00
9.756097793579101562e-01
9.327731132507324219e-01
9.416666626930236816e-01
9.756097793579101562e-01
9.274193644523620605e-01
9.834710955619812012e-01
1.000000000000000000e+00
1.000000000000000000e+00
9.918699264526367188e-01
9.754098653793334961e-01
