1.426735222339630127e-01
3.323823213577270508e-01
4.772413671016693115e-01
5.901857018470764160e-01
6.577946543693542480e-01
7.102342844009399414e-01
7.269372940063476562e-01
7.622461318969726562e-01
7.789725065231323242e-01
8.004722595214843750e-01
7.952380776405334473e-01
7.767441868782043457e-01
8.004640340805053711e-01
8.196721076965332031e-01
8.240740895271301270e-01
8.153669834136962891e-01
8.373983502388000488e-01
8.285714387893676758e-01
8.581395149230957031e-01
8.494253158569335938e-01
8.521126508712768555e-01
8.698630332946777344e-01
8.659793734550476074e-01
8.886363506317138672e-01
8.815642595291137695e-01
8.863636255264282227e-01
8.695163130760192871e-01
8.876146674156188965e-01
8.737201094627380371e-01
8.999999761581420898e-01
8.940247893333435059e-01
8.836944103240966797e-01
9.015659689903259277e-01
9.075342416763305664e-01
9.137343764305114746e-01
9.114349484443664551e-01
8.956229090690612793e-01
9.117646813392639160e-01
9.180696010589599609e-01
9.250000119209289551e-01
9.127516746520996094e-01
9.190101027488708496e-01
9.179601073265075684e-01
9.198645353317260742e-01
9.337078928947448730e-01
9.057888984680175781e-01
9.313063025474548340e-01
9.370078444480895996e-01
9.397993087768554688e-01
9.320712685585021973e-01
9.281768202781677246e-01
9.242937564849853516e-01
9.414364695549011230e-01
9.437570571899414062e-01
9.375696778297424316e-01
9.529147744178771973e-01
9.506037235260009766e-01
9.522222280502319336e-01
9.377085566520690918e-01
9.547960162162780762e-01
9.457964897155761719e-01
9.515951871871948242e-01
9.443231225013732910e-01
9.509475827217102051e-01
9.484083652496337891e-01
9.558985829353332520e-01
9.513812065124511719e-01
9.679911732673645020e-01
9.648737907409667969e-01
9.688196182250976562e-01
9.606986641883850098e-01
9.748634099960327148e-01
9.604830145835876465e-01
9.693989157676696777e-01
9.628008604049682617e-01
9.559956192970275879e-01
9.673913121223449707e-01
9.737130403518676758e-01
9.662677049636840820e-01
9.660459756851196289e-01
9.835886359214782715e-01
9.771739244461059570e-01
9.585605263710021973e-01
9.634146094322204590e-01
9.726775884628295898e-01
9.813800454139709473e-01
9.727668762207031250e-01
9.693654179573059082e-01
9.661202430725097656e-01
9.747806787490844727e-01
9.609120488166809082e-01
9.629225730895996094e-01
9.912759065628051758e-01
9.782372117042541504e-01
9.835886359214782715e-01
9.682365655899047852e-01
9.708108305931091309e-01
9.815618395805358887e-01
9.714912176132202148e-01
9.826839566230773926e-01
9.782844781875610352e-01
9.858233332633972168e-01
9.923413395881652832e-01
9.890829920768737793e-01
9.912759065628051758e-01
9.804347753524780273e-01
9.695652127265930176e-01
9.717698097229003906e-01
9.815016388893127441e-01
1.000000000000000000e+00
9.880174398422241211e-01
9.772481322288513184e-01
9.727371931076049805e-01
9.956474304199218750e-01
9.869281053543090820e-01
9.891067743301391602e-01
9.826275706291198730e-01
9.727964997291564941e-01
9.869423508644104004e-01
9.858542084693908691e-01
9.934711456298828125e-01
9.869706630706787109e-01
9.694989323616027832e-01
9.826086759567260742e-01
9.847826361656188965e-01
9.945533871650695801e-01
9.978331327438354492e-01
9.924160242080688477e-01
9.956521987915039062e-01
9.783315062522888184e-01
9.684439897537231445e-01
9.771987199783325195e-01
9.945710897445678711e-01
9.989165663719177246e-01
1.000000000000000000e+00
9.989165663719177246e-01
9.804772138595581055e-01
9.782608747482299805e-01
9.880823493003845215e-01
9.891774654388427734e-01
9.890948534011840820e-01
9.891657829284667969e-01
9.967426657676696777e-01
9.945769906044006348e-01
9.738562107086181641e-01
9.901960492134094238e-01
9.934853315353393555e-01
9.967532753944396973e-01
1.000000000000000000e+00
9.826275706291198730e-01
