1.202600225806236267e-01
2.524377107620239258e-01
3.748645782470703125e-01
4.821235239505767822e-01
5.622968673706054688e-01
6.240519881248474121e-01
6.403033733367919922e-01
6.912242770195007324e-01
7.063922286033630371e-01
7.345612049102783203e-01
7.237269878387451172e-01
7.237269878387451172e-01
7.475622892379760742e-01
7.583965063095092773e-01
7.713975906372070312e-01
7.703142166137695312e-01
7.811484336853027344e-01
7.854821085929870605e-01
7.995666265487670898e-01
8.006500601768493652e-01
7.865655422210693359e-01
8.255687952041625977e-01
8.190682530403137207e-01
8.472372889518737793e-01
8.548212647438049316e-01
8.450704216957092285e-01
8.374864459037780762e-01
8.385698795318603516e-01
8.320693373680114746e-01
8.483207225799560547e-01
8.591549396514892578e-01
8.396533131599426270e-01
8.732394576072692871e-01
8.613217473030090332e-01
8.721560239791870117e-01
8.808233737945556641e-01
8.645720481872558594e-01
8.732394576072692871e-01
8.862405419349670410e-01
8.819068074226379395e-01
8.840736746788024902e-01
8.851571083068847656e-01
8.970747590065002441e-01
8.829902410507202148e-01
9.003250002861022949e-01
8.645720481872558594e-01
8.959913253784179688e-01
9.024918675422668457e-01
9.133260846138000488e-01
9.068255424499511719e-01
9.100758433341979980e-01
8.862405419349670410e-01
9.230769276618957520e-01
9.089924097061157227e-01
9.111592769622802734e-01
9.209100604057312012e-01
9.382448792457580566e-01
9.284940361976623535e-01
9.133260846138000488e-01
9.382448792457580566e-01
9.263271689414978027e-01
9.371614456176757812e-01
9.371614456176757812e-01
9.241603612899780273e-01
9.360780119895935059e-01
9.393282532691955566e-01
9.328277111053466797e-01
9.501625299453735352e-01
9.523293375968933105e-01
9.425785541534423828e-01
9.534127712249755859e-01
9.664138555526733398e-01
9.479956626892089844e-01
9.609967470169067383e-01
9.534127712249755859e-01
9.414951205253601074e-01
9.642470479011535645e-01
9.631636142730712891e-01
9.620801806449890137e-01
9.555796384811401367e-01
9.739978313446044922e-01
9.739978313446044922e-01
9.523293375968933105e-01
9.414951205253601074e-01
9.642470479011535645e-01
9.707475900650024414e-01
9.674972891807556152e-01
9.599133133888244629e-01
9.577465057373046875e-01
9.631636142730712891e-01
9.588298797607421875e-01
9.566630721092224121e-01
9.848320484161376953e-01
9.739978313446044922e-01
9.739978313446044922e-01
9.577465057373046875e-01
9.729143977165222168e-01
9.804983735084533691e-01
9.599133133888244629e-01
9.837486743927001953e-01
9.761646986007690430e-01
9.794149398803710938e-01
9.826652407646179199e-01
9.815818071365356445e-01
9.848320484161376953e-01
9.772481322288513184e-01
9.664138555526733398e-01
9.696641564369201660e-01
9.772481322288513184e-01
9.978331327438354492e-01
9.826652407646179199e-01
9.772481322288513184e-01
9.664138555526733398e-01
9.913325905799865723e-01
9.815818071365356445e-01
9.837486743927001953e-01
9.804983735084533691e-01
9.685807228088378906e-01
9.826652407646179199e-01
9.815818071365356445e-01
9.891657829284667969e-01
9.848320484161376953e-01
9.642470479011535645e-01
9.794149398803710938e-01
9.815818071365356445e-01
9.891657829284667969e-01
9.978331327438354492e-01
9.924160242080688477e-01
9.924160242080688477e-01
9.783315062522888184e-01
9.642470479011535645e-01
9.750812649726867676e-01
9.924160242080688477e-01
9.989165663719177246e-01
1.000000000000000000e+00
9.989165663719177246e-01
9.794149398803710938e-01
9.750812649726867676e-01
9.880823493003845215e-01
9.902492165565490723e-01
9.826652407646179199e-01
9.891657829284667969e-01
9.945828914642333984e-01
9.934994578361511230e-01
9.685807228088378906e-01
9.848320484161376953e-01
9.913325905799865723e-01
9.978331327438354492e-01
9.956663250923156738e-01
9.804983735084533691e-01
