7.540195774168347853e-01
3.023556915441182324e-01
2.535917228141241209e-01
2.361622845152997752e-01
2.155858327617724002e-01
2.033681543444542106e-01
1.937180240508868112e-01
1.943637936625625950e-01
1.782280501063606415e-01
1.741204461952958749e-01
1.643499120258292423e-01
1.620942393186430019e-01
1.495292760267669385e-01
1.457289479192338533e-01
1.461301071439360388e-01
1.390290543344501473e-01
1.347729885134396344e-01
1.381087502561827440e-01
1.300826227158020376e-01
1.258937342567500450e-01
1.295025231180228498e-01
1.170814403745111532e-01
1.184952524901095317e-01
1.187342832187207459e-01
1.170186439448359095e-01
1.070187718162118329e-01
1.059737596188043557e-01
1.081215509818298642e-01
1.079464504797243013e-01
1.028682998620691763e-01
9.908353874662687022e-02
9.966718274555906587e-02
9.797932745366838558e-02
9.666729255648431884e-02
9.833771604310442838e-02
9.241878640630034336e-02
9.235790014112374435e-02
9.307764072087280904e-02
8.390983253764307259e-02
8.604842232227974397e-02
8.800178450632878402e-02
8.250688740833843349e-02
7.691462718245276053e-02
8.008039448774739721e-02
8.100286622720716256e-02
7.368668347294271559e-02
7.495763593967626204e-02
7.095131461055444178e-02
7.476789724268502468e-02
6.718223221447046367e-02
6.753262573757860820e-02
6.749496283065085922e-02
6.207904350041843627e-02
6.760478537954839329e-02
6.385088708587353945e-02
6.070992171940509108e-02
5.501534603243098120e-02
5.675220868849884664e-02
5.670059499534712416e-02
5.126246436939357193e-02
5.173013344300323585e-02
5.215153609444808658e-02
5.187026640238965453e-02
4.438284747079195014e-02
4.409759031552708264e-02
3.785200948456760028e-02
5.136181319280467422e-02
4.742820895802795506e-02
3.631683457722783420e-02
3.407913085222599031e-02
3.304867819632704984e-02
3.439634715566992212e-02
3.177051038183789644e-02
3.200505789371087262e-02
3.382505210440581861e-02
2.763528971624314851e-02
2.563957838739402625e-02
2.469978672357431987e-02
2.105045253107213146e-02
2.045036133710106258e-02
2.558870409245525210e-02
2.548512110797555852e-02
3.245823035867573259e-02
2.026820309302401757e-02
2.113899778528137083e-02
2.626031994427771923e-02
1.917579927067468437e-02
1.348211794820456874e-02
1.362696573869784031e-02
1.054790662033348349e-02
2.008008836757222554e-02
2.976375305355928938e-02
1.154261414117014641e-02
9.928180968514719804e-03
1.661266511582526126e-02
2.059065500987612360e-02
1.661325260236364357e-02
1.114734037302265307e-02
7.275551229465399700e-03
1.556679565654454228e-02
2.639198174829707894e-02
1.208655129836347028e-02
8.087431201568939451e-03
1.436974083136319941e-02
1.170140499467448025e-02
2.277129316000241210e-02
8.480240999420397136e-03
6.200983675259411944e-03
1.573478659138785596e-02
1.252231063980888300e-02
9.103088835274506310e-03
1.266403783310678793e-02
1.840555248748379849e-02
1.244459968111080034e-02
9.360787371630312215e-03
1.542088079196041531e-02
7.473068373480568766e-03
8.756110456027315844e-03
1.401088796569459512e-02
6.286255917756699771e-03
8.513108823082666393e-03
1.243640831756297541e-02
8.386093444850773251e-03
8.359571941456053409e-03
1.879876669508632678e-02
9.328320620583013117e-03
8.046320411887675911e-03
4.756438492855050160e-03
1.701251358867567065e-02
1.003486545453043804e-02
4.023601394937665818e-03
1.422654160485283328e-02
7.138661538780020736e-03
8.028041971009109573e-03
1.085273360122253165e-02
6.058252295641335279e-03
5.622256217709078151e-03
7.588116995325670626e-03
1.538912607107631968e-02
6.496648113575712903e-03
6.809451632679667556e-03
8.611859859783216331e-03
6.052380828496927746e-03
1.184219969042914905e-02
1.090127985681078882e-02
5.329929901077046922e-03
5.646296923457829603e-03
1.574881543989128593e-02
5.845023622127246826e-03
2.623575944916585034e-03
