3.153732120990753174e-01
6.166347861289978027e-01
6.764023900032043457e-01
6.925978064537048340e-01
7.269737124443054199e-01
7.262181043624877930e-01
7.532894611358642578e-01
7.565298676490783691e-01
7.660271525382995605e-01
7.734962701797485352e-01
7.900604009628295898e-01
8.010396957397460938e-01
8.174196481704711914e-01
8.144522309303283691e-01
8.242930173873901367e-01
8.383038043975830078e-01
8.352721929550170898e-01
8.380379676818847656e-01
8.500700592994689941e-01
8.489510416984558105e-01
8.457965850830078125e-01
8.558352589607238770e-01
8.612529039382934570e-01
8.562182188034057617e-01
8.620848655700683594e-01
8.752301931381225586e-01
8.700823187828063965e-01
8.713235259056091309e-01
8.670041561126708984e-01
8.817005753517150879e-01
8.848095536231994629e-01
8.788434863090515137e-01
8.758526444435119629e-01
8.832951784133911133e-01
8.719927668571472168e-01
8.857142925262451172e-01
8.883295059204101562e-01
8.887374997138977051e-01
8.998640775680541992e-01
8.921124339103698730e-01
8.894903063774108887e-01
8.962730169296264648e-01
9.097845554351806641e-01
9.000900387763977051e-01
8.989718556404113770e-01
9.065168499946594238e-01
9.105287194252014160e-01
9.150268435478210449e-01
9.073410630226135254e-01
9.121320247650146484e-01
9.118040204048156738e-01
9.142091274261474609e-01
9.201774001121520996e-01
9.125610589981079102e-01
9.228367805480957031e-01
9.226033687591552734e-01
9.312775135040283203e-01
9.312472343444824219e-01
9.255691766738891602e-01
9.418758153915405273e-01
9.333040714263916016e-01
9.342393875122070312e-01
9.346777796745300293e-01
9.442022442817687988e-01
9.420666098594665527e-01
9.542116522789001465e-01
9.298093318939208984e-01
9.375541806221008301e-01
9.553456306457519531e-01
9.589986801147460938e-01
9.574924707412719727e-01
9.566523432731628418e-01
9.595524668693542480e-01
9.561328887939453125e-01
9.542930126190185547e-01
9.624893665313720703e-01
9.617996811866760254e-01
9.668930172920227051e-01
9.720339179039001465e-01
9.754133224487304688e-01
9.641199111938476562e-01
9.661017060279846191e-01
9.530853629112243652e-01
9.779754281044006348e-01
9.725390672683715820e-01
9.624947309494018555e-01
9.754652976989746094e-01
9.818947315216064453e-01
9.823455214500427246e-01
9.886363744735717773e-01
9.708614945411682129e-01
9.603375792503356934e-01
9.836683273315429688e-01
9.890847802162170410e-01
9.781512618064880371e-01
9.735071659088134766e-01
9.764705896377563477e-01
9.857442378997802734e-01
9.908065199851989746e-01
9.785804152488708496e-01
9.609407782554626465e-01
9.836820363998413086e-01
9.891440272331237793e-01
9.811241626739501953e-01
9.824561476707458496e-01
9.659807085990905762e-01
9.879065752029418945e-01
9.899916648864746094e-01
9.794549345970153809e-01
9.798995256423950195e-01
9.891076683998107910e-01
9.827948212623596191e-01
9.732217788696289062e-01
9.832636117935180664e-01
9.878762364387512207e-01
9.782335758209228516e-01
9.899874925613403320e-01
9.870238304138183594e-01
9.807450771331787109e-01
9.928900003433227539e-01
9.882845282554626465e-01
9.861460924148559570e-01
9.874791502952575684e-01
9.895309805870056152e-01
9.711538553237915039e-01
9.866332411766052246e-01
9.870401620864868164e-01
9.941569566726684570e-01
9.778335690498352051e-01
9.874529242515563965e-01
9.949916601181030273e-01
9.807531237602233887e-01
9.912244081497192383e-01
9.899581670761108398e-01
9.858096837997436523e-01
9.912096858024597168e-01
9.941422343254089355e-01
9.887406229972839355e-01
9.790268540382385254e-01
9.912060499191284180e-01
9.899833202362060547e-01
9.891440272331237793e-01
9.920502305030822754e-01
9.837228655815124512e-01
9.858215451240539551e-01
9.933277964591979980e-01
9.920668005943298340e-01
9.816284179687500000e-01
9.920568466186523438e-01
9.970809221267700195e-01
