3.177134881969321256e-01
1.587846640242508434e-01
1.405516690834168470e-01
1.328834265916369883e-01
1.179953035939662748e-01
1.112410939855763420e-01
1.043471088359333859e-01
1.030292355073373634e-01
9.826608423807824122e-02
9.293645156712694588e-02
8.810840816958205590e-02
9.406056499702515616e-02
8.696664934181898288e-02
8.552157604624617548e-02
8.253987564551770739e-02
7.856045026711602763e-02
7.990389436980750715e-02
7.269493605860050112e-02
7.469300322783868629e-02
7.308400743673838795e-02
6.810105107695237081e-02
6.636349563045193523e-02
6.650387788106734699e-02
6.505497010296988625e-02
6.510440920186352787e-02
6.133474853311545599e-02
6.165551727464103210e-02
5.879671406483689272e-02
6.087304394077278774e-02
5.623293796942132466e-02
5.974940719288134028e-02
5.577066950310555909e-02
5.323488522171398313e-02
5.615158061363466346e-02
5.132076125024545576e-02
5.035301666672863802e-02
5.429740944366241717e-02
5.087813919838040516e-02
5.294781654043758529e-02
5.044123308191133387e-02
4.721172718013097458e-02
4.363385924141209571e-02
4.571050144384355973e-02
4.950095800076735608e-02
4.338256380019209213e-02
4.291163881104746031e-02
4.591077633192143514e-02
4.373833979876583927e-02
4.474310441472063860e-02
4.263889849048357883e-02
4.146140516669257620e-02
3.844300073794228861e-02
4.108040299774612381e-02
3.964327350788107718e-02
3.759489790896291400e-02
3.762913220149790433e-02
3.542651586429865218e-02
3.783970649605188780e-02
3.609052319187241314e-02
3.350908322593251082e-02
3.506037262466787235e-02
3.479431471036237289e-02
3.543236422160300769e-02
3.221604047213550565e-02
3.294180118719931133e-02
3.224127453610275973e-02
3.434263548769109220e-02
3.084823377228567212e-02
3.285177337133662889e-02
2.818823039645473177e-02
3.101330367863084150e-02
3.030646483059841120e-02
2.863973948236085698e-02
2.856859886021489645e-02
2.775887307205553850e-02
2.939282675374399467e-02
2.524827574823721929e-02
2.639193310865994846e-02
2.603273754294275349e-02
2.547396159494744530e-02
2.402855220361561905e-02
2.488846254216531273e-02
2.444215438498066953e-02
2.197265790833634672e-02
2.302795108004337607e-02
2.206766415755819291e-02
2.185439586610594953e-02
2.060184864581973349e-02
2.106084755918806450e-02
2.069761191042000098e-02
2.007765634622192541e-02
2.084148310208841504e-02
1.702148076469191945e-02
1.777767705590059533e-02
1.759998712179567867e-02
2.017256678153554750e-02
1.904551451802746764e-02
1.549212270842732948e-02
1.649160942546882419e-02
1.737198897190159186e-02
1.667656885522649998e-02
1.462254937086258921e-02
1.512771400404873401e-02
1.248732722755383114e-02
1.403135633006797126e-02
1.416455092483517343e-02
1.706828302278786888e-02
1.045856753463002969e-02
1.074490883959993391e-02
1.354838748538970267e-02
1.127967326136902239e-02
1.217206833442301649e-02
1.550422883701299201e-02
9.840848061569219471e-03
9.279060687983875164e-03
1.026116237192174416e-02
1.262322603831810691e-02
9.946806644664808392e-03
1.195920317854175588e-02
1.049006504825390589e-02
9.456373998594181859e-03
1.145950419707264696e-02
9.291663190918028267e-03
9.006842612780292801e-03
3.799754583265266186e-03
8.315948694087461207e-03
9.352458999867346162e-03
7.609198248900525367e-03
8.269648085769605930e-03
7.114043124805513596e-03
8.512742857540542274e-03
1.145018886985260664e-02
1.292098784243899713e-02
6.798666887763496480e-03
6.994512809655424775e-03
6.232357339003985475e-03
6.591543187019297673e-03
6.616654958231448641e-03
6.191545722305717529e-03
6.204588262147095294e-03
5.518751831069720545e-03
4.986094382339504617e-03
9.213644664096154804e-03
4.117471028856812057e-03
2.784024615035995617e-03
4.559481791329358588e-03
7.701043601507244485e-03
9.321532544573209872e-03
7.274502966219493702e-03
5.104582266766376220e-03
