2.845991086072229281e-01
1.452543137689141506e-01
1.246460551218604440e-01
1.121317226624939656e-01
1.004079214237869055e-01
9.451114760467796416e-02
9.413994459663151126e-02
9.181258296125442697e-02
8.944994777872174174e-02
8.635412664718980502e-02
8.124445506699840003e-02
8.164230460042701254e-02
7.786872565219510323e-02
7.509521674406191560e-02
6.873077466991593665e-02
6.944600866127766114e-02
7.044828101002655052e-02
6.935487696527110890e-02
6.764286905840728725e-02
6.474590658205665872e-02
6.008934561716471751e-02
6.227704642610653457e-02
5.898574170812067446e-02
5.828887600349990511e-02
5.639839595829259505e-02
5.294392300091968484e-02
5.479116924803738992e-02
5.502441329675998583e-02
5.314023121555004614e-02
4.718462312930202240e-02
4.956919213684079367e-02
4.966189563848269484e-02
4.777125108258975517e-02
4.685437714542432103e-02
4.878370432723555528e-02
4.549625097148442959e-02
4.452258252311531300e-02
4.360312033900440309e-02
4.106976776160562587e-02
4.737784220884742187e-02
4.098701533059811997e-02
4.184850521073159302e-02
3.662872558492472758e-02
4.246193026597838704e-02
4.153148680853173402e-02
4.099441071582440865e-02
3.799587739194221908e-02
4.220120037863980128e-02
3.957044972991646814e-02
3.527552598887968849e-02
3.537757350228609016e-02
3.633765933644958479e-02
3.210976225024754493e-02
3.262974875329135299e-02
3.246642286215502965e-02
3.368279417491233663e-02
3.294921733990045787e-02
3.006497333392325194e-02
3.080520677135488786e-02
3.064544770882106361e-02
3.138113569957350080e-02
2.767105447601479751e-02
2.829664566226880798e-02
3.110101199637373137e-02
2.609154081248625870e-02
2.569744236405532498e-02
2.585965708046071912e-02
2.787890100351298611e-02
2.556957542419504084e-02
2.604868495080410115e-02
2.371346661570047573e-02
2.301335466479526720e-02
2.424548217183954829e-02
2.434817437885049285e-02
2.066487592388810413e-02
2.187365256674455791e-02
1.902676224238596461e-02
1.987213422991728970e-02
1.805283892825716718e-02
2.082571239315084491e-02
2.007813569045964128e-02
2.083167414763235220e-02
1.747660239961533468e-02
1.953719497983433598e-02
1.611191166414752129e-02
1.629723896411491499e-02
1.724756379954581198e-02
1.750186392813436742e-02
1.755167310737856465e-02
1.467264915203352581e-02
1.570354152246836860e-02
1.227418093287793374e-02
1.610864584992645690e-02
1.513930742798049074e-02
1.188476783045858305e-02
1.347005874361961210e-02
9.982417554826842829e-03
1.666145117217944852e-02
1.532982893286112189e-02
1.130874415066969452e-02
1.072359330136599294e-02
1.255533228097010373e-02
1.162932656611295398e-02
8.682648591384154596e-03
7.557391918277021371e-03
9.703222662084006606e-03
1.064579654232072903e-02
1.442954121347298987e-02
1.286782579711617976e-02
6.782785882585527608e-03
6.738676249600566645e-03
6.317848536743113537e-03
1.125498125241725968e-02
1.808627786677247454e-02
8.028959050890892638e-03
7.060768043904075073e-03
8.071511705849621771e-03
9.186885538869427048e-03
7.945922388311347714e-03
6.444209713880788039e-03
5.788258238928266179e-03
6.240510457257455318e-03
7.041801329690665703e-03
6.281889117777556507e-03
6.065184248508141522e-03
7.215889377822249685e-03
8.248403168802957361e-03
4.488269747768415356e-03
5.910666939404564738e-03
5.562506102481030654e-03
9.016622949692640679e-03
4.057954452937721085e-03
4.964390178909364702e-03
7.990248498567612684e-03
7.803674487559330609e-03
6.332074774774476382e-03
4.152502750649820704e-03
8.859865177162064287e-03
3.368010154555641129e-03
4.758968615547163293e-03
8.569815572792691474e-03
3.735927419090164479e-03
1.724745001901086894e-03
5.348402723079658146e-03
3.931991712093230000e-03
4.561995046344509072e-03
7.443637798830869852e-03
5.456609844351008667e-03
3.538464074817127165e-03
6.368530732155207839e-03
