1.139896363019943237e-01
2.471590936183929443e-01
3.179012238979339600e-01
3.794117569923400879e-01
4.131736457347869873e-01
4.246153831481933594e-01
4.829721450805664062e-01
5.134328603744506836e-01
4.938650429248809814e-01
4.953846037387847900e-01
5.462962985038757324e-01
5.933734774589538574e-01
5.068492889404296875e-01
5.704917907714843750e-01
6.417445540428161621e-01
6.186186075210571289e-01
6.294117569923400879e-01
5.905044674873352051e-01
6.656346917152404785e-01
5.939394235610961914e-01
6.545454263687133789e-01
6.355684995651245117e-01
6.426426172256469727e-01
6.898550987243652344e-01
7.109826803207397461e-01
6.382978558540344238e-01
6.814159154891967773e-01
7.008797526359558105e-01
6.871508359909057617e-01
7.244318127632141113e-01
6.834734082221984863e-01
7.084468603134155273e-01
7.090395689010620117e-01
7.197802066802978516e-01
7.790368199348449707e-01
7.033898234367370605e-01
7.548746466636657715e-01
7.777777910232543945e-01
7.595628499984741211e-01
7.912088036537170410e-01
8.101983070373535156e-01
7.857142686843872070e-01
7.626666426658630371e-01
8.097826242446899414e-01
7.876344323158264160e-01
8.342391252517700195e-01
8.306451439857482910e-01
7.935656905174255371e-01
8.113695383071899414e-01
8.506666421890258789e-01
8.445039987564086914e-01
8.707123994827270508e-01
7.789757251739501953e-01
8.333333134651184082e-01
8.250652551651000977e-01
8.545918464660644531e-01
8.363171219825744629e-01
8.487179279327392578e-01
8.596491217613220215e-01
8.937823772430419922e-01
8.829516768455505371e-01
8.908188343048095703e-01
8.743961453437805176e-01
8.492462038993835449e-01
8.229665160179138184e-01
8.804070949554443359e-01
8.843373656272888184e-01
8.840579986572265625e-01
9.053397774696350098e-01
9.162561297416687012e-01
8.806682825088500977e-01
9.077669978141784668e-01
9.004739522933959961e-01
9.057971239089965820e-01
8.668280839920043945e-01
9.049881100654602051e-01
9.218009710311889648e-01
9.196217656135559082e-01
8.896396160125732422e-01
9.308755993843078613e-01
9.250000119209289551e-01
9.389671087265014648e-01
8.243559598922729492e-01
9.300699234008789062e-01
9.496567249298095703e-01
9.611872434616088867e-01
9.484304785728454590e-01
9.128440618515014648e-01
9.386363625526428223e-01
9.031531810760498047e-01
9.506726264953613281e-01
9.428571462631225586e-01
9.393258690834045410e-01
9.532294273376464844e-01
9.531250000000000000e-01
9.280899167060852051e-01
9.711751937866210938e-01
9.581497907638549805e-01
9.582417607307434082e-01
9.845814704895019531e-01
9.690265655517578125e-01
9.534367918968200684e-01
9.446902871131896973e-01
9.411764740943908691e-01
9.227373003959655762e-01
9.586056470870971680e-01
9.140968918800354004e-01
9.778761267662048340e-01
9.696969985961914062e-01
9.892473220825195312e-01
9.847161769866943359e-01
9.472527503967285156e-01
9.577777981758117676e-01
9.692307710647583008e-01
9.308035969734191895e-01
9.551569223403930664e-01
9.295154213905334473e-01
9.913606643676757812e-01
9.913043379783630371e-01
9.978401660919189453e-01
1.000000000000000000e+00
9.803063273429870605e-01
9.134199023246765137e-01
8.783783912658691406e-01
9.629629850387573242e-01
9.869847893714904785e-01
9.868708848953247070e-01
9.913420081138610840e-01
9.978401660919189453e-01
1.000000000000000000e+00
1.000000000000000000e+00
1.000000000000000000e+00
9.327548742294311523e-01
8.859060406684875488e-01
9.337748289108276367e-01
9.868995547294616699e-01
9.892241358757019043e-01
9.870129823684692383e-01
9.647576808929443359e-01
9.212253689765930176e-01
9.759299755096435547e-01
9.870410561561584473e-01
9.978308081626892090e-01
9.891774654388427734e-01
9.913043379783630371e-01
9.868995547294616699e-01
9.802631735801696777e-01
9.913978576660156250e-01
9.696312546730041504e-01
9.716775417327880859e-01
