8.828828930854797363e-01
8.512396812438964844e-01
9.008264541625976562e-01
9.137930870056152344e-01
8.547008633613586426e-01
9.652174115180969238e-01
8.809523582458496094e-01
9.327731132507324219e-01
9.499999880790710449e-01
9.237288236618041992e-01
9.344262480735778809e-01
8.983050584793090820e-01
9.333333373069763184e-01
9.166666865348815918e-01
9.098360538482666016e-01
9.250000119209289551e-01
9.166666865348815918e-01
9.743589758872985840e-01
9.829059839248657227e-01
9.186992049217224121e-01
9.590163826942443848e-01
9.401709437370300293e-01
9.186992049217224121e-01
9.672130942344665527e-01
9.917355179786682129e-01
9.750000238418579102e-01
8.852459192276000977e-01
9.316239356994628906e-01
9.504132270812988281e-01
9.406779408454895020e-01
9.499999880790710449e-01
9.754098653793334961e-01
9.672130942344665527e-01
9.916666746139526367e-01
9.516128897666931152e-01
9.032257795333862305e-01
9.826086759567260742e-01
1.000000000000000000e+00
9.583333134651184082e-01
9.349593520164489746e-01
9.833333492279052734e-01
9.426229596138000488e-01
9.917355179786682129e-01
9.579831957817077637e-01
9.354838728904724121e-01
9.752066135406494141e-01
9.512194991111755371e-01
9.750000238418579102e-01
9.262295365333557129e-01
9.916666746139526367e-01
