1.990009542591535119e-02
1.400574296514009442e-02
8.065092156288740030e-03
7.379537210750529257e-03
8.373601424368000423e-03
9.349173328329279248e-03
7.726598007380017057e-03
4.417695648019176642e-03
5.241546447823970320e-03
1.865897800463269321e-02
4.290328023095770459e-03
5.225384645090176174e-03
7.489608943356047821e-03
1.063504457170533560e-02
5.339910243391738850e-03
3.738832543042919752e-03
3.800737091495673230e-03
2.173915285864218803e-03
3.280530640930252265e-03
1.390797672737153524e-02
1.482251873053314940e-02
3.013541872099231161e-03
2.551703502470332053e-03
3.787215540981034301e-03
6.087425540351007469e-03
5.893331497167306372e-03
6.583891045326764613e-03
2.043758366241200681e-03
1.400828814571113048e-03
8.205579760204803359e-04
9.571924645367056988e-04
8.145369709583578054e-04
3.368009959699991718e-03
1.717560640507206221e-02
5.432841145319285137e-03
5.692629701995446413e-03
1.483066565598347396e-02
5.924109654140759240e-03
3.309782632748669261e-03
1.118232326475749900e-03
1.112883188436890715e-03
1.422722241211186404e-03
1.287941628600417507e-03
1.009046109501532396e-03
8.241976062761300313e-04
7.505846619763536110e-04
7.476639756676888666e-04
7.267311379120510199e-04
7.089992552103738634e-04
6.989115703482786735e-04
