9.373219609260559082e-01
9.538905024528503418e-01
9.715099930763244629e-01
9.715909361839294434e-01
9.716714024543762207e-01
9.658119678497314453e-01
9.772079586982727051e-01
9.857549667358398438e-01
9.913793206214904785e-01
9.418604373931884766e-01
9.829545617103576660e-01
9.772079586982727051e-01
9.827586412429809570e-01
9.626436829566955566e-01
9.856733679771423340e-01
9.830508232116699219e-01
9.858356714248657227e-01
9.943502545356750488e-01
9.885714054107666016e-01
9.490085244178771973e-01
9.482758641242980957e-01
9.971590638160705566e-01
9.915013909339904785e-01
9.857954382896423340e-01
9.772079586982727051e-01
9.772727489471435547e-01
9.715909361839294434e-01
9.943342804908752441e-01
1.000000000000000000e+00
1.000000000000000000e+00
1.000000000000000000e+00
1.000000000000000000e+00
9.915493130683898926e-01
9.318181872367858887e-01
9.773371219635009766e-01
9.745042324066162109e-01
9.466292262077331543e-01
9.772727489471435547e-01
9.858356714248657227e-01
9.971830844879150391e-01
9.971751570701599121e-01
9.943502545356750488e-01
9.971751570701599121e-01
9.971830844879150391e-01
1.000000000000000000e+00
1.000000000000000000e+00
1.000000000000000000e+00
1.000000000000000000e+00
1.000000000000000000e+00
1.000000000000000000e+00
