8.806306123733520508e-01
9.260089397430419922e-01
9.552572965621948242e-01
9.573991298675537109e-01
9.492273926734924316e-01
9.519650936126708984e-01
9.510022401809692383e-01
9.608695507049560547e-01
9.576837420463562012e-01
9.711111187934875488e-01
9.804772138595581055e-01
9.956236481666564941e-01
9.691630005836486816e-01
9.431072473526000977e-01
9.272727370262145996e-01
9.759299755096435547e-01
9.716157317161560059e-01
9.826086759567260742e-01
9.694989323616027832e-01
9.912087917327880859e-01
9.934782385826110840e-01
1.000000000000000000e+00
9.934782385826110840e-01
9.649122953414916992e-01
9.520696997642517090e-01
9.552572965621948242e-01
9.956521987915039062e-01
9.934924244880676270e-01
1.000000000000000000e+00
1.000000000000000000e+00
1.000000000000000000e+00
1.000000000000000000e+00
1.000000000000000000e+00
1.000000000000000000e+00
1.000000000000000000e+00
1.000000000000000000e+00
1.000000000000000000e+00
1.000000000000000000e+00
1.000000000000000000e+00
1.000000000000000000e+00
1.000000000000000000e+00
1.000000000000000000e+00
1.000000000000000000e+00
1.000000000000000000e+00
1.000000000000000000e+00
1.000000000000000000e+00
1.000000000000000000e+00
8.717948794364929199e-01
8.219178318977355957e-01
9.549549818038940430e-01
