8.463203310966491699e-01
8.939393758773803711e-01
9.242424368858337402e-01
9.242424368858337402e-01
9.307359457015991211e-01
9.437229633331298828e-01
9.242424368858337402e-01
9.567099809646606445e-01
9.307359457015991211e-01
9.458874464035034180e-01
9.783549904823303223e-01
9.848484992980957031e-01
9.523809552192687988e-01
9.329004287719726562e-01
8.831169009208679199e-01
9.653679728507995605e-01
9.632034897804260254e-01
9.783549904823303223e-01
9.632034897804260254e-01
9.761904478073120117e-01
9.891774654388427734e-01
9.978355169296264648e-01
9.891774654388427734e-01
9.523809552192687988e-01
9.458874464035034180e-01
9.242424368858337402e-01
9.913420081138610840e-01
9.913420081138610840e-01
1.000000000000000000e+00
1.000000000000000000e+00
1.000000000000000000e+00
1.000000000000000000e+00
1.000000000000000000e+00
1.000000000000000000e+00
1.000000000000000000e+00
1.000000000000000000e+00
1.000000000000000000e+00
1.000000000000000000e+00
1.000000000000000000e+00
1.000000000000000000e+00
1.000000000000000000e+00
1.000000000000000000e+00
1.000000000000000000e+00
1.000000000000000000e+00
1.000000000000000000e+00
1.000000000000000000e+00
1.000000000000000000e+00
8.095238208770751953e-01
7.792207598686218262e-01
9.177489280700683594e-01
