8.524590134620666504e-01
9.067796468734741211e-01
9.083333611488342285e-01
9.083333611488342285e-01
9.186992049217224121e-01
9.421487450599670410e-01
9.411764740943908691e-01
9.663865566253662109e-01
9.504132270812988281e-01
9.586777091026306152e-01
9.268292784690856934e-01
8.925619721412658691e-01
9.338843226432800293e-01
9.669421315193176270e-01
9.495798349380493164e-01
9.672130942344665527e-01
9.834710955619812012e-01
9.752066135406494141e-01
9.756097793579101562e-01
9.663865566253662109e-01
9.504132270812988281e-01
9.180327653884887695e-01
9.593495726585388184e-01
9.674796462059020996e-01
9.747899174690246582e-01
9.349593520164489746e-01
9.836065769195556641e-01
9.586777091026306152e-01
1.000000000000000000e+00
1.000000000000000000e+00
1.000000000000000000e+00
9.435483813285827637e-01
9.586777091026306152e-01
9.354838728904724121e-01
9.752066135406494141e-01
9.516128897666931152e-01
9.833333492279052734e-01
9.344262480735778809e-01
9.747899174690246582e-01
9.837398529052734375e-01
1.000000000000000000e+00
1.000000000000000000e+00
1.000000000000000000e+00
1.000000000000000000e+00
1.000000000000000000e+00
1.000000000000000000e+00
1.000000000000000000e+00
1.000000000000000000e+00
1.000000000000000000e+00
1.000000000000000000e+00
