9.695706367492675781e-01
9.795747995376586914e-01
9.783242940902709961e-01
9.816589951515197754e-01
9.741559028625488281e-01
9.699875116348266602e-01
9.679033160209655762e-01
9.741559028625488281e-01
9.945811033248901367e-01
9.929137229919433594e-01
9.616506695747375488e-01
9.716548323631286621e-01
9.808253645896911621e-01
9.941642284393310547e-01
9.779074788093566895e-01
9.716548323631286621e-01
9.729053974151611328e-01
9.908295273780822754e-01
9.849937558174133301e-01
9.837432503700256348e-01
9.779074788093566895e-01
9.841600656509399414e-01
9.791579842567443848e-01
9.812421798706054688e-01
9.887453317642211914e-01
9.779074788093566895e-01
9.833263754844665527e-01
9.949979186058044434e-01
9.933305382728576660e-01
9.695706367492675781e-01
9.862442612648010254e-01
9.912463426589965820e-01
9.874947667121887207e-01
9.874947667121887207e-01
9.858274459838867188e-01
9.754064083099365234e-01
9.745727181434631348e-01
9.849937558174133301e-01
9.949979186058044434e-01
9.883284568786621094e-01
9.833263754844665527e-01
9.829095602035522461e-01
9.820758700370788574e-01
9.899958372116088867e-01
9.841600656509399414e-01
9.774906039237976074e-01
9.924968481063842773e-01
9.933305382728576660e-01
9.870779514312744141e-01
9.958316087722778320e-01
