8.991596698760986328e-01
9.137930870056152344e-01
8.999999761581420898e-01
8.991596698760986328e-01
9.024389982223510742e-01
9.655172228813171387e-01
9.421487450599670410e-01
9.173553586006164551e-01
9.495798349380493164e-01
9.495798349380493164e-01
9.495798349380493164e-01
9.666666388511657715e-01
9.572649598121643066e-01
9.344262480735778809e-01
9.590163826942443848e-01
9.572649598121643066e-01
9.674796462059020996e-01
9.590163826942443848e-01
9.508196711540222168e-01
9.401709437370300293e-01
9.747899174690246582e-01
9.752066135406494141e-01
9.917355179786682129e-01
9.666666388511657715e-01
1.000000000000000000e+00
9.516128897666931152e-01
9.572649598121643066e-01
9.256198406219482422e-01
9.579831957817077637e-01
9.669421315193176270e-01
9.512194991111755371e-01
9.917355179786682129e-01
9.918032884597778320e-01
1.000000000000000000e+00
1.000000000000000000e+00
9.918032884597778320e-01
9.268292784690856934e-01
9.666666388511657715e-01
9.499999880790710449e-01
9.918032884597778320e-01
9.752066135406494141e-01
9.834710955619812012e-01
9.752066135406494141e-01
9.669421315193176270e-01
9.426229596138000488e-01
9.916666746139526367e-01
9.836065769195556641e-01
9.754098653793334961e-01
9.669421315193176270e-01
9.672130942344665527e-01
