19
[0.0378909872086254, 0.90625, 0.70731705]

21
[0.06484869293818567, 0.8965517, 0.63414633]

23
[0.06421701119588483, 0.8108108, 0.73170733]

25
[0.09337492293298282, 0.95454544, 0.5121951]

27
[0.04275802469613096, 0.8888889, 0.7804878]

29
[0.11425081018656995, 0.58181816, 0.7804878]

31
[0.0743382147563967, 0.75, 0.73170733]

33
[0.08137968978514243, 0.87096775, 0.6585366]

vote:
accuracy= 0.9875621890547264
precision= 0.5454545454545454
recall= 0.8780487804878049
f1= 0.6728971962616822

probability:
accuracy= 0.9936034115138592
precision= 0.896551724137931
recall= 0.6341463414634146
f1= 0.7428571428571429

