7.482992857694625854e-02
2.312925159931182861e-01
4.013605415821075439e-01
4.013605415821075439e-01
5.374149680137634277e-01
5.374149680137634277e-01
5.782312750816345215e-01
5.782312750816345215e-01
6.394557952880859375e-01
6.394557952880859375e-01
6.122449040412902832e-01
6.734693646430969238e-01
6.530612111091613770e-01
7.006802558898925781e-01
6.938775777816772461e-01
7.006802558898925781e-01
7.278911471366882324e-01
7.074829936027526855e-01
7.551020383834838867e-01
6.938775777816772461e-01
7.006802558898925781e-01
7.551020383834838867e-01
8.163265585899353027e-01
8.163265585899353027e-01
7.891156673431396484e-01
8.163265585899353027e-01
8.231292366981506348e-01
8.299319744110107422e-01
7.891156673431396484e-01
8.027210831642150879e-01
8.503401279449462891e-01
8.639456033706665039e-01
8.843537569046020508e-01
8.843537569046020508e-01
8.503401279449462891e-01
8.027210831642150879e-01
8.911564350128173828e-01
8.775510191917419434e-01
9.319728016853332520e-01
8.911564350128173828e-01
9.183673262596130371e-01
8.775510191917419434e-01
9.319728016853332520e-01
9.319728016853332520e-01
9.455782175064086914e-01
9.183673262596130371e-01
9.183673262596130371e-01
9.251700639724731445e-01
9.251700639724731445e-01
8.911564350128173828e-01
9.591836929321289062e-01
9.455782175064086914e-01
8.911564350128173828e-01
9.047619104385375977e-01
9.319728016853332520e-01
9.523809552192687988e-01
9.863945841789245605e-01
1.000000000000000000e+00
9.591836929321289062e-01
9.387755393981933594e-01
9.319728016853332520e-01
9.523809552192687988e-01
9.931972622871398926e-01
9.047619104385375977e-01
9.455782175064086914e-01
9.387755393981933594e-01
9.523809552192687988e-01
9.523809552192687988e-01
9.319728016853332520e-01
9.727891087532043457e-01
9.591836929321289062e-01
9.795918464660644531e-01
9.387755393981933594e-01
9.727891087532043457e-01
9.727891087532043457e-01
9.659863710403442383e-01
9.863945841789245605e-01
1.000000000000000000e+00
9.659863710403442383e-01
9.387755393981933594e-01
9.319728016853332520e-01
9.319728016853332520e-01
9.727891087532043457e-01
9.591836929321289062e-01
9.931972622871398926e-01
9.659863710403442383e-01
9.523809552192687988e-01
9.795918464660644531e-01
9.931972622871398926e-01
9.659863710403442383e-01
9.727891087532043457e-01
9.931972622871398926e-01
1.000000000000000000e+00
1.000000000000000000e+00
1.000000000000000000e+00
1.000000000000000000e+00
1.000000000000000000e+00
1.000000000000000000e+00
1.000000000000000000e+00
1.000000000000000000e+00
1.000000000000000000e+00
1.000000000000000000e+00
9.659863710403442383e-01
8.503401279449462891e-01
9.387755393981933594e-01
9.727891087532043457e-01
1.000000000000000000e+00
9.795918464660644531e-01
9.931972622871398926e-01
1.000000000000000000e+00
1.000000000000000000e+00
1.000000000000000000e+00
1.000000000000000000e+00
1.000000000000000000e+00
1.000000000000000000e+00
1.000000000000000000e+00
1.000000000000000000e+00
1.000000000000000000e+00
1.000000000000000000e+00
1.000000000000000000e+00
1.000000000000000000e+00
1.000000000000000000e+00
1.000000000000000000e+00
1.000000000000000000e+00
1.000000000000000000e+00
1.000000000000000000e+00
1.000000000000000000e+00
1.000000000000000000e+00
1.000000000000000000e+00
1.000000000000000000e+00
1.000000000000000000e+00
1.000000000000000000e+00
1.000000000000000000e+00
1.000000000000000000e+00
1.000000000000000000e+00
1.000000000000000000e+00
1.000000000000000000e+00
7.959183454513549805e-01
8.639456033706665039e-01
9.727891087532043457e-01
9.931972622871398926e-01
9.931972622871398926e-01
1.000000000000000000e+00
1.000000000000000000e+00
1.000000000000000000e+00
1.000000000000000000e+00
1.000000000000000000e+00
1.000000000000000000e+00
1.000000000000000000e+00
1.000000000000000000e+00
