4.545490699622757591e-02
2.619408083257475719e-02
2.063482009198957384e-02
1.327173387473979185e-02
1.297185436684337827e-02
1.082407234301892458e-02
1.104150741238040315e-02
1.147759813833609636e-02
1.205967218765888541e-02
8.249316446745891609e-03
6.176795839672382521e-03
4.354396402359126880e-03
6.218470672452298953e-03
1.249987825254049272e-02
4.403851602391135531e-03
2.255696380484422357e-03
3.175955435078235863e-03
7.885862027893991363e-03
1.162084179741789888e-02
1.137568777966984669e-02
8.125861723866220285e-03
6.561838305548964995e-03
4.836731908447644730e-03
2.011316926897841438e-03
2.759954932135594199e-03
2.769779686876065565e-03
1.314282101188297275e-02
1.083021094438771197e-02
1.571364689372090886e-03
1.097717191640475848e-03
9.015407070097690261e-04
8.759217406368557642e-04
8.671964677354364109e-04
8.511627345446664454e-04
8.070117639561309427e-04
7.102181127552389603e-03
2.461993874002759222e-02
8.160154538600689414e-03
9.301741961963738356e-03
6.622380379880885189e-03
1.388695591867083893e-03
4.760756874076117577e-03
4.436303638319368664e-03
1.558397639394676955e-03
1.433988498584211216e-03
2.373098273074575239e-03
1.196948237918300491e-03
2.704748545923047962e-03
1.650283318760678922e-02
1.143432415901064411e-02
