2.195964133985198879e-02
1.584811237412770552e-02
1.342416774345676043e-02
1.188388795870500003e-02
1.157551723239494401e-02
1.108375962595228859e-02
1.082339371501391326e-02
7.479293123857328612e-03
5.444762521609467117e-03
5.870037719245062638e-03
6.406456050679607689e-03
5.882759933570600591e-03
8.661692240979349672e-03
1.097031458713661721e-02
4.659566832898307150e-03
3.279520445793717657e-03
2.916920956900543975e-03
2.937363348507477778e-03
1.052164174420424335e-02
4.050293643737357639e-03
6.920757026000078430e-03
1.177342182226148205e-02
6.047233552278175397e-03
2.950945016248722810e-03
8.056160328534666196e-03
7.010611397850211035e-03
4.916568970116717494e-03
2.526455502366414894e-03
2.083853270743341469e-03
2.486959643879546860e-03
2.826735970257027424e-03
1.593771064526009655e-03
1.695368042515480594e-02
9.244460898912246205e-03
8.073127672615722922e-03
3.594598114110498024e-03
1.469534905199118991e-03
1.013082600012618585e-03
1.967563335852693610e-03
2.341224340678647441e-03
2.699695229648472767e-03
3.774204663410546737e-03
5.228456608073916122e-03
7.229149552474652650e-03
4.784464513032399974e-03
6.468765127278636000e-03
1.629004898967406460e-03
1.676056398109318285e-03
3.032398595249213586e-03
2.763315533931676345e-03
