3.904857778426433779e-01
1.314094721361221962e-01
1.154397278859712606e-01
8.985291394696555412e-02
8.025203685784172702e-02
7.499897041854371171e-02
6.793930670078644762e-02
6.910606369831054363e-02
6.626510006314298429e-02
5.994245222262399586e-02
5.583290081661648058e-02
5.214990864796601594e-02
6.788601235319757787e-02
5.482370703186224825e-02
5.562909279613262314e-02
5.447873523449933003e-02
4.897463212728928039e-02
4.603495393201856994e-02
3.970647725143407192e-02
4.550453167752598754e-02
4.054258474494416842e-02
3.670721895836565052e-02
3.173409391409687252e-02
3.420926918491101754e-02
3.414256749287625931e-02
3.340124445732747110e-02
2.948209917828380211e-02
2.871759994549429387e-02
3.374605262963736169e-02
2.714530193514412201e-02
2.556658912972081463e-02
2.681520198166655392e-02
2.593910626439585240e-02
2.098688027544379220e-02
3.092614475208834215e-02
2.087409019952488412e-02
1.589349043939526987e-02
1.637995899622384996e-02
2.021789162564624140e-02
1.543150042122385518e-02
1.727223659804931477e-02
2.415337507178340337e-02
1.349659028842239636e-02
1.105747038208060480e-02
1.361424616462975426e-02
1.061391315870630937e-02
8.595790972802328997e-03
7.767152216055291103e-03
1.313715505532909479e-02
1.312152157137228686e-02
1.194722053414034625e-02
1.453802815868658616e-02
1.014938941598760545e-02
1.558335263003931236e-02
9.765190235056522838e-03
8.659021337025084308e-03
5.915888429044959505e-03
9.958905725335375630e-03
5.141013903552258887e-03
9.423375379228392940e-03
1.063818374448998773e-02
4.017989528983688906e-03
1.149444220195078824e-02
7.285809743280805689e-03
1.434265244711065840e-02
5.359588362945845452e-03
5.151484782782525008e-03
6.556402706055079223e-03
6.651638815132883582e-03
1.495073107156851856e-02
5.172455745946811546e-03
5.302254212989378039e-03
5.009592968371805698e-03
5.366086854812466417e-03
5.819446294782214084e-03
1.159106920781206515e-02
1.140469470091846384e-02
5.366627188757714002e-03
1.337174181019768794e-02
7.300587679862663437e-03
3.178654261573576542e-03
4.668856980599348123e-03
4.993675866977076439e-03
3.357997518813743854e-03
1.786702646918076872e-03
2.266880546497135069e-03
8.024147587143974636e-03
5.647746277447281658e-03
1.077174127606093414e-02
4.701109970746812985e-03
4.988609458898366107e-03
5.263242458256044663e-03
2.047562561367486517e-03
1.515556132056452079e-03
2.327945844510740953e-03
6.081567719440363583e-03
8.736829581374522952e-03
7.069473858857982726e-03
4.621318680960061903e-03
5.786760655761316076e-03
4.593097747215516870e-03
3.835228519684094790e-03
5.411396184794018370e-03
1.360787087249932387e-02
3.955101146521653246e-03
2.351181325965100762e-03
2.167862479918529831e-03
1.793930439073654175e-03
5.118906489991640468e-03
3.466303139355043136e-03
2.155559279225662591e-03
1.597749150108783087e-02
3.011650374782952767e-03
3.107548412689120632e-03
6.705071960569713128e-03
8.268570117390384999e-03
6.395255054565405009e-03
2.162242156478092186e-03
1.594269170202164149e-03
6.717732430380228548e-03
5.403075361817543179e-03
2.076219334638718453e-03
1.383557125227953977e-03
1.023799508523008358e-03
1.163475115161146647e-03
2.033343225061268623e-03
6.568617352708193066e-03
8.569283635645307678e-03
1.392390433305503751e-03
9.611572137509402603e-04
9.320133240498210299e-04
9.183968939395766940e-04
9.132699928588619391e-04
8.957955550870633481e-04
8.865828839849657561e-04
8.716187673631498045e-04
8.605704078095944252e-04
8.459595355635790223e-04
8.319383213514378126e-04
8.171541515832650947e-04
8.158379997302815526e-04
2.266230360266922872e-02
1.345410737247213460e-02
2.804724103775431583e-03
2.488884390362631777e-03
1.131459106644940905e-02
9.553654422356195122e-03
1.756357912471022626e-03
1.466771625899464812e-03
8.254647553153747356e-04
