1.639344170689582825e-02
1.739130467176437378e-01
2.285714298486709595e-01
3.333333432674407959e-01
4.857142865657806396e-01
4.636363685131072998e-01
4.954954981803894043e-01
5.384615659713745117e-01
4.796747863292694092e-01
6.153846383094787598e-01
6.147540807723999023e-01
6.859503984451293945e-01
5.120000243186950684e-01
6.290322542190551758e-01
6.198347210884094238e-01
6.833333373069763184e-01
6.800000071525573730e-01
6.880000233650207520e-01
7.563025355339050293e-01
6.666666865348815918e-01
7.063491940498352051e-01
7.421875000000000000e-01
7.709923386573791504e-01
7.480314970016479492e-01
7.769230604171752930e-01
7.384615540504455566e-01
8.014705777168273926e-01
7.985074520111083984e-01
7.424242496490478516e-01
7.969924807548522949e-01
8.437500000000000000e-01
8.125000000000000000e-01
8.384615182876586914e-01
8.455882072448730469e-01
7.846153974533081055e-01
8.702290058135986328e-01
8.939393758773803711e-01
8.888888955116271973e-01
8.074073791503906250e-01
9.160305261611938477e-01
8.897058963775634766e-01
8.014705777168273926e-01
8.832116723060607910e-01
9.214285612106323242e-01
8.832116723060607910e-01
9.323308467864990234e-01
9.489051103591918945e-01
9.705882072448730469e-01
9.191176295280456543e-01
8.978102207183837891e-01
8.992805480957031250e-01
8.970588445663452148e-01
9.051094651222229004e-01
8.840579986572265625e-01
9.285714030265808105e-01
9.230769276618957520e-01
9.440559148788452148e-01
9.270073175430297852e-01
9.642857313156127930e-01
9.142857193946838379e-01
9.136690497398376465e-01
9.856114983558654785e-01
9.338235259056091309e-01
9.436619877815246582e-01
8.848921060562133789e-01
9.642857313156127930e-01
9.712229967117309570e-01
9.492753744125366211e-01
9.503546357154846191e-01
9.057971239089965820e-01
9.568345546722412109e-01
9.779411554336547852e-01
9.507042169570922852e-01
9.436619877815246582e-01
9.640287756919860840e-01
9.264705777168273926e-01
9.214285612106323242e-01
9.854014515876770020e-01
8.913043737411499023e-01
9.366196990013122559e-01
9.856114983558654785e-01
9.784172773361206055e-01
9.642857313156127930e-01
9.580419659614562988e-01
9.929078221321105957e-01
9.927536249160766602e-01
9.432623982429504395e-01
9.637681245803833008e-01
9.130434989929199219e-01
9.436619877815246582e-01
9.637681245803833008e-01
9.642857313156127930e-01
9.857142567634582520e-01
1.000000000000000000e+00
9.928571581840515137e-01
9.496402740478515625e-01
9.411764740943908691e-01
9.510489702224731445e-01
9.571428298950195312e-01
9.642857313156127930e-01
9.854014515876770020e-01
9.781022071838378906e-01
9.642857313156127930e-01
9.007092118263244629e-01
9.714285731315612793e-01
9.857142567634582520e-01
9.785714149475097656e-01
9.927536249160766602e-01
9.716312289237976074e-01
9.857142567634582520e-01
9.858155846595764160e-01
8.992805480957031250e-01
9.718309640884399414e-01
9.928057789802551270e-01
9.424460530281066895e-01
9.361702203750610352e-01
9.635036587715148926e-01
9.787234067916870117e-01
9.857142567634582520e-01
9.343065619468688965e-01
9.568345546722412109e-01
9.928571581840515137e-01
9.928571581840515137e-01
1.000000000000000000e+00
1.000000000000000000e+00
9.858155846595764160e-01
9.565217494964599609e-01
9.499999880790710449e-01
9.858155846595764160e-01
1.000000000000000000e+00
1.000000000000000000e+00
1.000000000000000000e+00
1.000000000000000000e+00
1.000000000000000000e+00
1.000000000000000000e+00
1.000000000000000000e+00
1.000000000000000000e+00
1.000000000000000000e+00
1.000000000000000000e+00
1.000000000000000000e+00
1.000000000000000000e+00
8.840579986572265625e-01
9.275362491607666016e-01
9.716312289237976074e-01
9.788732528686523438e-01
9.357143044471740723e-01
9.285714030265808105e-01
1.000000000000000000e+00
9.928057789802551270e-01
1.000000000000000000e+00
