3.425620921989186995e-01
1.024513768485009885e-01
8.632851565484836454e-02
6.950622696858331506e-02
6.915387720603985433e-02
6.662076331590106870e-02
6.120331115190401350e-02
5.729234406711556510e-02
6.292967678607058746e-02
4.946148735870110197e-02
5.735761142031328003e-02
5.990703831145587077e-02
5.086422837111563566e-02
4.406908563118662470e-02
4.150391606194059335e-02
4.526326669645182321e-02
4.327410317028476672e-02
4.746310720059222082e-02
3.861184432724461268e-02
3.211216073491449108e-02
4.101237401218263412e-02
3.452957232605012583e-02
3.135615090643298353e-02
3.244430562820382891e-02
3.315168073035724278e-02
3.480418251142996383e-02
3.116725437252694172e-02
2.710468296006831451e-02
3.446085098582830908e-02
2.471254002570053704e-02
2.284547519562173459e-02
2.389727499570290514e-02
2.405817552156946579e-02
1.851634428955946030e-02
1.905302588600814653e-02
2.530124857107197284e-02
1.817340651268783969e-02
1.791066338084487328e-02
1.456008287836530780e-02
1.708498611993492997e-02
1.482067288746615440e-02
1.332773722717815919e-02
1.330137405795931912e-02
1.661407632127119213e-02
1.362032429943681178e-02
1.629083755204495734e-02
1.231202207462544877e-02
1.212578668947899771e-02
1.163141232490150397e-02
8.916371394087173677e-03
9.878974501077809889e-03
1.023024382359482079e-02
9.475964144298361369e-03
8.490638525775657391e-03
1.092474859306515403e-02
9.944096078829714816e-03
7.640954718622610352e-03
8.899866674388592913e-03
1.091346084100850919e-02
5.540659985806123226e-03
6.106976575535660867e-03
7.183749799617662572e-03
3.803432640099281992e-03
4.817087911946254034e-03
7.392192532079936221e-03
9.438120823904307122e-03
5.647156171349287587e-03
7.154326370097600918e-03
9.784203513041440925e-03
6.913294406000109783e-03
5.300995117702814695e-03
8.144200494003925317e-03
2.814195507009756465e-03
2.570500816230543526e-03
3.325307754948378988e-03
8.951667770393995083e-03
1.481337848853466442e-02
4.487904571524248092e-03
3.620180915085494111e-03
2.504372749797542132e-03
2.217234537737055623e-03
2.179083564658157533e-03
2.101165331549375084e-03
2.032633203089664713e-03
1.985326902488737753e-03
1.939757627797418938e-03
1.902221550558032270e-03
4.559555638959318473e-03
2.530234469252913565e-02
1.440567478027883833e-02
4.695089864931622364e-03
4.143447334293800730e-03
2.345416500069044674e-03
1.820176187191951782e-03
1.671368990240069963e-03
1.960142825926411252e-03
1.725642577703574970e-03
2.328006956646162112e-03
9.278457827589318627e-03
1.274641295289569327e-02
3.263972134520507114e-03
2.138825034410646656e-03
1.672022377035322672e-03
4.920783246618686164e-03
5.371621147929490740e-03
4.760569113710194124e-03
5.670742895084242285e-03
6.056794594144760194e-03
1.458016970822037474e-03
2.765410880733907509e-03
1.384987814900639656e-03
1.392439203811230569e-03
1.346001714781754283e-03
1.303619375675382297e-03
1.278808112737475156e-03
1.260332560934655137e-03
1.233748240367608419e-03
1.237168101432523266e-03
1.176823566127575393e-03
1.149871805323128288e-03
1.126915363474321205e-03
1.094337463301495823e-03
1.065347729365191632e-03
1.033461303364536241e-03
1.001261449554258871e-03
9.700791191118904831e-04
9.361919490341336775e-04
9.022928937184156390e-04
8.683662280836287797e-04
8.336538675423737230e-04
7.957978093254737149e-04
7.594111549769743796e-04
7.239199803855082957e-04
2.456257659680308875e-02
1.386331974999871659e-02
5.910482999768331379e-03
2.548718488217393326e-03
1.862663835645545461e-03
2.707509565391139593e-03
1.507135198753684676e-03
2.409740935614775818e-03
3.948965149232175689e-03
1.608240654927196389e-03
1.476373229930728762e-03
2.394062322031798550e-03
1.475942932633952324e-03
4.279298476296647911e-03
5.011854775841839173e-03
1.535136712308796244e-03
1.550483902474113738e-03
