1.060606092214584351e-01
4.016393423080444336e-01
5.000000000000000000e-01
5.984252095222473145e-01
5.826771855354309082e-01
5.460993051528930664e-01
6.299212574958801270e-01
6.478873491287231445e-01
6.131386756896972656e-01
6.857143044471740723e-01
6.594203114509582520e-01
6.899224519729614258e-01
7.266187071800231934e-01
7.304964661598205566e-01
7.537313699722290039e-01
7.338129281997680664e-01
7.183098793029785156e-01
7.062937021255493164e-01
7.152777910232543945e-01
7.692307829856872559e-01
7.761194109916687012e-01
7.638888955116271973e-01
8.188405632972717285e-01
8.028169274330139160e-01
7.857142686843872070e-01
7.801418304443359375e-01
8.156028389930725098e-01
8.357142806053161621e-01
7.686567306518554688e-01
8.181818127632141113e-01
8.805969953536987305e-01
8.417266011238098145e-01
8.652482032775878906e-01
8.689655065536499023e-01
9.064748287200927734e-01
8.098591566085815430e-01
8.671328425407409668e-01
8.951048851013183594e-01
9.285714030265808105e-01
8.680555820465087891e-01
9.160839319229125977e-01
9.103448390960693359e-01
8.811188936233520508e-01
8.835616707801818848e-01
8.972602486610412598e-01
8.918918967247009277e-01
9.027777910232543945e-01
9.127516746520996094e-01
9.510489702224731445e-01
9.241379499435424805e-01
9.194630980491638184e-01
9.513888955116271973e-01
9.517241120338439941e-01
9.319728016853332520e-01
9.230769276618957520e-01
9.444444179534912109e-01
9.790209531784057617e-01
9.510489702224731445e-01
9.315068721771240234e-01
9.727891087532043457e-01
9.591836929321289062e-01
9.520547986030578613e-01
9.931507110595703125e-01
9.863945841789245605e-01
9.720279574394226074e-01
9.305555820465087891e-01
9.724137783050537109e-01
9.583333134651184082e-01
9.319728016853332520e-01
9.452054500579833984e-01
9.659863710403442383e-01
9.328858852386474609e-01
9.931972622871398926e-01
1.000000000000000000e+00
9.795918464660644531e-01
9.194630980491638184e-01
8.918918967247009277e-01
9.794520735740661621e-01
9.863013625144958496e-01
9.931972622871398926e-01
1.000000000000000000e+00
1.000000000000000000e+00
1.000000000000000000e+00
1.000000000000000000e+00
1.000000000000000000e+00
1.000000000000000000e+00
1.000000000000000000e+00
9.794520735740661621e-01
8.367347121238708496e-01
9.097222089767456055e-01
9.594594836235046387e-01
9.794520735740661621e-01
9.931507110595703125e-01
1.000000000000000000e+00
1.000000000000000000e+00
9.931972622871398926e-01
1.000000000000000000e+00
9.864864945411682129e-01
9.383561611175537109e-01
9.109588861465454102e-01
9.795918464660644531e-01
9.931507110595703125e-01
9.932432174682617188e-01
9.724137783050537109e-01
9.652777910232543945e-01
9.527027010917663574e-01
9.594594836235046387e-01
9.459459185600280762e-01
1.000000000000000000e+00
9.931972622871398926e-01
1.000000000000000000e+00
1.000000000000000000e+00
1.000000000000000000e+00
1.000000000000000000e+00
1.000000000000000000e+00
1.000000000000000000e+00
1.000000000000000000e+00
1.000000000000000000e+00
1.000000000000000000e+00
1.000000000000000000e+00
1.000000000000000000e+00
1.000000000000000000e+00
1.000000000000000000e+00
1.000000000000000000e+00
1.000000000000000000e+00
1.000000000000000000e+00
1.000000000000000000e+00
1.000000000000000000e+00
1.000000000000000000e+00
1.000000000000000000e+00
1.000000000000000000e+00
1.000000000000000000e+00
1.000000000000000000e+00
8.866666555404663086e-01
8.866666555404663086e-01
9.583333134651184082e-01
9.666666388511657715e-01
9.931034445762634277e-01
9.794520735740661621e-01
9.931972622871398926e-01
9.729729890823364258e-01
9.727891087532043457e-01
9.863945841789245605e-01
9.863945841789245605e-01
9.797297120094299316e-01
9.931507110595703125e-01
9.794520735740661621e-01
9.657534360885620117e-01
9.795918464660644531e-01
9.795918464660644531e-01
