9.523809701204299927e-02
3.333333432674407959e-01
4.557823240756988525e-01
5.170068144798278809e-01
5.034013390541076660e-01
5.238095521926879883e-01
5.442177057266235352e-01
6.258503198623657227e-01
5.714285969734191895e-01
6.530612111091613770e-01
6.190476417541503906e-01
6.054421663284301758e-01
6.870748400688171387e-01
7.006802558898925781e-01
6.870748400688171387e-01
6.938775777816772461e-01
6.938775777816772461e-01
6.870748400688171387e-01
7.006802558898925781e-01
7.482993006706237793e-01
7.074829936027526855e-01
7.482993006706237793e-01
7.687074542045593262e-01
7.755101919174194336e-01
7.482993006706237793e-01
7.482993006706237793e-01
7.823129296302795410e-01
7.959183454513549805e-01
7.006802558898925781e-01
7.959183454513549805e-01
8.027210831642150879e-01
7.959183454513549805e-01
8.299319744110107422e-01
8.571428656578063965e-01
8.571428656578063965e-01
7.823129296302795410e-01
8.435373902320861816e-01
8.707482814788818359e-01
8.843537569046020508e-01
8.503401279449462891e-01
8.911564350128173828e-01
8.979591727256774902e-01
8.571428656578063965e-01
8.775510191917419434e-01
8.911564350128173828e-01
8.979591727256774902e-01
8.843537569046020508e-01
9.251700639724731445e-01
9.251700639724731445e-01
9.115646481513977051e-01
9.319728016853332520e-01
9.319728016853332520e-01
9.387755393981933594e-01
9.319728016853332520e-01
8.979591727256774902e-01
9.251700639724731445e-01
9.523809552192687988e-01
9.251700639724731445e-01
9.251700639724731445e-01
9.727891087532043457e-01
9.591836929321289062e-01
9.455782175064086914e-01
9.863945841789245605e-01
9.863945841789245605e-01
9.455782175064086914e-01
9.115646481513977051e-01
9.591836929321289062e-01
9.387755393981933594e-01
9.319728016853332520e-01
9.387755393981933594e-01
9.659863710403442383e-01
9.455782175064086914e-01
9.931972622871398926e-01
1.000000000000000000e+00
9.795918464660644531e-01
9.319728016853332520e-01
8.979591727256774902e-01
9.727891087532043457e-01
9.795918464660644531e-01
9.931972622871398926e-01
1.000000000000000000e+00
1.000000000000000000e+00
1.000000000000000000e+00
1.000000000000000000e+00
1.000000000000000000e+00
1.000000000000000000e+00
1.000000000000000000e+00
9.727891087532043457e-01
8.367347121238708496e-01
8.911564350128173828e-01
9.659863710403442383e-01
9.727891087532043457e-01
9.863945841789245605e-01
1.000000000000000000e+00
1.000000000000000000e+00
9.931972622871398926e-01
1.000000000000000000e+00
9.931972622871398926e-01
9.319728016853332520e-01
9.047619104385375977e-01
9.795918464660644531e-01
9.863945841789245605e-01
1.000000000000000000e+00
9.591836929321289062e-01
9.455782175064086914e-01
9.591836929321289062e-01
9.659863710403442383e-01
9.523809552192687988e-01
1.000000000000000000e+00
9.931972622871398926e-01
1.000000000000000000e+00
1.000000000000000000e+00
1.000000000000000000e+00
1.000000000000000000e+00
1.000000000000000000e+00
1.000000000000000000e+00
1.000000000000000000e+00
1.000000000000000000e+00
1.000000000000000000e+00
1.000000000000000000e+00
1.000000000000000000e+00
1.000000000000000000e+00
1.000000000000000000e+00
1.000000000000000000e+00
1.000000000000000000e+00
1.000000000000000000e+00
1.000000000000000000e+00
1.000000000000000000e+00
1.000000000000000000e+00
1.000000000000000000e+00
1.000000000000000000e+00
1.000000000000000000e+00
1.000000000000000000e+00
9.047619104385375977e-01
9.047619104385375977e-01
9.387755393981933594e-01
9.863945841789245605e-01
9.795918464660644531e-01
9.727891087532043457e-01
9.931972622871398926e-01
9.795918464660644531e-01
9.727891087532043457e-01
9.863945841789245605e-01
9.863945841789245605e-01
9.863945841789245605e-01
9.863945841789245605e-01
9.727891087532043457e-01
9.591836929321289062e-01
9.795918464660644531e-01
9.795918464660644531e-01
