3.738317638635635376e-02
2.500000000000000000e-01
3.679245412349700928e-01
4.433962404727935791e-01
4.672897160053253174e-01
5.533980727195739746e-01
5.607476830482482910e-01
5.655737519264221191e-01
5.809524059295654297e-01
5.826086997985839844e-01
6.250000000000000000e-01
6.728972196578979492e-01
6.909090876579284668e-01
6.260869503021240234e-01
6.181818246841430664e-01
6.216216087341308594e-01
6.000000238418579102e-01
7.019230723381042480e-01
6.814159154891967773e-01
6.574074029922485352e-01
7.522935867309570312e-01
7.297297120094299316e-01
7.281553149223327637e-01
7.238095402717590332e-01
6.956521868705749512e-01
7.053571343421936035e-01
7.368420958518981934e-01
7.130434513092041016e-01
7.500000000000000000e-01
7.798165082931518555e-01
7.837837934494018555e-01
7.310924530029296875e-01
7.876105904579162598e-01
7.678571343421936035e-01
7.631579041481018066e-01
7.983193397521972656e-01
8.189654946327209473e-01
8.181818127632141113e-01
7.589285969734191895e-01
7.881355881690979004e-01
8.474576473236083984e-01
7.758620977401733398e-01
8.571428656578063965e-01
8.392857313156127930e-01
8.403361439704895020e-01
8.448275923728942871e-01
8.048780560493469238e-01
8.620689511299133301e-01
8.086956739425659180e-01
8.333333134651184082e-01
8.888888955116271973e-01
9.067796468734741211e-01
8.916666507720947266e-01
8.416666388511657715e-01
8.833333253860473633e-01
8.739495873451232910e-01
8.050847649574279785e-01
8.083333373069763184e-01
8.888888955116271973e-01
8.750000000000000000e-01
9.411764740943908691e-01
9.416666626930236816e-01
9.105691313743591309e-01
9.406779408454895020e-01
8.790322542190551758e-01
9.499999880790710449e-01
9.421487450599670410e-01
8.934426307678222656e-01
9.421487450599670410e-01
9.262295365333557129e-01
8.951612710952758789e-01
8.983050584793090820e-01
9.338843226432800293e-01
9.274193644523620605e-01
9.075630307197570801e-01
9.401709437370300293e-01
9.421487450599670410e-01
9.916666746139526367e-01
9.918699264526367188e-01
9.916666746139526367e-01
9.666666388511657715e-01
8.999999761581420898e-01
9.416666626930236816e-01
8.813559412956237793e-01
8.709677457809448242e-01
9.752066135406494141e-01
9.917355179786682129e-01
9.487179517745971680e-01
8.934426307678222656e-01
9.754098653793334961e-01
9.586777091026306152e-01
9.834710955619812012e-01
8.790322542190551758e-01
9.180327653884887695e-01
9.666666388511657715e-01
9.590163826942443848e-01
9.274193644523620605e-01
9.666666388511657715e-01
9.756097793579101562e-01
9.672130942344665527e-01
9.672130942344665527e-01
9.250000119209289551e-01
9.349593520164489746e-01
9.754098653793334961e-01
8.983050584793090820e-01
9.593495726585388184e-01
1.000000000000000000e+00
9.754098653793334961e-01
1.000000000000000000e+00
9.349593520164489746e-01
9.426229596138000488e-01
9.836065769195556641e-01
9.180327653884887695e-01
9.672130942344665527e-01
9.411764740943908691e-01
9.262295365333557129e-01
9.918032884597778320e-01
9.833333492279052734e-01
9.032257795333862305e-01
9.512194991111755371e-01
9.838709831237792969e-01
9.837398529052734375e-01
9.752066135406494141e-01
9.756097793579101562e-01
9.499999880790710449e-01
9.596773982048034668e-01
9.327731132507324219e-01
9.504132270812988281e-01
9.586777091026306152e-01
9.256198406219482422e-01
1.000000000000000000e+00
1.000000000000000000e+00
9.596773982048034668e-01
1.000000000000000000e+00
9.834710955619812012e-01
1.000000000000000000e+00
9.421487450599670410e-01
9.499999880790710449e-01
9.837398529052734375e-01
1.000000000000000000e+00
1.000000000000000000e+00
1.000000000000000000e+00
1.000000000000000000e+00
1.000000000000000000e+00
1.000000000000000000e+00
1.000000000000000000e+00
1.000000000000000000e+00
1.000000000000000000e+00
1.000000000000000000e+00
1.000000000000000000e+00
