4.265982128221287167e-02
2.885891265740293116e-02
2.666668646849194857e-02
2.714343058058407351e-02
1.941771096221876422e-02
1.407012597242102668e-02
1.221718125479191210e-02
1.379621463748452632e-02
1.159862988272838437e-02
1.530790812003468733e-02
1.333890949968140512e-02
1.572768244250999370e-02
7.829810855113309570e-03
5.762600069240723932e-03
1.933481853146911886e-02
1.222757631094892501e-02
7.514093062244327215e-03
8.816137395476549010e-03
1.532085376710564523e-02
1.280105391449178759e-02
1.675535027758115469e-02
1.493696249288475539e-02
7.593440609979536411e-03
4.237850285122923139e-03
5.449905593671000061e-03
1.434861505652479038e-02
6.519016027562896283e-03
1.092335123236509026e-02
6.147538480333790238e-03
9.168040107742943604e-03
8.150981779463372170e-03
8.568537978799799226e-03
3.104047122145688932e-03
6.367222979367116557e-03
1.822174567976019358e-02
1.076176930450624750e-02
6.509165069370229095e-03
3.100216470697745360e-03
4.177127441263568317e-03
6.162381792266189914e-03
4.374105986490315311e-03
4.518217688003015389e-03
1.374238045865798334e-02
2.091711806803885423e-02
1.076235165582570263e-02
1.414487494244930088e-02
3.155135203404243419e-03
2.075280298624936071e-03
2.403362474484664699e-03
5.234976928390470095e-03
