1.009546174146562780e-01
7.854707919522432857e-02
5.210612879000742215e-02
4.658640298730573615e-02
4.387038249442496568e-02
4.241099014909965187e-02
3.697975402614548518e-02
3.488056566793117097e-02
3.415549293274602882e-02
3.141693937306257178e-02
2.750322109553602831e-02
2.740789001446147094e-02
2.832919354345260488e-02
2.528362457685666767e-02
2.652495905000835930e-02
2.625396165151180558e-02
2.401430403345267486e-02
1.976470608906697943e-02
2.091617227327769932e-02
2.437327894343373560e-02
2.183082564552051713e-02
2.107479335554376249e-02
2.185510289146725543e-02
2.582145827570379165e-02
2.158661014431034406e-02
1.825562724582519697e-02
1.871659274110196169e-02
1.792625035719758175e-02
2.133057881449187260e-02
1.523086249904688320e-02
1.467453204213984772e-02
1.679303813605513215e-02
1.554437415957579151e-02
1.569660492002339369e-02
1.515475016735365853e-02
1.537575813514913993e-02
1.357063902082366116e-02
1.554406079928601775e-02
1.140825456128601902e-02
1.388067910353292522e-02
1.302462736253514296e-02
1.032402004831940029e-02
1.165698739144818176e-02
1.005120531923072054e-02
1.246631356073079136e-02
1.129529569483388694e-02
1.009594889436286717e-02
9.251695378798392710e-03
8.319383371072696515e-03
1.122030346394131683e-02
1.095783768608053939e-02
1.056223958956573061e-02
6.841156345554242485e-03
1.054567038241736171e-02
8.313021761986498503e-03
9.360832878375375393e-03
9.877213097900664276e-03
5.586312982039536891e-03
1.057811614992199868e-02
6.034518322837926531e-03
5.547369919795338764e-03
8.110167023287550431e-03
1.067626842847736734e-02
7.287787066932324698e-03
5.379934522009155798e-03
8.594690364405454044e-03
4.853512942997165527e-03
4.538530811032087664e-03
4.890774422456329977e-03
6.229085659359919619e-03
6.045411177197336332e-03
5.254259327397848255e-03
4.666236639419839814e-03
4.272702572505356240e-03
4.750484822243667381e-03
5.527709547088548517e-03
4.566371781084894305e-03
2.811642221237663653e-03
4.758149279331322541e-03
5.503233042960959179e-03
3.967668604694337721e-03
3.554223376156524349e-03
5.987325449970777591e-03
3.941784950065795393e-03
2.689285390601365514e-03
3.527483562531376175e-03
4.192319831655738974e-03
3.392692249601670599e-03
2.594951453863998756e-03
3.192407905551524362e-03
4.596436513313308277e-03
2.621386890479803031e-03
2.275836713152022944e-03
2.273717413099880010e-03
5.600316058338190330e-03
3.448791515731960272e-03
4.210417298750717893e-03
3.514222813974197078e-03
1.038550403203747363e-02
3.603065867843379538e-03
3.739005912241336830e-03
2.363697577909500309e-03
4.343084607364934915e-03
3.533688696698091252e-03
3.803395852285493262e-03
1.581817678347096495e-03
1.973885072015612099e-03
5.201579377111206423e-03
1.840298609322125285e-03
1.854206571713195185e-03
9.526469427267334009e-04
1.497995054634210363e-03
2.744521768937698870e-03
5.359820856134592422e-03
5.677484349343203673e-03
1.915454225967915198e-03
1.094995896537306066e-03
3.985858551274003118e-03
1.683595934484484989e-03
2.226415597249694397e-03
2.078881747304661166e-03
2.601415631778940946e-03
1.882751952230262088e-03
2.422133783647040413e-03
1.515258135939554331e-03
1.693428591118899132e-03
1.642305753843335131e-03
2.624424848994630008e-03
7.789885437504846235e-04
1.235175957284235203e-03
3.751609945061576347e-04
1.645656923610706369e-04
3.974380023718334168e-03
2.166347786148664720e-03
2.858206403021431620e-03
2.751621261503279202e-03
3.062733833346523941e-03
4.874347670792347894e-04
2.187079945707092691e-03
6.731670119687677882e-04
1.355837465490370135e-03
1.248843899548588094e-03
1.294514740216578651e-03
3.504867300994497174e-03
1.177741908741733066e-03
1.742021921913869311e-03
8.999666930157244329e-04
1.258509072386914274e-03
1.227271000714516168e-03
9.066522486515936514e-04
