2.426360398530960083e-01
5.053653717041015625e-01
6.345401406288146973e-01
6.738703250885009766e-01
6.951819062232971191e-01
7.133850455284118652e-01
7.026506066322326660e-01
7.148399353027343750e-01
7.419354915618896484e-01
7.362962961196899414e-01
7.521994113922119141e-01
7.582798004150390625e-01
7.609444260597229004e-01
7.751219272613525391e-01
7.811579704284667969e-01
8.023980855941772461e-01
7.764365077018737793e-01
7.877610325813293457e-01
7.889641523361206055e-01
8.109523653984069824e-01
8.093158602714538574e-01
8.078393936157226562e-01
8.285714387893676758e-01
8.214116692543029785e-01
8.156769871711730957e-01
8.354187011718750000e-01
8.376190662384033203e-01
8.288846611976623535e-01
8.369462490081787109e-01
8.371428847312927246e-01
8.363549709320068359e-01
8.417300581932067871e-01
8.502597808837890625e-01
8.594114780426025391e-01
8.506184816360473633e-01
8.604097366333007812e-01
8.509433865547180176e-01
8.586753606796264648e-01
8.615384697914123535e-01
8.730084300041198730e-01
8.723800778388977051e-01
8.674364686012268066e-01
8.783910274505615234e-01
8.596491217613220215e-01
8.758109211921691895e-01
8.641631603240966797e-01
8.788300752639770508e-01
8.743042945861816406e-01
8.739029765129089355e-01
8.810408711433410645e-01
8.852534294128417969e-01
8.875057697296142578e-01
8.925619721412658691e-01
8.802368044853210449e-01
8.851936459541320801e-01
8.883318305015563965e-01
8.866544961929321289e-01
8.787049651145935059e-01
8.985773324966430664e-01
9.014665484428405762e-01
8.954545259475708008e-01
8.941605687141418457e-01
8.875283598899841309e-01
9.063926935195922852e-01
8.974820375442504883e-01
9.028906822204589844e-01
9.089269638061523438e-01
8.982974886894226074e-01
9.041835069656372070e-01
9.123989343643188477e-01
9.107623100280761719e-01
9.071748852729797363e-01
9.162186384201049805e-01
9.157705903053283691e-01
9.221183657646179199e-01
9.237627983093261719e-01
9.195555448532104492e-01
9.147803187370300293e-01
9.222172498703002930e-01
9.236202836036682129e-01
9.318485260009765625e-01
9.279717206954956055e-01
9.263858199119567871e-01
9.261040687561035156e-01
9.276577234268188477e-01
9.348591566085815430e-01
9.444444179534912109e-01
9.369527101516723633e-01
9.301099181175231934e-01
9.349628686904907227e-01
9.467481374740600586e-01
9.438886642456054688e-01
9.484178423881530762e-01
9.414570927619934082e-01
9.500868320465087891e-01
9.500860571861267090e-01
9.515644907951354980e-01
9.422911405563354492e-01
9.539389014244079590e-01
9.412017464637756348e-01
9.429312348365783691e-01
9.620953798294067383e-01
9.488391876220703125e-01
9.582267403602600098e-01
9.641638398170471191e-01
9.542735219001770020e-01
9.472340345382690430e-01
9.560439586639404297e-01
9.686440825462341309e-01
9.582267403602600098e-01
9.585272669792175293e-01
9.579796195030212402e-01
9.808510541915893555e-01
9.635902047157287598e-01
9.746621847152709961e-01
9.579796195030212402e-01
9.585623741149902344e-01
9.728813767433166504e-01
9.640591740608215332e-01
9.709351062774658203e-01
9.844079017639160156e-01
9.670746922492980957e-01
9.668648838996887207e-01
9.637131094932556152e-01
9.726430773735046387e-01
9.788940548896789551e-01
9.795064926147460938e-01
9.828020334243774414e-01
9.709962010383605957e-01
9.731656312942504883e-01
9.777870774269104004e-01
9.759696722030639648e-01
9.756813645362854004e-01
9.832636117935180664e-01
9.769874215126037598e-01
9.713321924209594727e-01
9.841468334197998047e-01
9.705014824867248535e-01
9.841468334197998047e-01
9.819781780242919922e-01
9.711176156997680664e-01
9.776936173439025879e-01
9.865715503692626953e-01
9.832425713539123535e-01
9.782062172889709473e-01
9.714165329933166504e-01
9.815436005592346191e-01
9.924685955047607422e-01
9.832565784454345703e-01
9.803264737129211426e-01
