2.025844156742095947e-01
4.122551083564758301e-01
5.406419634819030762e-01
5.719049572944641113e-01
5.894122719764709473e-01
6.131721735000610352e-01
6.077532172203063965e-01
6.144226789474487305e-01
6.231763362884521484e-01
6.215089559555053711e-01
6.415172815322875977e-01
6.394330859184265137e-01
6.448520421981811523e-01
6.623592972755432129e-01
6.636098623275756836e-01
6.973739266395568848e-01
6.702792644500732422e-01
6.761150360107421875e-01
6.794497966766357422e-01
7.098791003227233887e-01
6.952897310256958008e-01
7.044602036476135254e-01
7.132138609886169434e-01
7.228011488914489746e-01
7.157148718833923340e-01
7.236348390579223633e-01
7.332221865653991699e-01
7.248853445053100586e-01
7.403084635734558105e-01
7.328053116798400879e-01
7.307211160659790039e-01
7.382242679595947266e-01
7.503126263618469238e-01
7.669862508773803711e-01
7.453105449676513672e-01
7.528136968612670898e-01
7.519800066947937012e-01
7.674030661582946777e-01
7.703209519386291504e-01
7.765735983848571777e-01
7.807419896125793457e-01
7.828261852264404297e-01
7.828261852264404297e-01
7.761567234992980957e-01
7.878282666206359863e-01
7.769904136657714844e-01
7.890787720680236816e-01
7.857440710067749023e-01
7.886619567871093750e-01
7.903292775154113770e-01
8.007503151893615723e-01
8.024176955223083496e-01
8.103376626968383789e-01
8.057523965835571289e-01
8.099207878112792969e-01
8.124218583106994629e-01
8.086702823638916016e-01
8.032513260841369629e-01
8.161734342575073242e-01
8.199249505996704102e-01
8.211755156517028809e-01
8.170070648193359375e-01
8.157565593719482422e-01
8.274281024932861328e-01
8.320133686065673828e-01
8.332638740539550781e-01
8.403501510620117188e-01
8.357648849487304688e-01
8.378490805625915527e-01
8.466027379035949707e-01
8.466027379035949707e-01
8.432680368423461914e-01
8.524385094642639160e-01
8.520216941833496094e-01
8.636931777000427246e-01
8.636931777000427246e-01
8.624426722526550293e-01
8.591079711914062500e-01
8.599416613578796387e-01
8.720300197601318359e-01
8.720300197601318359e-01
8.753647208213806152e-01
8.707795143127441406e-01
8.828678727149963379e-01
8.766152858734130859e-01
8.853688836097717285e-01
8.999583125114440918e-01
8.920383453369140625e-01
8.820341825485229492e-01
8.928720355033874512e-01
9.041267037391662598e-01
9.045435786247253418e-01
9.120466709136962891e-01
9.049603939056396484e-01
9.124635457992553711e-01
9.203835129737854004e-01
9.253855943679809570e-01
9.120466709136962891e-01
9.237182140350341797e-01
9.141308665275573730e-01
9.091287851333618164e-01
9.416423439979553223e-01
9.199666380882263184e-01
9.370570778846740723e-01
9.420592188835144043e-01
9.308044910430908203e-01
9.278866052627563477e-01
9.428928494453430176e-01
9.528970122337341309e-01
9.370570778846740723e-01
9.441434144973754883e-01
9.408086538314819336e-01
9.608169794082641602e-01
9.487286210060119629e-01
9.620675444602966309e-01
9.408086538314819336e-01
9.449770450592041016e-01
9.570654630661010742e-01
9.503960013389587402e-01
9.608169794082641602e-01
9.737390875816345215e-01
9.549812674522399902e-01
9.487286210060119629e-01
9.520633816719055176e-01
9.633180499076843262e-01
9.666527509689331055e-01
9.762400984764099121e-01
9.766569137573242188e-01
9.629012346267700195e-01
9.674864411354064941e-01
9.724885225296020508e-01
9.649854302406311035e-01
9.699875116348266602e-01
9.795747995376586914e-01
9.733222126960754395e-01
9.604001641273498535e-01
9.833263754844665527e-01
9.599833488464355469e-01
9.833263754844665527e-01
9.766569137573242188e-01
9.670696258544921875e-01
9.683201313018798828e-01
9.799916744232177734e-01
9.783242940902709961e-01
9.729053974151611328e-01
9.633180499076843262e-01
9.754064083099365234e-01
9.887453317642211914e-01
9.791579842567443848e-01
9.762400984764099121e-01
