9.261363744735717773e-01
9.265536665916442871e-01
9.497206807136535645e-01
9.494382143020629883e-01
9.749303460121154785e-01
9.773371219635009766e-01
9.802817106246948242e-01
9.774647951126098633e-01
9.774647951126098633e-01
9.664804339408874512e-01
9.690141081809997559e-01
9.636871218681335449e-01
9.776536226272583008e-01
9.834254384040832520e-01
9.466292262077331543e-01
9.916201233863830566e-01
9.778393507003784180e-01
9.719887971878051758e-01
9.806094169616699219e-01
9.859550595283508301e-01
9.831460714340209961e-01
9.776536226272583008e-01
9.860334992408752441e-01
9.944134354591369629e-01
9.915966391563415527e-01
9.696132540702819824e-01
9.831932783126831055e-01
9.718309640884399414e-01
9.750000238418579102e-01
9.889502525329589844e-01
9.635854363441467285e-01
9.718309640884399414e-01
9.944134354591369629e-01
9.888268113136291504e-01
9.805555343627929688e-01
9.831932783126831055e-01
9.444444179534912109e-01
9.860334992408752441e-01
1.000000000000000000e+00
1.000000000000000000e+00
1.000000000000000000e+00
1.000000000000000000e+00
1.000000000000000000e+00
1.000000000000000000e+00
1.000000000000000000e+00
1.000000000000000000e+00
1.000000000000000000e+00
1.000000000000000000e+00
1.000000000000000000e+00
1.000000000000000000e+00
