1.977002379520128444e-02
1.741072138532281585e-02
9.575422172836543788e-03
1.101117190286914765e-02
7.279272143597939788e-03
9.705721023971502354e-03
6.383495920496918587e-03
8.869092961406293413e-03
9.924578250788096759e-03
6.794088291510656970e-03
4.629246680223010786e-03
4.923266582950886275e-03
6.823163256819856325e-03
6.467285386321969774e-03
7.835926600810779602e-03
5.957607264603126049e-03
4.509693470099985363e-03
8.737250202395199783e-03
9.172712240587093183e-03
5.033847304980853220e-03
6.137022367291071479e-03
4.709658426702978753e-03
4.217051414778990107e-03
8.556511385199935468e-03
5.933669635958318048e-03
6.815710484184546621e-03
7.396769828821423906e-03
5.150531073607221740e-03
7.835462234002428181e-03
3.365648473688233333e-03
5.481276978846288082e-03
5.168275941218763471e-03
5.422239798306266283e-03
2.739390617224610365e-03
5.543165694666869238e-03
2.079268885388889810e-03
1.288475525161728204e-03
8.559963656043776889e-03
6.038875832263457775e-03
5.030817982120538469e-03
3.445095785717751293e-03
1.825494082237263211e-03
4.903505877080270234e-03
8.186616412812680599e-03
2.638375907853657797e-03
6.809131716954617587e-03
1.464213853524039873e-03
1.989203727559589116e-03
4.879673452637672305e-03
1.710969180877810894e-03
