2.016261670474372644e-02
9.018379704001400557e-03
7.588062122492951998e-03
9.979041565569961650e-03
6.058941632891145720e-03
4.393219903244014596e-03
1.075773747912657681e-02
4.019855168391513536e-03
6.749288323354188032e-03
4.301560039413834455e-03
3.055732934960068373e-03
3.708573861016627084e-03
3.947278069220579166e-03
5.563123070438978114e-03
1.411015071283440794e-03
2.190405495786603048e-03
8.959034137971049567e-04
6.738736876029673660e-04
2.579495376890505141e-03
1.038957297568284498e-02
3.441263043391715095e-03
2.793051684946616306e-03
1.632489385693010287e-03
1.215963425240114632e-03
1.628029814657747315e-03
1.901656074007392928e-03
1.654628743335355293e-03
2.322307119678442954e-03
5.592789517628401000e-03
5.782348350438509463e-03
2.919285365451591927e-03
8.150126232120642527e-04
9.820997966451720882e-04
6.215279798495058688e-04
6.609922265527757830e-04
6.145891121762649340e-04
5.861831296198672433e-04
5.850521783810622763e-04
5.700721684560719265e-04
5.638677202632329678e-04
5.655783151208589434e-04
5.579254851877242212e-04
5.474431520213523172e-04
5.402632094316839372e-04
5.369963245647888699e-04
8.486959366343638234e-03
1.091177573791660832e-02
3.594756570914243131e-03
4.341603033436423204e-03
3.248036437822555706e-03
