9.183673262596130371e-01
9.527027010917663574e-01
9.407894611358642578e-01
9.333333373069763184e-01
9.727891087532043457e-01
9.536423683166503906e-01
9.072847962379455566e-01
9.733333587646484375e-01
9.470198750495910645e-01
9.671052694320678711e-01
9.738562107086181641e-01
9.733333587646484375e-01
9.533333182334899902e-01
9.477124214172363281e-01
9.868420958518981934e-01
9.867549538612365723e-01
9.934640526771545410e-01
1.000000000000000000e+00
9.933333396911621094e-01
9.215686321258544922e-01
9.673202633857727051e-01
9.800000190734863281e-01
9.933775067329406738e-01
9.934210777282714844e-01
9.869281053543090820e-01
9.867549538612365723e-01
9.869281053543090820e-01
9.800000190734863281e-01
9.602649211883544922e-01
9.539473652839660645e-01
9.671052694320678711e-01
1.000000000000000000e+00
1.000000000000000000e+00
1.000000000000000000e+00
9.934640526771545410e-01
1.000000000000000000e+00
1.000000000000000000e+00
1.000000000000000000e+00
1.000000000000000000e+00
1.000000000000000000e+00
1.000000000000000000e+00
1.000000000000000000e+00
1.000000000000000000e+00
1.000000000000000000e+00
1.000000000000000000e+00
9.602649211883544922e-01
8.967741727828979492e-01
9.798657894134521484e-01
9.671052694320678711e-01
9.738562107086181641e-01
