6.206314849055003663e-02
4.396250257088864244e-02
3.304632938301516748e-02
2.956896469076031320e-02
1.959877916733503839e-02
2.061744972461878114e-02
1.632434555460761730e-02
1.278353800600161121e-02
1.181587330058472482e-02
1.236493450561553138e-02
1.407839101939524669e-02
1.463993178570628662e-02
1.958287629204512326e-02
1.690148211381523741e-02
1.390790797683176191e-02
1.345740156328330620e-02
1.604601179650684203e-02
1.018033746852535851e-02
4.134254665428238086e-03
6.645230992916455887e-03
1.000360529102054669e-02
1.943858144257810602e-02
1.243336014929725779e-02
1.147678321365733396e-02
8.735963705221854239e-03
4.074122871929240081e-03
4.794118698251697772e-03
2.934135362242376328e-03
1.598196962227501749e-03
1.222648105830197521e-02
2.969810012300351520e-02
1.014611853158394958e-02
4.345208841258084605e-03
4.244374079636157454e-03
4.883204290286611085e-03
6.147583528081664202e-03
1.162393850833348674e-02
7.118134160867496327e-03
6.055792750363518662e-03
4.288544254914980654e-03
5.985332715397709280e-03
1.092696144417820356e-02
2.868057014195245918e-02
7.825893774322320237e-03
3.386558365629988975e-03
1.429676691042274135e-03
1.163698360845067054e-03
1.042957143313539593e-03
1.873268566311281922e-03
3.661059456177771093e-02
