2.109584796036415716e-02
1.531809205527879039e-02
1.375205710217679289e-02
1.550638131526848457e-02
7.880935889570804542e-03
1.324659909637773171e-02
8.332502634670767641e-03
7.551678419091550562e-03
7.529431870113553749e-03
4.128399245802541126e-03
9.435681152346199474e-03
8.397289827661927331e-03
1.064071065160299666e-02
6.569698104513873801e-03
5.079097070656313564e-03
3.484544370086447174e-03
6.535869227882189388e-03
3.824418274705908196e-03
3.361407885823488196e-03
5.971210208135870751e-03
5.285231238724454744e-03
4.416868997732723706e-03
8.382314987453990188e-03
4.807062510455751420e-03
3.890297701906438813e-03
3.693545320646063855e-03
1.331727460083643273e-03
7.959433950120777326e-03
1.216630112543293056e-02
5.313824137459579287e-03
4.734245072027462760e-03
5.752888480590315212e-03
4.263088801369353635e-03
2.753646589533986951e-03
3.904173431658003977e-03
4.947521131736357797e-03
3.422807175424800053e-03
6.485100354144330767e-03
6.021229769117634502e-03
3.388479706735478963e-03
2.148821930241124993e-03
2.653361455345064086e-03
5.896004728795723251e-03
7.265001109189714659e-03
4.943941229409110072e-03
4.457421614954137565e-03
1.200446987121991981e-03
1.060003136361719342e-03
9.830486013990525577e-04
9.800435433453072182e-04
