4.545454680919647217e-02
2.947368323802947998e-01
4.000000059604644775e-01
4.893617033958435059e-01
5.510203838348388672e-01
5.094339847564697266e-01
6.363636255264282227e-01
6.100000143051147461e-01
5.673077106475830078e-01
5.754716992378234863e-01
5.714285969734191895e-01
6.875000000000000000e-01
6.160714030265808105e-01
6.534653306007385254e-01
6.880733966827392578e-01
7.019230723381042480e-01
7.247706651687622070e-01
6.756756901741027832e-01
6.788991093635559082e-01
7.714285850524902344e-01
7.735849022865295410e-01
7.663551568984985352e-01
7.864077687263488770e-01
7.962962985038757324e-01
7.333333492279052734e-01
6.696428656578063965e-01
7.431192398071289062e-01
8.440366983413696289e-01
8.125000000000000000e-01
7.589285969734191895e-01
8.571428656578063965e-01
8.224298954010009766e-01
8.181818127632141113e-01
8.130841255187988281e-01
8.660714030265808105e-01
8.018018007278442383e-01
8.807339668273925781e-01
8.086956739425659180e-01
7.981651425361633301e-01
8.165137767791748047e-01
8.660714030265808105e-01
8.928571343421936035e-01
8.672566413879394531e-01
9.107142686843872070e-01
8.260869383811950684e-01
8.318583965301513672e-01
9.099099040031433105e-01
9.464285969734191895e-01
8.495575189590454102e-01
8.947368264198303223e-01
8.918918967247009277e-01
8.803418874740600586e-01
8.965517282485961914e-01
9.298245906829833984e-01
9.380530714988708496e-01
9.310345053672790527e-01
9.145299196243286133e-01
9.572649598121643066e-01
9.152542352676391602e-01
8.983050584793090820e-01
8.956521749496459961e-01
9.279279112815856934e-01
9.210526347160339355e-01
8.695651888847351074e-01
9.152542352676391602e-01
8.956521749496459961e-01
9.130434989929199219e-01
9.568965435028076172e-01
9.130434989929199219e-01
9.913793206214904785e-01
9.827586412429809570e-01
9.478260874748229980e-01
9.137930870056152344e-01
9.298245906829833984e-01
9.043478369712829590e-01
9.734513163566589355e-01
9.739130139350891113e-01
1.000000000000000000e+00
9.385964870452880859e-01
9.473684430122375488e-01
9.912280440330505371e-01
9.739130139350891113e-01
7.863247990608215332e-01
9.565217494964599609e-01
9.736841917037963867e-01
9.482758641242980957e-01
9.576271176338195801e-01
1.000000000000000000e+00
1.000000000000000000e+00
1.000000000000000000e+00
1.000000000000000000e+00
9.649122953414916992e-01
8.333333134651184082e-01
9.310345053672790527e-01
9.736841917037963867e-01
9.745762944221496582e-01
9.310345053672790527e-01
9.827586412429809570e-01
9.739130139350891113e-01
9.826086759567260742e-01
9.568965435028076172e-01
9.655172228813171387e-01
9.914529919624328613e-01
9.739130139350891113e-01
9.122806787490844727e-01
9.557521939277648926e-01
9.739130139350891113e-01
9.655172228813171387e-01
9.482758641242980957e-01
1.000000000000000000e+00
1.000000000000000000e+00
1.000000000000000000e+00
1.000000000000000000e+00
1.000000000000000000e+00
1.000000000000000000e+00
1.000000000000000000e+00
1.000000000000000000e+00
1.000000000000000000e+00
1.000000000000000000e+00
1.000000000000000000e+00
8.559321761131286621e-01
8.672566413879394531e-01
9.661017060279846191e-01
9.473684430122375488e-01
9.652174115180969238e-01
9.568965435028076172e-01
9.568965435028076172e-01
9.739130139350891113e-01
9.482758641242980957e-01
9.482758641242980957e-01
9.568965435028076172e-01
9.829059839248657227e-01
9.652174115180969238e-01
9.576271176338195801e-01
9.741379022598266602e-01
9.914529919624328613e-01
9.829059839248657227e-01
9.478260874748229980e-01
9.391304254531860352e-01
9.304347634315490723e-01
9.913793206214904785e-01
1.000000000000000000e+00
1.000000000000000000e+00
1.000000000000000000e+00
1.000000000000000000e+00
1.000000000000000000e+00
1.000000000000000000e+00
1.000000000000000000e+00
1.000000000000000000e+00
1.000000000000000000e+00
