3.129775838240717589e-01
1.995538153501115741e-01
1.740720867638667346e-01
1.599897529640211813e-01
1.444659347588747866e-01
1.446068021706240214e-01
1.270678355205810683e-01
1.156560449062700030e-01
1.205586312087299355e-01
1.190291193877334036e-01
1.204264641403421099e-01
1.096078030383658697e-01
1.066144194720019672e-01
1.045796803683210069e-01
9.771345477808912605e-02
9.090063568001761907e-02
9.138387293643625287e-02
8.832420270326274414e-02
8.991358838834594136e-02
8.740387705010170538e-02
8.327644058329354559e-02
9.243109439505099723e-02
8.884627420196003489e-02
8.259280436589767904e-02
8.057486226501864301e-02
7.586407994856608772e-02
7.059040699883818715e-02
7.173263711436686507e-02
7.116203655489646007e-02
6.884911138333302261e-02
6.573558692317263419e-02
6.738446436535414086e-02
6.207461624498677999e-02
6.255260740235620009e-02
6.184385565802404811e-02
5.763355320100857493e-02
5.662219527805467667e-02
6.085191651093188603e-02
5.066340539577400548e-02
5.024325689090593239e-02
5.075944452157811482e-02
5.746861417624915536e-02
4.511380583262736277e-02
4.354029019210303719e-02
3.945140203113148974e-02
3.809058420966061898e-02
4.641211718051355822e-02
3.713612048123064030e-02
3.829820479842153264e-02
3.468367877593594301e-02
3.389004756376502031e-02
3.742253366042062879e-02
3.454954967780481112e-02
2.933498032987148091e-02
3.112800623504063252e-02
3.423577492337822464e-02
3.223987568873629139e-02
2.691974340453386072e-02
2.713384634450792185e-02
2.348906835896072756e-02
2.476621537298136222e-02
2.047052182815950125e-02
2.800235717727800680e-02
2.217315561263227819e-02
2.044484047370460217e-02
1.885486575468911866e-02
3.044562724783302435e-02
2.694845556838568537e-02
1.450701225167394526e-02
1.504646985045766244e-02
1.574991725946056978e-02
2.320624718198380926e-02
2.060901984127827199e-02
1.293330734398296343e-02
1.628644534609271707e-02
2.155795781096192174e-02
1.584894257339553719e-02
1.276787890150269181e-02
1.471423584313347015e-02
1.384713308297800399e-02
1.103174917701918445e-02
1.306681549955927141e-02
8.279929272514557903e-03
1.312130937110882016e-02
2.153039056240798124e-02
1.241669533681952382e-02
1.105600078674430151e-02
1.348294076945888084e-02
2.075797211692076774e-02
1.250771325116510277e-02
1.283490444783129403e-02
1.057649158737633197e-02
1.008374889253621509e-02
8.410576348521955556e-03
9.287826185840460103e-03
7.753254286749789934e-03
6.441748550541784649e-03
9.107385675488601645e-03
1.470295158951398853e-02
1.323501404508631643e-02
6.815916290299273324e-03
6.626149532052589067e-03
9.748223572748668242e-03
7.750520195064607154e-03
1.261608764381541223e-02
1.591403359437634085e-02
5.910558513696554696e-03
7.764653710486076055e-03
2.464098527235239477e-02
1.012692519686651804e-02
1.139537458091744414e-02
1.515862783220602028e-02
7.958424613800894193e-03
1.766634973855994717e-02
7.874322185548152803e-03
7.447535114700080082e-03
3.993113050974305897e-03
3.678956475108195994e-03
2.249694855496324822e-03
4.668333269628584421e-03
2.895859032153742102e-03
5.081687226211700943e-03
1.454145065135283195e-02
4.675739122809400607e-03
2.464314797780926478e-02
2.199672486618693343e-02
8.702551109880541508e-03
5.549906563422786140e-03
5.636625864205776527e-03
1.570637019242072246e-02
1.391386481183156179e-02
2.426363480028708580e-03
1.939999463853217098e-03
2.327517075627327185e-03
1.740156424137048697e-03
1.784870423839223950e-03
1.843709573760127099e-03
1.650054418689618756e-03
1.610036274184428870e-03
1.567782243852478561e-03
1.540196638004695485e-03
1.504936010515502218e-03
1.479083879374913993e-03
1.455673181256876038e-03
1.453623405668271352e-03
1.413109434842401086e-03
1.384473815224429192e-03
1.357196670107804499e-03
1.334037419069412575e-03
1.310698830650015032e-03
