2.252559661865234375e-01
4.489795863628387451e-01
5.202702879905700684e-01
5.442177057266235352e-01
6.159169673919677734e-01
5.918367505073547363e-01
6.140350699424743652e-01
6.655629277229309082e-01
6.950354576110839844e-01
6.726618409156799316e-01
6.290322542190551758e-01
7.060931921005249023e-01
6.955017447471618652e-01
6.678200960159301758e-01
7.319587469100952148e-01
7.446808218955993652e-01
7.370242476463317871e-01
7.344827651977539062e-01
7.431507110595703125e-01
7.422680258750915527e-01
7.599999904632568359e-01
7.809187173843383789e-01
7.559322118759155273e-01
7.904411554336547852e-01
7.864406704902648926e-01
7.617449760437011719e-01
8.013698458671569824e-01
8.141891956329345703e-01
8.111888170242309570e-01
8.068965673446655273e-01
8.184931278228759766e-01
8.054607510566711426e-01
8.487972617149353027e-01
8.498293757438659668e-01
8.338870406150817871e-01
8.620689511299133301e-01
8.360655903816223145e-01
8.422818779945373535e-01
8.829431533813476562e-01
8.766233921051025391e-01
9.044368863105773926e-01
8.441558480262756348e-01
8.856208920478820801e-01
8.957654833793640137e-01
9.049180150032043457e-01
8.942307829856872559e-01
8.848684430122375488e-01
9.213114976882934570e-01
9.108280539512634277e-01
9.050632715225219727e-01
9.028213024139404297e-01
9.044585824012756348e-01
9.076433181762695312e-01
9.113923907279968262e-01
9.265175461769104004e-01
9.034267663955688477e-01
8.968750238418579102e-01
9.318885207176208496e-01
9.371069073677062988e-01
9.179331064224243164e-01
9.442724585533142090e-01
9.475308656692504883e-01
9.247648715972900391e-01
9.323077201843261719e-01
9.305136203765869141e-01
9.420731663703918457e-01
9.027355909347534180e-01
9.146341681480407715e-01
9.606060385704040527e-01
9.578313231468200684e-01
9.667673707008361816e-01
9.300912022590637207e-01
9.251496791839599609e-01
9.667673707008361816e-01
9.361702203750610352e-01
9.154078364372253418e-01
9.578313231468200684e-01
9.643917083740234375e-01
9.492537379264831543e-01
9.611940383911132812e-01
9.616519212722778320e-01
9.643917083740234375e-01
9.792899489402770996e-01
9.611940383911132812e-01
9.359756112098693848e-01
9.470587968826293945e-01
9.789156913757324219e-01
9.473684430122375488e-01
9.255952239036560059e-01
9.698795080184936523e-01
9.497041702270507812e-01
9.702380895614624023e-01
9.705014824867248535e-01
9.766764044761657715e-01
9.761193990707397461e-01
9.823529124259948730e-01
9.853372573852539062e-01
9.705882072448730469e-01
9.613095521926879883e-01
9.464285969734191895e-01
9.824047088623046875e-01
9.881656765937805176e-01
9.705014824867248535e-01
9.910714030265808105e-01
9.641790986061096191e-01
9.528023600578308105e-01
9.882006049156188965e-01
9.794117808341979980e-01
9.255952239036560059e-01
9.730538725852966309e-01
9.677419066429138184e-01
9.494047760963439941e-01
9.733727574348449707e-01
9.497041702270507812e-01
9.793510437011718750e-01
9.823529124259948730e-01
9.883040785789489746e-01
9.912280440330505371e-01
1.000000000000000000e+00
9.853372573852539062e-01
9.941691160202026367e-01
9.911764860153198242e-01
9.582089781761169434e-01
9.853801131248474121e-01
9.369369149208068848e-01
9.258159995079040527e-01
9.793510437011718750e-01
9.824561476707458496e-01
9.767441749572753906e-01
9.526627063751220703e-01
9.646017551422119141e-01
9.970845580101013184e-01
9.970930218696594238e-01
1.000000000000000000e+00
1.000000000000000000e+00
1.000000000000000000e+00
1.000000000000000000e+00
1.000000000000000000e+00
1.000000000000000000e+00
1.000000000000000000e+00
1.000000000000000000e+00
1.000000000000000000e+00
1.000000000000000000e+00
1.000000000000000000e+00
1.000000000000000000e+00
1.000000000000000000e+00
1.000000000000000000e+00
1.000000000000000000e+00
1.000000000000000000e+00
1.000000000000000000e+00
