1.240310072898864746e-01
2.713178396224975586e-01
3.720930218696594238e-01
4.651162922382354736e-01
5.116279125213623047e-01
5.193798542022705078e-01
5.038759708404541016e-01
5.426356792449951172e-01
5.348837375640869141e-01
5.038759708404541016e-01
5.813953280448913574e-01
5.581395626068115234e-01
5.968992114067077637e-01
5.968992114067077637e-01
6.046511530876159668e-01
6.046511530876159668e-01
6.899224519729614258e-01
7.209302186965942383e-01
6.666666865348815918e-01
6.899224519729614258e-01
7.209302186965942383e-01
6.821705698966979980e-01
6.976743936538696289e-01
7.131782770156860352e-01
7.131782770156860352e-01
6.666666865348815918e-01
7.674418687820434570e-01
7.054263353347778320e-01
7.286821603775024414e-01
7.286821603775024414e-01
7.984496355056762695e-01
7.751938104629516602e-01
7.596899271011352539e-01
7.519379854202270508e-01
7.751938104629516602e-01
7.751938104629516602e-01
8.449612259864807129e-01
7.906976938247680664e-01
8.449612259864807129e-01
8.139534592628479004e-01
8.449612259864807129e-01
8.449612259864807129e-01
8.527131676673889160e-01
8.527131676673889160e-01
8.449612259864807129e-01
8.604651093482971191e-01
8.914728760719299316e-01
8.372092843055725098e-01
8.914728760719299316e-01
8.837209343910217285e-01
8.372092843055725098e-01
8.992248177528381348e-01
8.837209343910217285e-01
8.992248177528381348e-01
8.914728760719299316e-01
8.759689927101135254e-01
9.147287011146545410e-01
8.527131676673889160e-01
8.992248177528381348e-01
8.992248177528381348e-01
8.992248177528381348e-01
9.147287011146545410e-01
9.302325844764709473e-01
9.612402915954589844e-01
8.604651093482971191e-01
9.069767594337463379e-01
8.682170510292053223e-01
9.379844665527343750e-01
8.992248177528381348e-01
8.992248177528381348e-01
9.689922332763671875e-01
9.689922332763671875e-01
9.767441749572753906e-01
9.689922332763671875e-01
9.612402915954589844e-01
9.069767594337463379e-01
9.689922332763671875e-01
8.914728760719299316e-01
9.224806427955627441e-01
9.069767594337463379e-01
8.527131676673889160e-01
8.604651093482971191e-01
9.224806427955627441e-01
9.534883499145507812e-01
9.457364082336425781e-01
9.457364082336425781e-01
9.224806427955627441e-01
9.612402915954589844e-01
9.457364082336425781e-01
9.612402915954589844e-01
9.534883499145507812e-01
9.224806427955627441e-01
9.612402915954589844e-01
9.147287011146545410e-01
9.069767594337463379e-01
9.379844665527343750e-01
9.457364082336425781e-01
9.457364082336425781e-01
9.689922332763671875e-01
9.767441749572753906e-01
9.379844665527343750e-01
9.767441749572753906e-01
9.689922332763671875e-01
9.457364082336425781e-01
9.379844665527343750e-01
8.837209343910217285e-01
9.457364082336425781e-01
9.379844665527343750e-01
9.767441749572753906e-01
9.844961166381835938e-01
1.000000000000000000e+00
1.000000000000000000e+00
9.922480583190917969e-01
9.069767594337463379e-01
9.534883499145507812e-01
9.612402915954589844e-01
9.534883499145507812e-01
9.922480583190917969e-01
9.612402915954589844e-01
1.000000000000000000e+00
9.767441749572753906e-01
9.612402915954589844e-01
9.302325844764709473e-01
9.457364082336425781e-01
9.767441749572753906e-01
9.767441749572753906e-01
9.844961166381835938e-01
9.457364082336425781e-01
9.922480583190917969e-01
9.612402915954589844e-01
9.534883499145507812e-01
9.689922332763671875e-01
9.379844665527343750e-01
9.767441749572753906e-01
9.844961166381835938e-01
1.000000000000000000e+00
9.922480583190917969e-01
9.612402915954589844e-01
9.457364082336425781e-01
8.837209343910217285e-01
8.449612259864807129e-01
9.302325844764709473e-01
9.689922332763671875e-01
9.612402915954589844e-01
9.844961166381835938e-01
9.767441749572753906e-01
1.000000000000000000e+00
9.689922332763671875e-01
9.689922332763671875e-01
9.922480583190917969e-01
