4.312491091928407072e-01
2.445886594575358008e-01
1.976373545331415182e-01
1.959065964967514895e-01
1.805594518234114043e-01
1.675884497489068814e-01
1.708469700623584109e-01
1.572958324646954731e-01
1.464876409742230934e-01
1.511240645267143135e-01
1.323585008978356570e-01
1.360637154108512992e-01
1.241485727851013438e-01
1.306079919904369890e-01
1.144319592087340298e-01
1.236760641942170891e-01
1.215394249758206813e-01
1.175437278054404094e-01
1.074183265062619436e-01
1.099567973185598957e-01
1.069721565433885690e-01
1.001104159040666353e-01
1.015807705136501093e-01
1.061763586172887464e-01
1.077418383795174656e-01
1.021191393023030830e-01
9.261582520792015216e-02
9.480815449326276956e-02
9.204880119929143012e-02
9.099788301639297194e-02
9.298184300356333865e-02
9.871892937161869108e-02
9.055891234659498024e-02
8.562859599888203443e-02
8.561103989005612591e-02
8.651346571669644991e-02
9.291034049336507894e-02
8.609731131663109216e-02
8.630676379710316981e-02
7.879653100590058856e-02
7.515457518401806591e-02
7.635125054496233465e-02
7.166147563057241598e-02
7.804989011072691052e-02
7.409509369359143505e-02
6.470210722801669756e-02
6.587739306011689000e-02
6.312509592330570185e-02
7.924547206366452934e-02
7.294348271053024968e-02
6.868989948406731272e-02
6.086152400263814682e-02
6.647767699189896518e-02
6.005624851632128391e-02
5.622387180947771568e-02
5.372443789113977297e-02
5.729127987792757837e-02
5.754773579941343392e-02
5.490325407545754155e-02
4.675834095580373023e-02
5.202584088030797610e-02
5.391316996382792409e-02
5.066933862132626254e-02
4.902784821722107333e-02
4.332197915267455013e-02
4.273928092630669556e-02
4.458413305868894755e-02
4.526791286229314010e-02
4.022171748991432844e-02
5.183805751781657423e-02
4.801291278974051391e-02
3.992801467098521656e-02
3.725290112102239842e-02
4.713309547814703571e-02
3.239677982176256132e-02
3.107324303488954303e-02
3.487151020041029392e-02
3.277627089951247463e-02
3.878503081564720761e-02
4.246647678497583733e-02
2.926143495746804171e-02
2.615429095781542437e-02
2.780826756038107250e-02
3.213851971153439818e-02
3.081050279123084823e-02
3.170457847634886028e-02
3.427294670813804678e-02
4.037156814898291979e-02
2.344690171614041002e-02
2.737110748900764903e-02
2.529480208586541712e-02
2.821553456712648511e-02
2.691929343165937183e-02
2.036755636396843719e-02
2.994493795519794985e-02
2.362202931520656149e-02
1.849831997405399289e-02
1.585780327864272019e-02
2.204664614158824767e-02
1.951746373879168980e-02
1.949341467412210940e-02
2.097604202307000107e-02
2.252995431300622298e-02
2.045376940342139363e-02
1.761229922518223884e-02
2.398164043887380734e-02
1.502099747081914530e-02
2.052593865788977442e-02
1.690776077599396091e-02
1.205539386025279193e-02
1.962187224920088069e-02
2.028638299311359694e-02
3.532101802624586229e-02
1.369332756045522556e-02
8.629017435153180093e-03
7.382026864274730642e-03
7.766900269457956141e-03
1.524758874712285606e-02
1.625768842373153181e-02
1.463579150294835353e-02
1.399495636511324109e-02
7.800169590457321084e-03
1.253953968745520099e-02
1.892650560159005874e-02
1.897977101286834820e-02
1.752849451843940462e-02
1.226057807047632210e-02
1.049669671740812577e-02
6.313221321298589234e-03
1.161881740799449066e-02
1.723851319873969876e-02
8.682689765858201889e-03
1.583839131455822349e-02
1.404168489006581838e-02
1.458206417989105740e-02
6.935575927711058394e-03
1.152652121594633858e-02
9.170455294198274349e-03
1.471231772702903326e-02
7.792141630996676609e-03
5.405383292760038150e-03
6.685869212354066289e-03
3.676099698861928344e-03
5.717262176114883826e-03
1.650284949207028035e-02
1.580095200165550565e-02
5.886975820272889563e-03
1.256109795023923996e-02
1.073690981111139267e-02
7.548315783939198165e-03
