1.487889289855957031e-01
3.581081032752990723e-01
4.255319237709045410e-01
4.564459919929504395e-01
4.929077923297882080e-01
5.232974886894226074e-01
4.802867472171783447e-01
5.437262654304504395e-01
5.757575631141662598e-01
5.542635917663574219e-01
5.830258131027221680e-01
5.539568066596984863e-01
5.977011322975158691e-01
6.115384697914123535e-01
6.479400992393493652e-01
6.130267977714538574e-01
6.507936716079711914e-01
6.447876691818237305e-01
6.851851940155029297e-01
6.515151262283325195e-01
6.486486196517944336e-01
7.354085445404052734e-01
6.943396329879760742e-01
6.641790866851806641e-01
6.741573214530944824e-01
6.940298676490783691e-01
7.394636273384094238e-01
7.237353920936584473e-01
7.546468377113342285e-01
7.396226525306701660e-01
7.132075428962707520e-01
7.228464484214782715e-01
7.358490824699401855e-01
7.599999904632568359e-01
7.272727489471435547e-01
7.554744482040405273e-01
7.080292105674743652e-01
7.443609237670898438e-01
7.153284549713134766e-01
7.490636706352233887e-01
8.022388219833374023e-01
7.473309636116027832e-01
7.940074801445007324e-01
7.625899314880371094e-01
7.534722089767456055e-01
8.241758346557617188e-01
8.321167826652526855e-01
8.100358247756958008e-01
7.617328763008117676e-01
7.890909314155578613e-01
8.358209133148193359e-01
8.162544369697570801e-01
7.978339195251464844e-01
8.411552309989929199e-01
8.606271743774414062e-01
8.601398468017578125e-01
8.445229530334472656e-01
8.450704216957092285e-01
8.450704216957092285e-01
8.634812235832214355e-01
8.417508602142333984e-01
8.448275923728942871e-01
8.523489832878112793e-01
8.504983186721801758e-01
8.627451062202453613e-01
8.851351141929626465e-01
8.797250986099243164e-01
8.869863152503967285e-01
9.003322124481201172e-01
8.581081032752990723e-01
8.662207126617431641e-01
8.877550959587097168e-01
8.852459192276000977e-01
8.627451062202453613e-01
9.158576130867004395e-01
9.344262480735778809e-01
9.108911156654357910e-01
9.278688430786132812e-01
8.774193525314331055e-01
8.799999952316284180e-01
9.322580695152282715e-01
9.413681030273437500e-01
9.203821420669555664e-01
8.990536332130432129e-01
9.198718070983886719e-01
9.041533470153808594e-01
9.084967374801635742e-01
8.539682626724243164e-01
9.363057613372802734e-01
9.331210255622863770e-01
9.322580695152282715e-01
9.283387660980224609e-01
9.174603223800659180e-01
9.382715821266174316e-01
9.034267663955688477e-01
9.285714030265808105e-01
9.714285731315612793e-01
9.664633870124816895e-01
9.376947283744812012e-01
9.446153640747070312e-01
9.287925958633422852e-01
9.361702203750610352e-01
9.345794320106506348e-01
9.415384531021118164e-01
9.592476487159729004e-01
9.066265225410461426e-01
9.602446556091308594e-01
9.325153231620788574e-01
9.563862681388854980e-01
9.666666388511657715e-01
9.478527903556823730e-01
9.214501380920410156e-01
8.742138147354125977e-01
9.663608670234680176e-01
9.969325065612792969e-01
9.762611389160156250e-01
9.820895791053771973e-01
9.636363387107849121e-01
9.628483057022094727e-01
9.483282566070556641e-01
9.410029649734497070e-01
9.759759902954101562e-01
9.550898075103759766e-01
9.539877176284790039e-01
9.439252614974975586e-01
9.365558624267578125e-01
9.522387981414794922e-01
9.790419340133666992e-01
9.939576983451843262e-01
9.523809552192687988e-01
9.464285969734191895e-01
9.820359349250793457e-01
9.545454382896423340e-01
9.491018056869506836e-01
9.575757384300231934e-01
9.791666865348815918e-01
9.550898075103759766e-01
9.675516486167907715e-01
9.607250690460205078e-01
9.820359349250793457e-01
9.824047088623046875e-01
9.879879951477050781e-01
9.970326423645019531e-01
9.822485446929931641e-01
9.456193447113037109e-01
9.513677954673767090e-01
9.761904478073120117e-01
9.550898075103759766e-01
9.587020874023437500e-01
9.848942756652832031e-01
