1.264705955982208252e-01
3.117647171020507812e-01
3.529411852359771729e-01
3.852941095829010010e-01
4.088235199451446533e-01
4.294117689132690430e-01
3.941176533699035645e-01
4.205882251262664795e-01
4.470588266849517822e-01
4.205882251262664795e-01
4.647058844566345215e-01
4.529411792755126953e-01
4.588235318660736084e-01
4.676470458507537842e-01
5.088235139846801758e-01
4.705882370471954346e-01
4.823529422283172607e-01
4.911764562129974365e-01
5.441176295280456543e-01
5.058823823928833008e-01
4.941176474094390869e-01
5.558823347091674805e-01
5.411764979362487793e-01
5.235294103622436523e-01
5.294117927551269531e-01
5.470588207244873047e-01
5.676470398902893066e-01
5.470588207244873047e-01
5.970588326454162598e-01
5.764706134796142578e-01
5.558823347091674805e-01
5.676470398902893066e-01
5.735294222831726074e-01
6.147058606147766113e-01
5.882353186607360840e-01
6.088235378265380859e-01
5.705882310867309570e-01
5.823529362678527832e-01
5.764706134796142578e-01
5.882353186607360840e-01
6.323529481887817383e-01
6.176470518112182617e-01
6.235294342041015625e-01
6.235294342041015625e-01
6.382352709770202637e-01
6.617646813392639160e-01
6.705882549285888672e-01
6.647058725357055664e-01
6.205882430076599121e-01
6.382352709770202637e-01
6.588235497474670410e-01
6.794117689132690430e-01
6.499999761581420898e-01
6.852940917015075684e-01
7.264705896377563477e-01
7.235293984413146973e-01
7.029411792755126953e-01
7.058823704719543457e-01
7.058823704719543457e-01
7.441176176071166992e-01
7.352941036224365234e-01
7.205882072448730469e-01
7.470588088035583496e-01
7.529411911964416504e-01
7.764706015586853027e-01
7.705882191658020020e-01
7.529411911964416504e-01
7.617647051811218262e-01
7.970588207244873047e-01
7.470588088035583496e-01
7.617647051811218262e-01
7.676470875740051270e-01
7.941176295280456543e-01
7.764706015586853027e-01
8.323529362678527832e-01
8.382353186607360840e-01
8.117647171020507812e-01
8.323529362678527832e-01
8.000000119209289551e-01
7.764706015586853027e-01
8.500000238418579102e-01
8.500000238418579102e-01
8.500000238418579102e-01
8.382353186607360840e-01
8.441176414489746094e-01
8.323529362678527832e-01
8.176470398902893066e-01
7.911764979362487793e-01
8.647058606147766113e-01
8.617647290229797363e-01
8.500000238418579102e-01
8.382353186607360840e-01
8.500000238418579102e-01
8.941176533699035645e-01
8.529411554336547852e-01
8.794117569923400879e-01
8.999999761581420898e-01
9.323529601097106934e-01
8.852941393852233887e-01
9.029411673545837402e-01
8.823529481887817383e-01
9.058823585510253906e-01
8.823529481887817383e-01
8.999999761581420898e-01
8.999999761581420898e-01
8.852941393852233887e-01
9.235293865203857422e-01
8.941176533699035645e-01
9.029411673545837402e-01
9.382352828979492188e-01
9.088235497474670410e-01
8.970588445663452148e-01
8.176470398902893066e-01
9.294117689132690430e-01
9.558823704719543457e-01
9.676470756530761719e-01
9.676470756530761719e-01
9.352940917015075684e-01
9.147058725357055664e-01
9.176470637321472168e-01
9.382352828979492188e-01
9.558823704719543457e-01
9.382352828979492188e-01
9.147058725357055664e-01
8.911764621734619141e-01
9.117646813392639160e-01
9.382352828979492188e-01
9.617646932601928711e-01
9.676470756530761719e-01
9.411764740943908691e-01
9.352940917015075684e-01
9.647058844566345215e-01
9.264705777168273926e-01
9.323529601097106934e-01
9.294117689132690430e-01
9.676470756530761719e-01
9.382352828979492188e-01
9.647058844566345215e-01
9.352940917015075684e-01
9.647058844566345215e-01
9.852941036224365234e-01
9.676470756530761719e-01
9.882352948188781738e-01
9.764705896377563477e-01
9.205882549285888672e-01
9.205882549285888672e-01
9.647058844566345215e-01
9.382352828979492188e-01
9.558823704719543457e-01
9.588235020637512207e-01
