4.334880207919000056e-02
2.774483196005339547e-02
1.931074937433778504e-02
1.567989160417654002e-02
1.614009107730720802e-02
1.373486971283757220e-02
7.869659456363975458e-03
9.724126840195414581e-03
1.323845188488819227e-02
1.153886386968931525e-02
2.585231502475984072e-02
7.468304556674986751e-03
4.042112244257934674e-03
2.224363089131671696e-03
1.591828216824156062e-03
1.722098586356928104e-03
7.191018662579960925e-03
9.872675961251072690e-03
2.675014767785844749e-03
1.545555558022619451e-02
1.364735688573815234e-02
5.559090952307695413e-03
2.812258433254040055e-03
9.025080864681594983e-03
1.390888206914910746e-02
4.233406391014233466e-03
2.272256477823834161e-03
1.033034762480200238e-03
1.028303823732978472e-03
1.083690806038106486e-03
9.045545284250192499e-04
8.623273708531442811e-04
8.624700762073316245e-04
8.565251916400533436e-04
8.223410100588377479e-04
8.090412633554682192e-04
7.922541083847973878e-04
7.884758180931815928e-04
7.604701045721211057e-04
7.581931163682807846e-04
7.304496303285741522e-04
7.098986950893072237e-04
6.999555875886452096e-04
2.689212652844742701e-02
5.158333999372301248e-02
1.103316472401099854e-02
9.283117562096283165e-03
6.277774366085225356e-03
4.596275104096252812e-03
6.980153036407350450e-03
