9.050772786140441895e-01
9.334811568260192871e-01
9.465478658676147461e-01
9.533333182334899902e-01
9.472527503967285156e-01
9.602649211883544922e-01
9.781181812286376953e-01
9.759299755096435547e-01
9.580574035644531250e-01
9.541484713554382324e-01
9.369369149208068848e-01
9.650654792785644531e-01
9.912663698196411133e-01
9.978213310241699219e-01
9.978355169296264648e-01
9.978308081626892090e-01
9.696969985961914062e-01
9.758241772651672363e-01
9.934640526771545410e-01
9.627193212509155273e-01
9.604395627975463867e-01
9.783080220222473145e-01
9.912853837013244629e-01
9.716157317161560059e-01
9.584245085716247559e-01
9.890590906143188477e-01
9.956616163253784180e-01
1.000000000000000000e+00
1.000000000000000000e+00
1.000000000000000000e+00
1.000000000000000000e+00
1.000000000000000000e+00
1.000000000000000000e+00
1.000000000000000000e+00
1.000000000000000000e+00
1.000000000000000000e+00
1.000000000000000000e+00
1.000000000000000000e+00
1.000000000000000000e+00
1.000000000000000000e+00
1.000000000000000000e+00
1.000000000000000000e+00
1.000000000000000000e+00
9.428571462631225586e-01
8.438913822174072266e-01
9.522776603698730469e-01
9.757709503173828125e-01
9.846827387809753418e-01
9.869565367698669434e-01
9.719222187995910645e-01
