19
[0.01052052881791033, 0.80714287, 0.8181818]

21
[0.02302743870746847, 0.89736844, 0.8181818]

23
[0.029518562820637844, 0.9, 0.8181818]

25
[0.01513627482663947, 0.9047619, 0.8636364]

27
[0.03196002567521138, 0.77272725, 0.77272725]

29
[0.017231933287929897, 0.9, 0.8181818]

31
[0.013368096441189442, 0.9047619, 0.8636364]

33
[0.0608407074876592, 0.8333333, 0.45454547]

vote:
precision= 0.7037037037037037
recall= 0.8131313131313136
f1= 0.7509102040816326

probability:
precision= 1.0
recall= 0.7272727272727273
f1= 0.8372948717948718

