1.444373110643093136e-02
1.303613025980316503e-02
9.501382557965875816e-03
2.322532297169669930e-03
6.162233699528372327e-03
6.840717149102499943e-03
3.709115197018439999e-03
1.970846477675569294e-03
6.003909670088399680e-03
3.028899441537651321e-03
7.254582741719145175e-03
2.373396643085948481e-03
1.613572624460516683e-03
7.256467079103413875e-03
7.583731511169835432e-03
2.420740356434378758e-03
1.881830857318306759e-03
5.756218052611089542e-03
1.684660868863636354e-03
5.830680050450317078e-03
6.643277307500888851e-03
2.423577526802512747e-03
7.283123408149631134e-03
4.718169238099976723e-03
1.896110039178429060e-03
5.942914421694988486e-03
1.221006972276247752e-03
7.488371523717319038e-04
6.751753165197903845e-04
6.733485165304934445e-04
6.716770864735023766e-04
6.494016198575358221e-04
6.531592047386511075e-04
6.348621697119694474e-04
6.250407157267018560e-04
6.596341819919455821e-04
1.506077381872268812e-02
5.386888992750105479e-03
1.094661080797058178e-02
5.419745930554799133e-03
1.649518387940656803e-03
1.417157696239500350e-03
8.056800077256601970e-04
2.956171215375725560e-03
1.456688517003773163e-03
1.411354707569108637e-03
5.643049603269045420e-04
5.590163832778875797e-04
5.625845791576812105e-04
5.508544045854835321e-04
