2.702855503208162480e-02
1.529680597475130757e-02
1.329200745375437240e-02
1.046999884637363210e-02
1.133032130224252698e-02
8.087767445264468572e-03
4.259271225996476978e-03
6.634410819477693476e-03
5.648330781908871001e-03
5.439038873787485281e-03
5.776181995167193467e-03
6.002196732401723044e-03
3.374157091359491177e-03
3.314773514677584430e-03
1.396231049699684854e-03
6.937363307697697826e-04
8.329899931566617450e-04
7.232587195002228081e-04
6.677491531552183588e-04
6.458534924500101840e-04
4.833966128176345710e-03
1.729679076684725869e-02
7.291045840370628459e-03
4.505948137151815150e-03
2.697874427089380633e-03
1.125998884859402780e-03
1.341019734720904711e-03
4.705566833980529169e-03
6.511328420856108898e-03
1.971137362553553995e-03
1.946220320346996350e-03
3.184416670192604347e-03
4.138730190805310107e-03
3.502745798764303215e-03
3.502987223055142440e-03
1.799216271730385772e-03
1.745400281791527645e-03
2.112647545703423904e-03
2.249602115841163770e-03
5.026519438560124106e-03
7.397282199931384632e-03
7.371783409424882260e-04
7.324669742271709173e-04
5.880450384496804361e-04
6.338427815711007197e-04
1.077215595689950565e-03
2.930823111726479999e-03
4.664034177746990799e-03
1.234044770786553186e-03
1.504772509357975210e-03
