8.859060406684875488e-01
8.926174640655517578e-01
9.256756901741027832e-01
9.337748289108276367e-01
9.090909361839294434e-01
9.589040875434875488e-01
9.599999785423278809e-01
9.668874144554138184e-01
9.470198750495910645e-01
9.666666388511657715e-01
9.536423683166503906e-01
9.726027250289916992e-01
9.801324605941772461e-01
9.602649211883544922e-01
1.000000000000000000e+00
1.000000000000000000e+00
1.000000000000000000e+00
1.000000000000000000e+00
1.000000000000000000e+00
1.000000000000000000e+00
9.605262875556945801e-01
8.823529481887817383e-01
9.597315192222595215e-01
9.599999785423278809e-01
9.736841917037963867e-01
1.000000000000000000e+00
9.867549538612365723e-01
9.801324605941772461e-01
9.536423683166503906e-01
9.933775067329406738e-01
9.867549538612365723e-01
9.801324605941772461e-01
9.605262875556945801e-01
9.607843160629272461e-01
9.673202633857727051e-01
9.866666793823242188e-01
9.868420958518981934e-01
9.740259647369384766e-01
9.800000190734863281e-01
9.668874144554138184e-01
9.480519294738769531e-01
1.000000000000000000e+00
1.000000000000000000e+00
1.000000000000000000e+00
1.000000000000000000e+00
9.934210777282714844e-01
9.866666793823242188e-01
9.736841917037963867e-01
9.934210777282714844e-01
9.933775067329406738e-01
