8.916666507720947266e-01
9.090909361839294434e-01
9.067796468734741211e-01
9.112903475761413574e-01
8.991596698760986328e-01
9.672130942344665527e-01
9.750000238418579102e-01
9.421487450599670410e-01
9.750000238418579102e-01
8.880000114440917969e-01
9.333333373069763184e-01
9.098360538482666016e-01
9.663865566253662109e-01
9.915966391563415527e-01
9.754098653793334961e-01
9.836065769195556641e-01
9.758064746856689453e-01
9.590163826942443848e-01
9.590163826942443848e-01
8.852459192276000977e-01
8.852459192276000977e-01
9.338843226432800293e-01
9.354838728904724121e-01
9.745762944221496582e-01
9.593495726585388184e-01
9.916666746139526367e-01
9.918699264526367188e-01
1.000000000000000000e+00
9.837398529052734375e-01
9.837398529052734375e-01
9.586777091026306152e-01
1.000000000000000000e+00
1.000000000000000000e+00
9.918699264526367188e-01
9.173553586006164551e-01
9.752066135406494141e-01
9.499999880790710449e-01
9.508196711540222168e-01
9.672130942344665527e-01
9.836065769195556641e-01
9.917355179786682129e-01
1.000000000000000000e+00
9.918032884597778320e-01
9.918032884597778320e-01
9.918699264526367188e-01
1.000000000000000000e+00
9.834710955619812012e-01
9.262295365333557129e-01
9.262295365333557129e-01
9.426229596138000488e-01
