7.848548506997546914e-01
3.188491394981153304e-01
2.586811648473391068e-01
2.359940546944390982e-01
2.205766015642734168e-01
2.089311490203253630e-01
2.028183862443399821e-01
2.048110722902452829e-01
1.802125078728498142e-01
1.878673913155066710e-01
1.821682763720451903e-01
1.757561045911189557e-01
1.602164063127659577e-01
1.567282682094876534e-01
1.495280954293832787e-01
1.539972536343463538e-01
1.491396472670907247e-01
1.451716336275430397e-01
1.375586396842184977e-01
1.349008699344546591e-01
1.341235900318431540e-01
1.251675617452700506e-01
1.223761953600075725e-01
1.255110527069862869e-01
1.189560001334523526e-01
1.176684837118491256e-01
1.156126430466523358e-01
1.151113345812938143e-01
1.142927257336127794e-01
1.080832886153010736e-01
1.076948771613497474e-01
1.084379504277438594e-01
1.026565890259176911e-01
1.025451766584415253e-01
1.008736994588723263e-01
9.953527785579466269e-02
1.005124278809121086e-01
9.865908558414351881e-02
9.466392824368399794e-02
9.545236661857728344e-02
9.490046777679196632e-02
9.143446350443337756e-02
8.869460059305395161e-02
8.719892225957777410e-02
9.047661342635650306e-02
8.785387838612639111e-02
8.810679862336939783e-02
8.814497744386012856e-02
8.325286546204181681e-02
8.314812095664976532e-02
7.949650620998018058e-02
8.313980788367715535e-02
7.811743697927914232e-02
7.921855158305876610e-02
7.639514194622701315e-02
7.782822019515245326e-02
7.565848796836190104e-02
7.377054132028544597e-02
7.126968038701636532e-02
7.350335468381809234e-02
6.583453375874499802e-02
7.226913833578944846e-02
6.526136062011320127e-02
7.040759734021384553e-02
6.468814950558475496e-02
6.829987297264551727e-02
6.335493629598952514e-02
6.355817395217000509e-02
6.101500472652855722e-02
6.151902695079559252e-02
5.583214364394713941e-02
5.382206548360978643e-02
5.569895392975903609e-02
5.325718189708594091e-02
5.595528030165898559e-02
5.023603346536178321e-02
5.126257611659909563e-02
4.888849555726962337e-02
4.575353049861194399e-02
4.418303473326347375e-02
4.877794276976162025e-02
4.270458785764994630e-02
4.110653408763803585e-02
4.379581390539143138e-02
4.218801118031469122e-02
3.735195838144695496e-02
3.745051230155804073e-02
3.235179267825794708e-02
2.898850636119970625e-02
3.037457161671430414e-02
3.298983150802708292e-02
3.097423300624775611e-02
3.238161682741714370e-02
3.062406504690118672e-02
2.663040339323146169e-02
2.492637426513885299e-02
3.060875945241482016e-02
2.595356738421248852e-02
2.689278963034566136e-02
1.679330978425670751e-02
2.240314739900227392e-02
2.548499995104218027e-02
2.155612003875275254e-02
1.627602396645591240e-02
2.258817792677436653e-02
1.769432027577245645e-02
2.238433268716946006e-02
1.633636993775399587e-02
2.196621932898727009e-02
1.424867880096930550e-02
1.630417654246484396e-02
1.659378964718296809e-02
2.262200965600361449e-02
1.308569044756683480e-02
1.116240576502684767e-02
1.807665511625063809e-02
1.845801705634702444e-02
1.678344743129342106e-02
1.720727289043963437e-02
1.831843256917511584e-02
9.910339767747917972e-03
1.295158762627027574e-02
1.374099423578517033e-02
1.339867488617363551e-02
1.602128165759752337e-02
7.020281839627454112e-03
1.424741098510180770e-02
9.726540212953034212e-03
8.401737844842049885e-03
1.559160457960201591e-02
1.782988818542370971e-02
8.697206206597406578e-03
8.293821773964569349e-03
2.104273791497158347e-02
9.624512808345062759e-03
8.488154116546423045e-03
1.379414135156589553e-02
1.375249358458057770e-02
5.918293354406627127e-03
1.196924888519102642e-02
7.899287303944228789e-03
9.838115560642290980e-03
1.428189358386186200e-02
9.190515652649970321e-03
1.132449833388633233e-02
1.043000365394943819e-02
1.074352477636439200e-02
1.208230990250756635e-02
5.014285425374353199e-03
1.027799128803382096e-02
