2.121717333793640137e-01
4.647769927978515625e-01
5.777407288551330566e-01
6.073364019393920898e-01
6.273447275161743164e-01
6.373488903045654297e-01
6.406835913658142090e-01
6.540225148200988770e-01
6.777824163436889648e-01
6.706961393356323242e-01
6.690287590026855469e-01
6.902876496315002441e-01
7.040433287620544434e-01
7.077949047088623047e-01
7.203001379966735840e-01
7.169653773307800293e-01
7.278032302856445312e-01
7.265527248382568359e-01
7.436431646347045898e-01
7.469779253005981445e-01
7.423926591873168945e-01
7.503126263618469238e-01
7.636515498161315918e-01
7.515631318092346191e-01
7.694872617721557617e-01
7.711546421051025391e-01
7.744893431663513184e-01
7.765735983848571777e-01
7.715715169906616211e-01
7.836598753929138184e-01
7.819924950599670410e-01
7.769904136657714844e-01
7.986661195755004883e-01
7.944977283477783203e-01
7.957482337951660156e-01
7.965819239616394043e-01
7.907461524009704590e-01
7.999166250228881836e-01
8.011671304702758789e-01
8.053355813026428223e-01
7.965819239616394043e-01
8.124218583106994629e-01
8.140891790390014648e-01
8.190912604331970215e-01
8.136723637580871582e-01
8.107544779777526855e-01
8.170070648193359375e-01
8.228428363800048828e-01
8.270112276077270508e-01
8.278449177742004395e-01
8.361817598342895508e-01
8.282617926597595215e-01
8.315964937210083008e-01
8.353480696678161621e-01
8.390996456146240234e-01
8.370154500007629395e-01
8.345143795013427734e-01
8.436848521232604980e-01
8.466027379035949707e-01
8.441017270088195801e-01
8.570237755775451660e-01
8.420175313949584961e-01
8.503543138504028320e-01
8.553563952445983887e-01
8.616089820861816406e-01
8.486869335174560547e-01
8.636931777000427246e-01
8.636931777000427246e-01
8.670279383659362793e-01
8.711963295936584473e-01
8.803668022155761719e-01
8.832846879959106445e-01
8.803668022155761719e-01
8.866194486618041992e-01
8.736974000930786133e-01
8.882867693901062012e-01
8.920383453369140625e-01
8.887036442756652832e-01
8.987078070640563965e-01
9.062108993530273438e-01
8.949562311172485352e-01
9.103793501853942871e-01
9.057940840721130371e-01
9.045435786247253418e-01
9.095456600189208984e-01
9.212172031402587891e-01
9.195498228073120117e-01
9.291371107101440430e-01
9.395581483840942383e-01
9.341392517089843750e-01
9.312213659286499023e-01
9.391413331031799316e-01
9.358065724372863770e-01
9.353897571563720703e-01
9.474781155586242676e-01
9.512296915054321289e-01
9.362234473228454590e-01
9.512296915054321289e-01
9.478949308395385742e-01
9.620675444602966309e-01
9.587327837944030762e-01
9.458107352256774902e-01
9.562317728996276855e-01
9.662359356880187988e-01
9.587327837944030762e-01
9.624843597412109375e-01
9.533138871192932129e-01
9.670696258544921875e-01
9.549812674522399902e-01
9.724885225296020508e-01
9.687369465827941895e-01
9.674864411354064941e-01
9.566485881805419922e-01
9.749895930290222168e-01
9.812421798706054688e-01
9.691538214683532715e-01
9.649854302406311035e-01
9.691538214683532715e-01
9.708212018013000488e-01
9.616506695747375488e-01
9.816589951515197754e-01
9.783242940902709961e-01
9.749895930290222168e-01
9.758232831954956055e-01
9.716548323631286621e-01
9.866611361503601074e-01
9.708212018013000488e-01
9.837432503700256348e-01
9.833263754844665527e-01
9.712380170822143555e-01
9.729053974151611328e-01
9.841600656509399414e-01
9.849937558174133301e-01
9.666527509689331055e-01
9.841600656509399414e-01
9.845768809318542480e-01
9.762400984764099121e-01
9.820758700370788574e-01
9.904126524925231934e-01
9.787411689758300781e-01
9.870779514312744141e-01
9.845768809318542480e-01
9.745727181434631348e-01
9.816589951515197754e-01
9.812421798706054688e-01
9.824926853179931641e-01
9.812421798706054688e-01
9.754064083099365234e-01
9.899958372116088867e-01
9.858274459838867188e-01
