6.983470176947238484e-01
3.767259095710850936e-01
3.127491124903890585e-01
2.462972890609531895e-01
2.103735586721695860e-01
1.780580176268709569e-01
1.836849593527578595e-01
1.582584571869832535e-01
1.426087089964142018e-01
1.434641295231673663e-01
1.208016629095262640e-01
1.134723282715778131e-01
1.099774862179385970e-01
1.164583948819627457e-01
1.003712828277058683e-01
9.929726069271452293e-02
9.389530743868608476e-02
8.359562724272665002e-02
9.268489530189977232e-02
8.646238512246172403e-02
8.568523277455215859e-02
7.556155128028879675e-02
7.565884201640324380e-02
7.279414490870696197e-02
7.304490521575453255e-02
6.499339270153070558e-02
7.294120275058467440e-02
6.658563053504312768e-02
6.251412387165007634e-02
6.561094421375215924e-02
5.950609379828178391e-02
5.636405393767707217e-02
6.145977096739542456e-02
5.731993642931574456e-02
5.327318876229094474e-02
5.113536581155537358e-02
4.900155864941019984e-02
4.587688035174749407e-02
4.391595922502462140e-02
4.925273676686160035e-02
4.250347041382773750e-02
4.667835914938125302e-02
4.709810138849595401e-02
4.654181261771227901e-02
4.425001630367893235e-02
3.972069685924145555e-02
3.527921913700691331e-02
3.566949865501690270e-02
3.740068656872273800e-02
3.492925293347631799e-02
4.025690503891654615e-02
3.298007785944676029e-02
2.877932908220579705e-02
2.533823168487946143e-02
3.168185281837931216e-02
2.392082727723781124e-02
2.869409058752753552e-02
2.646253333703284596e-02
3.076386460630715219e-02
2.985528894502471539e-02
2.592910225469797353e-02
3.006878276108077702e-02
3.283563070209845336e-02
2.559354093255418461e-02
2.514706468451845256e-02
2.355423288395620471e-02
2.049959568319792425e-02
1.716895946405078144e-02
2.479161767793143165e-02
2.232900116911394617e-02
1.599079455079456882e-02
2.304429927415362414e-02
2.171401629927211668e-02
2.165913061938106940e-02
1.949541209070057568e-02
1.944444763735344098e-02
1.645535768040965255e-02
1.259010483339131209e-02
1.332074495192506203e-02
1.697075547047711963e-02
2.025687696782207253e-02
1.379468649326687744e-02
1.220445619654535185e-02
1.263631285632312203e-02
1.361351361673057182e-02
1.839808336769073113e-02
1.557906834293498050e-02
1.103993492791428485e-02
1.851986175198690535e-02
1.039098842616083783e-02
8.107952615512970321e-03
1.042078202909797399e-02
1.331878694281953684e-02
1.187178608910501899e-02
2.445985143237192419e-02
8.701332238117703496e-03
7.275019694506543178e-03
1.247891501793508065e-02
7.949367356920158945e-03
9.194597175019757901e-03
9.446604966505086839e-03
1.163582186092813192e-02
2.081073639737817879e-02
1.323568468321574022e-02
4.007843411287108186e-03
4.697982664263915427e-03
8.187247718983816855e-03
8.163427644859630114e-03
8.984616348208194006e-03
1.590228469122960744e-02
5.034223442182472925e-03
7.028139948959350423e-03
1.258114671653724238e-02
1.105949282260029580e-02
1.723140308144967617e-02
1.085348554885648929e-02
1.307799749823565852e-02
7.306927599915388587e-03
1.165690880338670146e-02
1.204989486512799378e-02
4.416001677131185452e-03
2.305858597976267500e-03
1.835512014499437539e-03
1.803153312218835685e-03
1.745597437962108844e-03
1.763759612522126279e-03
1.723635339762986029e-03
1.666682978436951745e-03
1.622105052707315930e-03
4.889209809905438117e-03
3.105766714458054259e-02
9.939820123232601459e-03
9.950727062263690220e-03
9.971949049137193363e-03
9.400631377825922896e-03
4.348976102561429892e-03
1.459752344382421983e-02
5.151701701358817227e-03
8.078152592119448860e-03
8.006097921537136744e-03
3.397233873732806528e-03
5.451718826900747890e-03
3.782120690538164770e-03
9.270770852589158353e-03
7.749315995073224883e-03
9.439461525105561149e-03
1.398628526055694689e-02
5.104309929267296375e-03
1.670277541051515182e-03
1.569738713522430152e-03
