1.157469749450683594e-01
2.929292917251586914e-01
4.061196148395538330e-01
5.382513403892517090e-01
5.994659662246704102e-01
6.784777045249938965e-01
6.751918196678161621e-01
7.021013498306274414e-01
7.267230749130249023e-01
7.524038553237915039e-01
7.841191291809082031e-01
8.066429495811462402e-01
8.021077513694763184e-01
7.792056202888488770e-01
8.204833269119262695e-01
8.392434716224670410e-01
8.521126508712768555e-01
8.662857413291931152e-01
8.495981693267822266e-01
8.519362211227416992e-01
8.632676601409912109e-01
8.804597854614257812e-01
8.794084191322326660e-01
8.822857141494750977e-01
8.985005617141723633e-01
9.087759852409362793e-01
8.897818326950073242e-01
8.946772217750549316e-01
9.054669737815856934e-01
8.927765488624572754e-01
9.075535535812377930e-01
9.146757721900939941e-01
8.978675603866577148e-01
9.113636612892150879e-01
9.259259104728698730e-01
9.196428656578063965e-01
9.291338324546813965e-01
9.237667918205261230e-01
9.264214038848876953e-01
9.188275337219238281e-01
9.309576749801635742e-01
9.262569546699523926e-01
9.326599240303039551e-01
9.247190952301025391e-01
9.289678335189819336e-01
9.391592741012573242e-01
9.467849135398864746e-01
9.412416815757751465e-01
9.367369413375854492e-01
9.577777981758117676e-01
9.335548281669616699e-01
9.492833614349365234e-01
9.546459913253784180e-01
9.582417607307434082e-01
9.497816562652587891e-01
9.690607786178588867e-01
9.570956826210021973e-01
9.570484757423400879e-01
9.508733749389648438e-01
9.449945092201232910e-01
9.602649211883544922e-01
9.412404894828796387e-01
9.443207383155822754e-01
9.624309539794921875e-01
9.614961743354797363e-01
9.582875967025756836e-01
9.701327681541442871e-01
9.770742654800415039e-01
9.682017564773559570e-01
9.660831689834594727e-01
9.726177453994750977e-01
9.541984796524047852e-01
9.618736505508422852e-01
9.586507081985473633e-01
9.693654179573059082e-01
9.597826004028320312e-01
9.790748953819274902e-01
9.803493618965148926e-01
9.814612865447998047e-01
9.686146974563598633e-01
9.661940932273864746e-01
9.749455451965332031e-01
9.773218035697937012e-01
9.792802333831787109e-01
9.771490693092346191e-01
9.727668762207031250e-01
9.675324559211730957e-01
9.836779236793518066e-01
9.726177453994750977e-01
9.794149398803710938e-01
9.870550036430358887e-01
9.847991466522216797e-01
9.761388301849365234e-01
9.847161769866943359e-01
9.555314779281616211e-01
9.880174398422241211e-01
9.913232326507568359e-01
9.761646986007690430e-01
9.870828986167907715e-01
9.869565367698669434e-01
9.859002232551574707e-01
9.804983735084533691e-01
9.620801806449890137e-01
9.782134890556335449e-01
9.978401660919189453e-01
9.967567324638366699e-01
9.891422390937805176e-01
9.848812222480773926e-01
9.847826361656188965e-01
9.740820527076721191e-01
9.935275316238403320e-01
9.902386069297790527e-01
9.783080220222473145e-01
9.837310314178466797e-01
9.654054045677185059e-01
9.836423397064208984e-01
9.771987199783325195e-01
9.859611392021179199e-01
9.794594645500183105e-01
9.826652407646179199e-01
9.945945739746093750e-01
9.989212751388549805e-01
1.000000000000000000e+00
1.000000000000000000e+00
1.000000000000000000e+00
1.000000000000000000e+00
1.000000000000000000e+00
1.000000000000000000e+00
1.000000000000000000e+00
9.946004152297973633e-01
9.477124214172363281e-01
9.816612601280212402e-01
9.826464056968688965e-01
9.836956262588500977e-01
9.869989156723022461e-01
9.956803321838378906e-01
9.729437232017517090e-01
9.881592988967895508e-01
9.849300384521484375e-01
9.891892075538635254e-01
9.956803321838378906e-01
9.935204982757568359e-01
9.978355169296264648e-01
9.870270490646362305e-01
9.892125129699707031e-01
9.848812222480773926e-01
9.697950482368469238e-01
9.935135245323181152e-01
9.989224076271057129e-01
1.000000000000000000e+00
