9.277238696813583374e-02
2.189859747886657715e-01
3.149946033954620361e-01
4.250269830226898193e-01
4.843581318855285645e-01
5.577130317687988281e-01
5.695793032646179199e-01
6.127292513847351074e-01
6.483279466629028320e-01
6.752966642379760742e-01
6.817691326141357422e-01
7.335490584373474121e-01
7.389428019523620605e-01
7.195253372192382812e-01
7.691478133201599121e-01
7.659115195274353027e-01
7.831715345382690430e-01
8.176915049552917480e-01
7.982739806175231934e-01
8.069040179252624512e-01
8.036677241325378418e-01
8.263214826583862305e-01
8.338727355003356934e-01
8.327939510345458984e-01
8.403452038764953613e-01
8.489751815795898438e-01
8.360301852226257324e-01
8.522114157676696777e-01
8.576051592826843262e-01
8.532902002334594727e-01
8.683926463127136230e-01
8.673139214515686035e-01
8.629989027976989746e-01
8.651564121246337891e-01
8.899676203727722168e-01
8.888888955116271973e-01
8.910464048385620117e-01
8.888888955116271973e-01
8.964401483535766602e-01
8.791801333427429199e-01
9.018338918685913086e-01
8.942826390266418457e-01
8.964401483535766602e-01
8.878101110458374023e-01
9.029126167297363281e-01
9.158576130867004395e-01
9.212513566017150879e-01
9.158576130867004395e-01
9.104638695716857910e-01
9.298813343048095703e-01
9.093850851058959961e-01
9.288026094436645508e-01
9.309600591659545898e-01
9.406688213348388672e-01
9.385113120079040527e-01
9.460625648498535156e-01
9.385113120079040527e-01
9.374325871467590332e-01
9.395900964736938477e-01
9.266451001167297363e-01
9.385113120079040527e-01
9.331175684928894043e-01
9.147788286209106445e-01
9.395900964736938477e-01
9.428263306617736816e-01
9.417475461959838867e-01
9.460625648498535156e-01
9.654800295829772949e-01
9.525350332260131836e-01
9.525350332260131836e-01
9.579287767410278320e-01
9.439050555229187012e-01
9.525350332260131836e-01
9.503775835037231445e-01
9.557713270187377930e-01
9.525350332260131836e-01
9.590075612068176270e-01
9.687162637710571289e-01
9.708737730979919434e-01
9.654800295829772949e-01
9.557713270187377930e-01
9.654800295829772949e-01
9.762675166130065918e-01
9.687162637710571289e-01
9.687162637710571289e-01
9.633225202560424805e-01
9.644013047218322754e-01
9.751887917518615723e-01
9.579287767410278320e-01
9.751887917518615723e-01
9.870550036430358887e-01
9.784250259399414062e-01
9.708737730979919434e-01
9.730312824249267578e-01
9.503775835037231445e-01
9.784250259399414062e-01
9.859762787818908691e-01
9.719525575637817383e-01
9.892125129699707031e-01
9.795037508010864258e-01
9.805825352668762207e-01
9.762675166130065918e-01
9.579287767410278320e-01
9.687162637710571289e-01
9.967637658119201660e-01
9.946062564849853516e-01
9.827400445938110352e-01
9.838187694549560547e-01
9.773463010787963867e-01
9.730312824249267578e-01
9.935275316238403320e-01
9.848974943161010742e-01
9.730312824249267578e-01
9.784250259399414062e-01
9.633225202560424805e-01
9.730312824249267578e-01
9.708737730979919434e-01
9.848974943161010742e-01
9.773463010787963867e-01
9.784250259399414062e-01
9.924487471580505371e-01
9.989212751388549805e-01
1.000000000000000000e+00
1.000000000000000000e+00
1.000000000000000000e+00
1.000000000000000000e+00
1.000000000000000000e+00
1.000000000000000000e+00
1.000000000000000000e+00
9.935275316238403320e-01
9.385113120079040527e-01
9.816612601280212402e-01
9.773463010787963867e-01
9.762675166130065918e-01
9.827400445938110352e-01
9.946062564849853516e-01
9.697950482368469238e-01
9.902912378311157227e-01
9.870550036430358887e-01
9.870550036430358887e-01
9.946062564849853516e-01
9.924487471580505371e-01
9.946062564849853516e-01
9.848974943161010742e-01
9.892125129699707031e-01
9.838187694549560547e-01
9.697950482368469238e-01
9.913700222969055176e-01
1.000000000000000000e+00
9.989212751388549805e-01
