7.620648463896612101e-01
3.130970943369507653e-01
2.293329842812692476e-01
2.055764289294105263e-01
1.893778514972148386e-01
1.734283840346237393e-01
1.573047589444682703e-01
1.426995942475119128e-01
1.332256174979459806e-01
1.286018855746202116e-01
1.317793547056820280e-01
1.237045595747454790e-01
1.208375843047331810e-01
1.098503902558724543e-01
1.206583439289984350e-01
1.083215856525163723e-01
1.018403301542765982e-01
1.023423956304822247e-01
9.791466449645389036e-02
9.312503871448615800e-02
8.912779665076413227e-02
8.883572973779943482e-02
8.800378094416405617e-02
8.963426995672821307e-02
8.351014174922564981e-02
9.074605045411167359e-02
8.327566753613738215e-02
7.623645322888111808e-02
8.023682063564102629e-02
7.823640275725521342e-02
7.846718234256824798e-02
7.161206689912824608e-02
7.102931759355654573e-02
6.651371274223495667e-02
7.374836597402073535e-02
7.248601425471415394e-02
6.442763227878135768e-02
6.168695045540321942e-02
6.341022353912810494e-02
6.424949702452566191e-02
6.295107152387414973e-02
6.792415557053575748e-02
6.147578775818128560e-02
5.494924479318993860e-02
5.946014351859166269e-02
5.895065511459231244e-02
5.873471244094037591e-02
5.521966251679806537e-02
5.092283513156863756e-02
5.127102962094424315e-02
5.210394909190448759e-02
5.948917124542568019e-02
5.075228206737509434e-02
5.080027515668937566e-02
4.966077659934860222e-02
4.829103891849040320e-02
4.555570382443725058e-02
5.033544848830664997e-02
4.855530340237844411e-02
4.370101420689743305e-02
4.673078823936460680e-02
4.222361613703906613e-02
4.377758356535794981e-02
3.887531707632712469e-02
4.339707671961990504e-02
4.469900202410505285e-02
4.101874160399900104e-02
3.766013491681829278e-02
3.826597389086513340e-02
3.998157070862614487e-02
3.718713783471933737e-02
4.427155892579169583e-02
3.776947109947030590e-02
3.420529130985276028e-02
3.346951724652480475e-02
3.374945289457811221e-02
3.188870508733489262e-02
3.326122718032967912e-02
2.857168956866499784e-02
3.144470299939883945e-02
3.014429963621757802e-02
2.919081570745592907e-02
3.078092448623999042e-02
3.596643192526493421e-02
2.320113168480671464e-02
2.797486991690007613e-02
2.956581800281608483e-02
2.513739000333636842e-02
2.936027091178345164e-02
2.298010049245288386e-02
2.320376418087220088e-02
2.341795056148074372e-02
2.104966679652552422e-02
2.463704237213819662e-02
2.970424980443649166e-02
2.158178845550366362e-02
2.532435570837550040e-02
2.363731976434563231e-02
1.887642939206770135e-02
2.467088390231593140e-02
2.144428925933453134e-02
2.125312262065526259e-02
1.725731718645645563e-02
1.783123531466918044e-02
1.789510669988849181e-02
1.787099523994267053e-02
1.368583191201635553e-02
2.273748701212234893e-02
2.428760178709424289e-02
2.429411311248086403e-02
2.375144682630834711e-02
1.159144853758830966e-02
1.215726606017052298e-02
1.548341120274851837e-02
1.223876551778329234e-02
2.413601459674832167e-02
3.156114060149478595e-02
1.571096581906428549e-02
1.666527153615890086e-02
1.318743595571909843e-02
1.734981804647680453e-02
1.010034180811827074e-02
8.335772967190702501e-03
1.154840158609637610e-02
1.773962741940609752e-02
1.276839020954430304e-02
1.444239069265725907e-02
1.306316838750690851e-02
1.084458148189428213e-02
1.724314176001123800e-02
2.070718897705637121e-02
1.356264066601946434e-02
7.519052569311051454e-03
1.279685572093395424e-02
1.026652611955674622e-02
5.577051583363345014e-03
9.869620869061854554e-03
1.132420594040465904e-02
1.493606443095304992e-02
1.253350779445419963e-02
1.454203969860766096e-02
2.380877985844379388e-02
1.847693167171903308e-02
7.753594748121523002e-03
6.476726724748291253e-03
5.416147509249979487e-03
6.209301695487747658e-03
6.768818859827465534e-03
1.395575834609865881e-02
9.306291206999616622e-03
