1.160337552428245544e-01
3.122362792491912842e-01
4.810126721858978271e-01
5.369198322296142578e-01
5.833333134651184082e-01
6.297468543052673340e-01
6.571729779243469238e-01
6.719409227371215820e-01
6.972573995590209961e-01
7.014768123626708984e-01
7.099156379699707031e-01
7.289029359817504883e-01
7.289029359817504883e-01
7.510548233985900879e-01
7.194092869758605957e-01
7.521097064018249512e-01
7.679324746131896973e-01
7.700421810150146484e-01
7.753164768218994141e-01
7.911392450332641602e-01
8.101266026496887207e-01
7.921940684318542480e-01
8.080168962478637695e-01
7.985231876373291016e-01
8.069620132446289062e-01
8.006328940391540527e-01
8.059071898460388184e-01
8.322784900665283203e-01
8.154008388519287109e-01
8.164557218551635742e-01
8.259493708610534668e-01
8.386076092720031738e-01
8.301687836647033691e-01
8.459915518760681152e-01
8.280590772628784180e-01
8.270041942596435547e-01
8.481012582778930664e-01
8.438818454742431641e-01
8.417721390724182129e-01
8.459915518760681152e-01
8.502109646797180176e-01
8.417721390724182129e-01
8.481012582778930664e-01
8.575949072837829590e-01
8.523206710815429688e-01
8.639240264892578125e-01
8.607594966888427734e-01
8.512658476829528809e-01
8.691983222961425781e-01
8.744725584983825684e-01
8.628692030906677246e-01
8.565400838851928711e-01
8.670886158943176270e-01
8.660337328910827637e-01
8.713080286979675293e-01
8.797468543052673340e-01
8.786919713020324707e-01
8.776371479034423828e-01
8.850210905075073242e-01
8.924050927162170410e-01
8.797468543052673340e-01
8.871307969093322754e-01
8.913502097129821777e-01
8.966244459152221680e-01
8.955696225166320801e-01
8.797468543052673340e-01
8.913502097129821777e-01
8.976793289184570312e-01
8.997890353202819824e-01
8.997890353202819824e-01
9.082278609275817871e-01
8.892405033111572266e-01
9.061181545257568359e-01
9.166666865348815918e-01
9.124472737312316895e-01
9.103375673294067383e-01
9.156118035316467285e-01
9.135020971298217773e-01
9.345991611480712891e-01
9.177215099334716797e-01
9.198312163352966309e-01
9.166666865348815918e-01
9.240506291389465332e-01
9.018987417221069336e-01
9.377636909484863281e-01
9.335442781448364258e-01
9.229958057403564453e-01
9.356539845466613770e-01
9.229958057403564453e-01
9.419831037521362305e-01
9.367088675498962402e-01
9.335442781448364258e-01
9.504219293594360352e-01
9.345991611480712891e-01
9.282700419425964355e-01
9.472573995590209961e-01
9.335442781448364258e-01
9.398733973503112793e-01
9.483122229576110840e-01
9.367088675498962402e-01
9.451476931571960449e-01
9.419831037521362305e-01
9.556962251663208008e-01
9.567510485649108887e-01
9.556962251663208008e-01
9.535865187644958496e-01
9.620253443717956543e-01
9.451476931571960449e-01
9.451476931571960449e-01
9.377636909484863281e-01
9.419831037521362305e-01
9.736286997795104980e-01
9.715189933776855469e-01
9.641350507736206055e-01
9.672995805740356445e-01
9.409282803535461426e-01
9.240506291389465332e-01
9.609704613685607910e-01
9.578059315681457520e-01
9.715189933776855469e-01
9.588607549667358398e-01
9.778481125831604004e-01
9.820675253868103027e-01
9.662446975708007812e-01
9.609704613685607910e-01
9.715189933776855469e-01
9.672995805740356445e-01
9.672995805740356445e-01
9.704641103744506836e-01
9.620253443717956543e-01
9.525316357612609863e-01
9.672995805740356445e-01
9.820675253868103027e-01
9.683544039726257324e-01
9.757384061813354492e-01
9.894514679908752441e-01
9.746835231781005859e-01
9.704641103744506836e-01
9.662446975708007812e-01
9.736286997795104980e-01
9.672995805740356445e-01
9.504219293594360352e-01
9.546413421630859375e-01
9.852320551872253418e-01
9.873417615890502930e-01
9.905063509941101074e-01
9.873417615890502930e-01
9.831223487854003906e-01
9.662446975708007812e-01
9.767932295799255371e-01
