8.161435127258300781e-01
8.828828930854797363e-01
8.738317489624023438e-01
8.899082541465759277e-01
9.234234094619750977e-01
9.454545378684997559e-01
8.942731022834777832e-01
9.203540086746215820e-01
9.196428656578063965e-01
9.484978318214416504e-01
9.170305728912353516e-01
9.301310181617736816e-01
8.956521749496459961e-01
9.442059993743896484e-01
9.696969985961914062e-01
9.451476931571960449e-01
9.177489280700683594e-01
9.519650936126708984e-01
9.655172228813171387e-01
9.230769276618957520e-01
9.347826242446899414e-01
9.358974099159240723e-01
9.409282803535461426e-01
9.620253443717956543e-01
9.741379022598266602e-01
9.656652212142944336e-01
9.826086759567260742e-01
9.393939375877380371e-01
9.295154213905334473e-01
9.870689511299133301e-01
9.826839566230773926e-01
9.527897238731384277e-01
9.784482717514038086e-01
9.298245906829833984e-01
9.615384340286254883e-01
9.491525292396545410e-01
9.620253443717956543e-01
9.870689511299133301e-01
9.659574627876281738e-01
8.518518805503845215e-01
9.188033938407897949e-01
9.828326106071472168e-01
9.578059315681457520e-01
9.537814855575561523e-01
9.914893507957458496e-01
9.746835231781005859e-01
9.067796468734741211e-01
9.613733887672424316e-01
9.578059315681457520e-01
9.621848464012145996e-01
