3.416596888492563072e-02
1.893867784786353037e-02
1.805101246453675451e-02
1.206801991862877822e-02
8.840043443724474384e-03
1.090747836580211426e-02
8.556733308951491521e-03
1.204096017402933420e-02
1.411167493365077415e-02
1.060633136324066333e-02
6.123520890243780955e-03
5.283143699579530284e-03
6.961358166161097857e-03
7.142071573862709792e-03
9.781244219675003584e-03
6.374651046065754785e-03
6.024134066280594293e-03
6.183408465858828557e-03
4.137847043250543824e-03
6.710940107618607042e-03
2.838263734739836838e-03
1.507543600446945064e-03
1.319706807042202732e-03
1.179516960286120832e-03
1.150612841643564380e-03
9.284998360484884167e-03
2.512143845791035834e-02
1.119185648642654490e-02
1.673488205181532240e-03
7.980236909745412610e-03
6.313087955519874374e-03
1.024705596689255531e-02
1.429178130304278697e-02
6.949391584408803543e-03
4.274119118492189853e-03
3.149525968577674903e-03
4.750252451784164713e-03
5.527201278110255994e-03
4.709380302090959876e-03
1.121210137759874256e-02
5.237590164613839354e-03
1.834222987975926700e-03
1.200106728097435904e-03
1.380414953249967623e-03
9.032425289037028862e-03
6.815834637846105576e-03
7.492686443197931617e-03
1.262221363490876463e-02
2.288136919151220923e-03
1.529187947909055930e-03
