8.698630332946777344e-01
9.317647218704223633e-01
9.271070361137390137e-01
9.174311757087707520e-01
9.452054500579833984e-01
9.237667918205261230e-01
9.499999880790710449e-01
9.483146071434020996e-01
9.092920422554016113e-01
9.634703397750854492e-01
9.752808809280395508e-01
9.758241772651672363e-01
9.711751937866210938e-01
9.393939375877380371e-01
9.298642277717590332e-01
9.560439586639404297e-01
9.692982435226440430e-01
9.846491217613220215e-01
9.890350699424743652e-01
9.383260011672973633e-01
9.380530714988708496e-01
9.866962432861328125e-01
9.733333587646484375e-01
9.372197389602661133e-01
9.868420958518981934e-01
9.805615544319152832e-01
8.544601202011108398e-01
9.867256879806518555e-01
9.913232326507568359e-01
9.956616163253784180e-01
1.000000000000000000e+00
9.978401660919189453e-01
9.823788404464721680e-01
9.536423683166503906e-01
9.002217054367065430e-01
9.584245085716247559e-01
9.824945330619812012e-01
9.913232326507568359e-01
1.000000000000000000e+00
9.956709742546081543e-01
9.563318490982055664e-01
9.080962538719177246e-01
9.846827387809753418e-01
9.956709742546081543e-01
9.913043379783630371e-01
9.956709742546081543e-01
9.870129823684692383e-01
9.714285731315612793e-01
9.426048398017883301e-01
9.448123574256896973e-01
