8.246753215789794922e-01
8.571428656578063965e-01
8.809523582458496094e-01
8.658008575439453125e-01
8.961039185523986816e-01
8.917748928070068359e-01
9.047619104385375977e-01
9.134199023246765137e-01
8.896104097366333008e-01
9.134199023246765137e-01
9.393939375877380371e-01
9.610389471054077148e-01
9.480519294738769531e-01
9.393939375877380371e-01
8.896104097366333008e-01
9.415584206581115723e-01
9.567099809646606445e-01
9.718614816665649414e-01
9.761904478073120117e-01
9.220778942108154297e-01
9.177489280700683594e-01
9.632034897804260254e-01
9.480519294738769531e-01
9.047619104385375977e-01
9.740259647369384766e-01
9.826839566230773926e-01
7.878788113594055176e-01
9.653679728507995605e-01
9.891774654388427734e-01
9.935064911842346191e-01
9.935064911842346191e-01
1.000000000000000000e+00
9.653679728507995605e-01
9.350649118423461914e-01
8.787878751754760742e-01
9.480519294738769531e-01
9.718614816665649414e-01
9.891774654388427734e-01
9.956709742546081543e-01
9.956709742546081543e-01
9.480519294738769531e-01
8.982684016227722168e-01
9.740259647369384766e-01
9.956709742546081543e-01
9.870129823684692383e-01
9.956709742546081543e-01
9.870129823684692383e-01
9.567099809646606445e-01
9.242424368858337402e-01
9.264069199562072754e-01
