3.999999910593032837e-02
1.827957034111022949e-01
2.079207897186279297e-01
3.775510191917419434e-01
4.301075339317321777e-01
4.895833432674407959e-01
4.423076808452606201e-01
4.770642220973968506e-01
5.937500000000000000e-01
5.463917255401611328e-01
5.046728849411010742e-01
5.377358198165893555e-01
6.451612710952758789e-01
5.769230723381042480e-01
6.808510422706604004e-01
5.940594077110290527e-01
6.893203854560852051e-01
6.880733966827392578e-01
7.272727489471435547e-01
7.403846383094787598e-01
6.990291476249694824e-01
6.969696879386901855e-01
7.757009267807006836e-01
7.169811129570007324e-01
7.623762488365173340e-01
7.830188870429992676e-01
7.500000000000000000e-01
7.614678740501403809e-01
8.018867969512939453e-01
7.009345889091491699e-01
8.130841255187988281e-01
8.269230723381042480e-01
7.477477192878723145e-01
8.598130941390991211e-01
7.383177280426025391e-01
8.125000000000000000e-01
7.982456088066101074e-01
8.750000000000000000e-01
8.348624110221862793e-01
7.777777910232543945e-01
8.807339668273925781e-01
8.648648858070373535e-01
8.598130941390991211e-01
8.333333134651184082e-01
8.468468189239501953e-01
8.828828930854797363e-01
9.357798099517822266e-01
8.245614171028137207e-01
9.074074029922485352e-01
8.584070801734924316e-01
8.695651888847351074e-01
9.122806787490844727e-01
8.839285969734191895e-01
9.166666865348815918e-01
9.115044474601745605e-01
8.938053250312805176e-01
8.448275923728942871e-01
8.534482717514038086e-01
9.224137663841247559e-01
9.285714030265808105e-01
8.771929740905761719e-01
9.401709437370300293e-01
9.478260874748229980e-01
9.491525292396545410e-01
9.568965435028076172e-01
9.145299196243286133e-01
9.137930870056152344e-01
8.852459192276000977e-01
9.338843226432800293e-01
9.292035102844238281e-01
8.999999761581420898e-01
9.473684430122375488e-01
9.576271176338195801e-01
8.632478713989257812e-01
9.051724076271057129e-01
9.067796468734741211e-01
9.322034120559692383e-01
9.224137663841247559e-01
9.495798349380493164e-01
9.652174115180969238e-01
9.743589758872985840e-01
9.327731132507324219e-01
8.925619721412658691e-01
9.487179517745971680e-01
9.572649598121643066e-01
9.391304254531860352e-01
9.298245906829833984e-01
8.869565129280090332e-01
9.482758641242980957e-01
9.411764740943908691e-01
9.652174115180969238e-01
9.406779408454895020e-01
9.090909361839294434e-01
9.568965435028076172e-01
9.579831957817077637e-01
9.655172228813171387e-01
9.663865566253662109e-01
9.830508232116699219e-01
9.250000119209289551e-01
9.743589758872985840e-01
9.752066135406494141e-01
9.237288236618041992e-01
9.579831957817077637e-01
9.914529919624328613e-01
1.000000000000000000e+00
9.327731132507324219e-01
9.661017060279846191e-01
9.292035102844238281e-01
9.327731132507324219e-01
8.925619721412658691e-01
9.327731132507324219e-01
9.750000238418579102e-01
9.579831957817077637e-01
1.000000000000000000e+00
1.000000000000000000e+00
9.827586412429809570e-01
9.583333134651184082e-01
9.406779408454895020e-01
9.914529919624328613e-01
9.831932783126831055e-01
9.130434989929199219e-01
9.829059839248657227e-01
9.262295365333557129e-01
9.747899174690246582e-01
9.830508232116699219e-01
9.487179517745971680e-01
8.974359035491943359e-01
9.491525292396545410e-01
1.000000000000000000e+00
9.750000238418579102e-01
9.491525292396545410e-01
9.913043379783630371e-01
9.745762944221496582e-01
9.576271176338195801e-01
9.745762944221496582e-01
9.747899174690246582e-01
9.576271176338195801e-01
9.666666388511657715e-01
9.672130942344665527e-01
9.745762944221496582e-01
1.000000000000000000e+00
9.829059839248657227e-01
9.416666626930236816e-01
9.487179517745971680e-01
9.579831957817077637e-01
9.830508232116699219e-01
9.915966391563415527e-01
1.000000000000000000e+00
8.842975497245788574e-01
9.026548862457275391e-01
