3.361344709992408752e-02
1.428571492433547974e-01
1.764705926179885864e-01
3.109243810176849365e-01
3.361344635486602783e-01
3.949579894542694092e-01
3.865546286106109619e-01
4.369747936725616455e-01
4.789915978908538818e-01
4.453781545162200928e-01
4.537815153598785400e-01
4.789915978908538818e-01
5.042017102241516113e-01
5.042017102241516113e-01
5.378151535987854004e-01
5.042017102241516113e-01
5.966386795043945312e-01
6.302521228790283203e-01
6.050420403480529785e-01
6.470588445663452148e-01
6.050420403480529785e-01
5.798319578170776367e-01
6.974790096282958984e-01
6.386554837226867676e-01
6.470588445663452148e-01
6.974790096282958984e-01
6.302521228790283203e-01
6.974790096282958984e-01
7.142857313156127930e-01
6.302521228790283203e-01
7.310924530029296875e-01
7.226890921592712402e-01
6.974790096282958984e-01
7.731092572212219238e-01
6.638655662536621094e-01
7.647058963775634766e-01
7.647058963775634766e-01
8.235294222831726074e-01
7.647058963775634766e-01
7.058823704719543457e-01
8.067227005958557129e-01
8.067227005958557129e-01
7.731092572212219238e-01
7.983193397521972656e-01
7.899159789085388184e-01
8.235294222831726074e-01
8.571428656578063965e-01
7.899159789085388184e-01
8.235294222831726074e-01
8.151260614395141602e-01
8.403361439704895020e-01
8.739495873451232910e-01
8.319327831268310547e-01
9.243697524070739746e-01
8.655462265014648438e-01
8.487395048141479492e-01
8.235294222831726074e-01
8.319327831268310547e-01
8.991596698760986328e-01
8.739495873451232910e-01
8.403361439704895020e-01
9.243697524070739746e-01
9.159663915634155273e-01
9.411764740943908691e-01
9.327731132507324219e-01
8.991596698760986328e-01
8.907563090324401855e-01
9.075630307197570801e-01
9.495798349380493164e-01
8.823529481887817383e-01
9.075630307197570801e-01
9.075630307197570801e-01
9.495798349380493164e-01
8.487395048141479492e-01
8.823529481887817383e-01
8.991596698760986328e-01
9.243697524070739746e-01
8.991596698760986328e-01
9.495798349380493164e-01
9.327731132507324219e-01
9.579831957817077637e-01
9.327731132507324219e-01
9.075630307197570801e-01
9.327731132507324219e-01
9.411764740943908691e-01
9.075630307197570801e-01
8.907563090324401855e-01
8.571428656578063965e-01
9.243697524070739746e-01
9.411764740943908691e-01
9.327731132507324219e-01
9.327731132507324219e-01
9.243697524070739746e-01
9.327731132507324219e-01
9.579831957817077637e-01
9.411764740943908691e-01
9.663865566253662109e-01
9.747899174690246582e-01
9.327731132507324219e-01
9.579831957817077637e-01
9.915966391563415527e-01
9.159663915634155273e-01
9.579831957817077637e-01
9.747899174690246582e-01
1.000000000000000000e+00
9.327731132507324219e-01
9.579831957817077637e-01
8.823529481887817383e-01
9.327731132507324219e-01
9.075630307197570801e-01
9.327731132507324219e-01
9.831932783126831055e-01
9.579831957817077637e-01
1.000000000000000000e+00
9.831932783126831055e-01
9.579831957817077637e-01
9.663865566253662109e-01
9.327731132507324219e-01
9.747899174690246582e-01
9.831932783126831055e-01
8.823529481887817383e-01
9.663865566253662109e-01
9.495798349380493164e-01
9.747899174690246582e-01
9.747899174690246582e-01
9.327731132507324219e-01
8.823529481887817383e-01
9.411764740943908691e-01
9.915966391563415527e-01
9.831932783126831055e-01
9.411764740943908691e-01
9.579831957817077637e-01
9.663865566253662109e-01
9.495798349380493164e-01
9.663865566253662109e-01
9.747899174690246582e-01
9.495798349380493164e-01
9.747899174690246582e-01
9.915966391563415527e-01
9.663865566253662109e-01
1.000000000000000000e+00
9.663865566253662109e-01
9.495798349380493164e-01
9.327731132507324219e-01
9.579831957817077637e-01
9.747899174690246582e-01
9.915966391563415527e-01
9.915966391563415527e-01
8.991596698760986328e-01
8.571428656578063965e-01
