2.471069121651916015e-02
1.394960558799485106e-02
1.240920366961379383e-02
9.523105738815625457e-03
8.771354897041018159e-03
7.859948571726005362e-03
8.184965432687084722e-03
8.128444881524893306e-03
6.387652248653388418e-03
3.345050123022841933e-03
3.509233020127542919e-03
1.155428557733415192e-02
6.059443154329057640e-03
7.237527600811161782e-03
4.402832718017206208e-03
6.538964735599031748e-03
6.873085902811496700e-03
4.517230191372467903e-03
1.540088274165748918e-03
7.288482452527391200e-03
7.070822226642058464e-03
7.149847914833555237e-03
7.561903010737957426e-03
1.726980074413253258e-03
1.863674501204547760e-03
6.315463329029715259e-03
6.593737937708090552e-03
1.781126780805306975e-03
9.851646638865750160e-04
3.440658477387460810e-03
8.962184251523782480e-03
4.945403439749453123e-03
2.074519170420092897e-03
2.571784152810685682e-03
3.684855716202872083e-03
9.158427584640846386e-03
2.485568814470496754e-03
4.209306463815289459e-03
1.572877797145073777e-03
7.310957729881982633e-04
3.624355893064223812e-03
8.953210196055527356e-03
6.413331361828200627e-03
2.308955517057646387e-03
2.486949860462623479e-03
2.179229128814092614e-03
1.008505278521945603e-02
4.864502695436990695e-03
5.987331717880478403e-03
4.396037055222332991e-03
