8.632478713989257812e-01
8.823529481887817383e-01
9.075630307197570801e-01
9.495798349380493164e-01
9.152542352676391602e-01
9.322034120559692383e-01
9.090909361839294434e-01
9.243697524070739746e-01
9.499999880790710449e-01
9.672130942344665527e-01
9.750000238418579102e-01
9.166666865348815918e-01
9.256198406219482422e-01
9.327731132507324219e-01
9.666666388511657715e-01
9.344262480735778809e-01
9.426229596138000488e-01
9.590163826942443848e-01
1.000000000000000000e+00
9.338843226432800293e-01
9.180327653884887695e-01
9.499999880790710449e-01
9.327731132507324219e-01
9.917355179786682129e-01
9.834710955619812012e-01
9.586777091026306152e-01
9.499999880790710449e-01
9.752066135406494141e-01
1.000000000000000000e+00
9.754098653793334961e-01
9.090909361839294434e-01
9.430894255638122559e-01
9.916666746139526367e-01
9.674796462059020996e-01
9.666666388511657715e-01
9.268292784690856934e-01
1.000000000000000000e+00
9.833333492279052734e-01
9.918032884597778320e-01
1.000000000000000000e+00
9.590163826942443848e-01
9.508196711540222168e-01
9.579831957817077637e-01
9.836065769195556641e-01
9.754098653793334961e-01
9.674796462059020996e-01
9.166666865348815918e-01
9.430894255638122559e-01
9.186992049217224121e-01
9.508196711540222168e-01
