1.307410130704175083e-02
1.295628428441243651e-02
1.055572502896828802e-02
7.940257987925362221e-03
6.811774581880223299e-03
7.865417302888325080e-03
7.523664597616806088e-03
6.066831827265826982e-03
7.008967548778323627e-03
4.616880821056776676e-03
4.228135513047045005e-03
4.630963459274722513e-03
2.809105033441301053e-03
2.664717353665246001e-03
3.438282526672604370e-03
5.700337763338543182e-03
4.007816112802916296e-03
5.070866175565074026e-03
4.126930925940772849e-03
1.881340899728598274e-03
1.939314366096265858e-03
2.498050580206475670e-03
1.031373912044368122e-03
1.596184802019181377e-03
9.202982830983542787e-04
1.386515582258053244e-03
4.406250377541900964e-03
1.931812354136428498e-03
1.006546715268911898e-03
4.574309611160828903e-03
2.736325752948687295e-03
1.226237532087738049e-03
9.113706408668788761e-04
2.037133008381441374e-03
1.718228257355844998e-03
1.506069850126067920e-03
1.071568098539719743e-03
2.290131430795750139e-03
1.219614498746187303e-03
2.562761839769583938e-03
6.277134359081290495e-04
4.918723576044248822e-04
2.210488145934697089e-03
2.809832989820477706e-03
2.465723161221297557e-03
4.604627257790335979e-03
2.595129081072373046e-03
2.271487682201435085e-03
8.398509201991801506e-04
1.327715137246868746e-04
