3.863895128225178222e-02
2.221945789826930764e-02
1.714277207745043205e-02
1.430018530351864943e-02
1.581567859689080729e-02
1.773629305106501700e-02
1.908527478953781983e-02
1.290031466008221238e-02
1.474967683059726087e-02
9.108431774773941350e-03
1.434457092437980280e-02
7.239180322665590868e-03
1.134660327708776270e-02
1.403683472742090280e-02
4.502073152731827718e-03
1.238885773847822440e-02
1.462467968123559552e-02
1.185133764092012598e-02
6.078106113030236866e-03
4.850194262296081936e-03
9.016664176386851928e-03
7.000775175636702111e-03
6.636151972457084332e-03
6.566564980717049665e-03
1.356692130553570873e-02
1.019530600246464601e-02
9.330565958465332141e-03
9.794941382257803253e-03
1.457234890766433318e-02
1.240162217230955481e-02
4.795246676510622232e-03
2.513079440565741101e-03
1.376451591105325688e-02
1.236260395723156637e-02
6.816063324091138284e-03
4.853904553096849601e-03
1.039885874427616368e-02
4.791669513839951627e-03
3.378682265672839670e-03
1.116654115928778640e-03
2.395730097939622119e-03
1.535149728840717528e-02
1.683635639010612819e-02
6.289649488951321726e-03
6.051550195733197170e-03
2.763777694091287731e-03
2.409680363400237401e-03
1.283420965846387854e-03
1.010928389105891084e-03
1.673920850013759995e-02
