9.515607953071594238e-01
9.631636142730712891e-01
9.719827771186828613e-01
9.720129370689392090e-01
9.750271439552307129e-01
9.600862860679626465e-01
9.643628597259521484e-01
9.784482717514038086e-01
9.697297215461730957e-01
9.838882684707641602e-01
9.804772138595581055e-01
9.892008900642395020e-01
9.773950576782226562e-01
9.784017205238342285e-01
9.935414195060729980e-01
9.763185977935791016e-01
9.718614816665649414e-01
9.763185977935791016e-01
9.913978576660156250e-01
9.892818927764892578e-01
9.881080985069274902e-01
9.870689511299133301e-01
9.849462509155273438e-01
9.892241358757019043e-01
9.804983735084533691e-01
9.827213883399963379e-01
9.848812222480773926e-01
9.860064387321472168e-01
9.699248075485229492e-01
9.784714579582214355e-01
9.946236610412597656e-01
9.957173466682434082e-01
9.720730185508728027e-01
9.773950576782226562e-01
9.881337881088256836e-01
9.914070963859558105e-01
9.785177111625671387e-01
9.924731254577636719e-01
9.967741966247558594e-01
1.000000000000000000e+00
9.967811107635498047e-01
9.763185977935791016e-01
9.666307568550109863e-01
9.881974458694458008e-01
9.871244430541992188e-01
9.957127571105957031e-01
9.978517889976501465e-01
1.000000000000000000e+00
1.000000000000000000e+00
9.730021357536315918e-01
