9.885064882824118326e-01
3.948144474084697153e-01
2.907022076858649107e-01
2.444265156315939269e-01
2.191495316324259257e-01
1.879525211541058782e-01
1.719292061939088623e-01
1.520304350264558568e-01
1.442111100418766167e-01
1.510553321516428515e-01
1.326651879899060638e-01
1.200553366250916298e-01
1.149703817854186433e-01
1.161194414085727211e-01
1.057892630578120829e-01
9.471536360167126523e-02
9.554687580251711165e-02
1.024834086672679195e-01
8.617616899906914429e-02
8.561270804693126013e-02
8.065925453839731252e-02
7.917931589188775821e-02
8.439063142481004198e-02
8.157837834732963034e-02
7.721495294920283081e-02
7.241444531427973508e-02
6.916804597598963378e-02
6.587941389463496111e-02
6.656238128326881498e-02
6.445013885560055278e-02
5.991830692324286167e-02
5.575599575431401667e-02
5.640896371710740764e-02
6.415712831747608091e-02
5.722859564500229479e-02
5.684427364739524924e-02
5.471775257757057614e-02
5.143563971246385008e-02
4.712802939625267834e-02
4.728121502388828862e-02
4.306076238183897953e-02
5.766622146097975105e-02
4.531614018517802350e-02
4.035383237871951329e-02
4.145552257509095562e-02
4.143378589027783832e-02
4.035061368409121468e-02
4.016624856733215509e-02
3.724612124212285658e-02
3.897907083957286717e-02
3.515941259888964027e-02
3.574359664497591543e-02
3.705054027162832386e-02
3.516103524786321627e-02
3.335249138595111629e-02
3.774448503110708342e-02
3.172418439400631618e-02
2.786954092588507514e-02
2.893100843911929412e-02
2.788538402293960078e-02
2.760162737909978292e-02
2.717721971124691452e-02
2.315022869760860816e-02
2.888707504103987453e-02
2.526076185656378134e-02
1.984531204611108060e-02
2.621828336177391833e-02
2.372757838064817881e-02
1.958047252817481793e-02
1.838229593107897422e-02
1.812720247683011210e-02
1.814287894131960330e-02
2.261319055347999971e-02
2.549544524863401468e-02
2.014199159676093379e-02
1.938238613226033608e-02
2.128122440074867866e-02
1.753628116836114872e-02
1.325865388402762413e-02
2.607053269035735157e-02
1.534186443640428096e-02
1.376889038141543113e-02
1.699515904485617707e-02
1.077580498427902454e-02
1.381240721967154188e-02
1.704046051770931672e-02
2.054226551864182446e-02
1.060216683874035289e-02
1.710842339275632853e-02
1.707380419543319885e-02
1.233697852696921497e-02
1.116421602882621857e-02
1.725683449025069635e-02
1.036205755619004285e-02
7.641702418696856049e-03
1.028711113905343873e-02
1.792907156387208573e-02
9.157225219013300291e-03
8.804986567215069074e-03
1.325618467331241522e-02
1.555246169069101660e-02
9.541642032700593454e-03
6.538685552370051418e-03
1.350159130871500870e-02
7.753404175133900636e-03
3.519264037243086899e-03
5.976238660988265894e-03
1.372234378960664539e-02
1.341921607898797532e-02
1.346343874454265267e-02
1.019781260483340439e-02
5.599365081443969869e-03
6.381686413764203585e-03
1.230671600160626773e-02
9.319748548582642081e-03
1.327454601088029831e-02
2.998364484560726070e-03
3.894275410119774072e-03
6.896288694425592100e-03
1.569543199306876885e-02
5.228747987038151468e-03
4.039533210172687946e-03
2.530072232016073851e-03
1.698131770382804067e-03
1.552683716459790165e-03
1.543177002647739193e-03
1.518319617438032088e-03
1.471295504170110893e-03
1.431482017641943875e-03
1.422975434073205916e-03
1.410187727577220506e-03
3.329621061121555703e-02
2.817775879019806043e-02
1.307691446173047355e-02
1.336130444852082731e-02
4.207872283563180403e-03
3.391901503379895176e-03
3.448280271829365189e-03
4.397175658306074278e-03
5.857432081742872977e-03
1.378787994585563455e-02
1.123589649298001834e-02
1.024583001419918614e-02
2.314420710012381113e-03
1.436901786922776701e-03
2.925348840952284729e-03
1.133641043486255384e-02
1.261785359742682334e-02
4.462432341842852319e-03
3.686023072827196174e-03
