7.807486504316329956e-02
2.320855557918548584e-01
3.411764800548553467e-01
4.566844999790191650e-01
5.155079960823059082e-01
5.572192668914794922e-01
5.967914462089538574e-01
6.352941393852233887e-01
6.524063944816589355e-01
6.417112350463867188e-01
6.951871514320373535e-01
7.219251394271850586e-01
7.336898446083068848e-01
7.411764860153198242e-01
7.604278326034545898e-01
7.743315696716308594e-01
7.839572429656982422e-01
7.764706015586853027e-01
8.064171075820922852e-01
8.096256852149963379e-01
8.160427808761596680e-01
8.267379403114318848e-01
8.352941274642944336e-01
8.245989084243774414e-01
8.449198007583618164e-01
8.588235378265380859e-01
8.534759283065795898e-01
8.588235378265380859e-01
8.609625697135925293e-01
8.609625697135925293e-01
8.780748844146728516e-01
8.834224343299865723e-01
8.780748844146728516e-01
8.577539920806884766e-01
8.727272748947143555e-01
8.812834024429321289e-01
8.780748844146728516e-01
8.866310119628906250e-01
8.951871395111083984e-01
9.058823585510253906e-01
9.048128128051757812e-01
8.695186972618103027e-01
8.909090757369995117e-01
9.122994542121887207e-01
9.101604223251342773e-01
9.176470637321472168e-01
9.165775179862976074e-01
9.101604223251342773e-01
9.112299680709838867e-01
9.122994542121887207e-01
9.133689999580383301e-01
9.219251275062561035e-01
9.240641593933105469e-01
9.240641593933105469e-01
9.240641593933105469e-01
9.176470637321472168e-01
9.283422231674194336e-01
9.390374422073364258e-01
9.336898326873779297e-01
9.368984103202819824e-01
9.422459602355957031e-01
9.358288645744323730e-01
9.454545378684997559e-01
9.368984103202819824e-01
9.454545378684997559e-01
9.540106654167175293e-01
9.358288645744323730e-01
9.529411792755126953e-01
9.593582749366760254e-01
9.550802111625671387e-01
9.561497569084167480e-01
9.572192430496215820e-01
9.540106654167175293e-01
9.379678964614868164e-01
9.572192430496215820e-01
9.529411792755126953e-01
9.486631155014038086e-01
9.636363387107849121e-01
9.711229801177978516e-01
9.422459602355957031e-01
9.668449163436889648e-01
9.700534939765930176e-01
9.700534939765930176e-01
9.743315577507019043e-01
9.636363387107849121e-01
9.636363387107849121e-01
9.604278206825256348e-01
9.796791672706604004e-01
9.636363387107849121e-01
9.689839482307434082e-01
9.721925258636474609e-01
9.786096215248107910e-01
9.636363387107849121e-01
9.796791672706604004e-01
9.839572310447692871e-01
9.775401353836059570e-01
9.647058844566345215e-01
9.818181991577148438e-01
9.828876852989196777e-01
9.743315577507019043e-01
9.700534939765930176e-01
9.775401353836059570e-01
9.882352948188781738e-01
9.743315577507019043e-01
9.860962629318237305e-01
9.978609681129455566e-01
9.871657490730285645e-01
9.700534939765930176e-01
9.657754302024841309e-01
9.764705896377563477e-01
9.721925258636474609e-01
9.871657490730285645e-01
9.893048405647277832e-01
9.754010438919067383e-01
9.796791672706604004e-01
9.743315577507019043e-01
9.957219362258911133e-01
9.957219362258911133e-01
9.860962629318237305e-01
9.700534939765930176e-01
9.925133585929870605e-01
9.925133585929870605e-01
9.989304542541503906e-01
1.000000000000000000e+00
1.000000000000000000e+00
1.000000000000000000e+00
1.000000000000000000e+00
1.000000000000000000e+00
1.000000000000000000e+00
1.000000000000000000e+00
1.000000000000000000e+00
9.465240836143493652e-01
9.433155059814453125e-01
9.711229801177978516e-01
9.700534939765930176e-01
9.935829043388366699e-01
9.946523904800415039e-01
9.935829043388366699e-01
9.882352948188781738e-01
9.903743267059326172e-01
9.700534939765930176e-01
9.764705896377563477e-01
9.764705896377563477e-01
9.978609681129455566e-01
1.000000000000000000e+00
9.925133585929870605e-01
9.754010438919067383e-01
9.743315577507019043e-01
9.914438724517822266e-01
9.914438724517822266e-01
