8.895348906517028809e-01
9.459459185600280762e-01
9.396551847457885742e-01
9.132947921752929688e-01
9.319526553153991699e-01
9.617646932601928711e-01
9.536231756210327148e-01
9.626436829566955566e-01
9.656160473823547363e-01
9.304347634315490723e-01
9.237288236618041992e-01
9.423630833625793457e-01
9.596541523933410645e-01
9.914285540580749512e-01
9.492957592010498047e-01
9.461756348609924316e-01
9.659090638160705566e-01
9.515669345855712891e-01
9.660056829452514648e-01
9.690141081809997559e-01
9.691011309623718262e-01
9.712643623352050781e-01
9.546742439270019531e-01
9.803921580314636230e-01
9.715909361839294434e-01
9.711815714836120605e-01
9.686609506607055664e-01
9.745042324066162109e-01
9.859154820442199707e-01
9.887955188751220703e-01
9.943977594375610352e-01
9.972066879272460938e-01
9.747899174690246582e-01
9.159420132637023926e-01
9.597701430320739746e-01
9.604519605636596680e-01
9.606741666793823242e-01
9.742857217788696289e-01
9.716714024543762207e-01
9.666666388511657715e-01
9.860724210739135742e-01
9.686609506607055664e-01
9.498607516288757324e-01
9.630681872367858887e-01
9.944134354591369629e-01
1.000000000000000000e+00
9.971910119056701660e-01
1.000000000000000000e+00
1.000000000000000000e+00
1.000000000000000000e+00
