1.072063980365206559e-02
9.854844819565163755e-03
6.790256818883242187e-03
5.443558336425694845e-03
6.859617983324749896e-03
5.792278250885998271e-03
4.371936478338120727e-03
4.280571337100681946e-03
3.234081095150376922e-03
3.407079376969792978e-03
3.584478636973977787e-03
3.414999849503286885e-03
2.388142284415916815e-03
1.692516022082416437e-03
3.399513390931573412e-03
3.384808958367577572e-03
2.052005598267799425e-03
3.645202227695681918e-03
4.576599648813555604e-03
2.998477068710647675e-03
2.130989411345730715e-03
2.514096496151338282e-03
4.229473423565418069e-03
1.812838783593292242e-03
7.132771811704394227e-03
3.721571890731020533e-03
1.563532628136818023e-03
1.485346673927053504e-03
2.935905706919165071e-03
4.174989655121724708e-03
3.303240580131020301e-03
2.238710829333690790e-03
1.714603453809206233e-03
2.431168076481034224e-03
4.389833566888086056e-03
3.824704208529585911e-03
2.214634652216902061e-03
3.401646162136736252e-03
1.266589291106473385e-03
1.028792499233510595e-03
8.452651795939487541e-04
6.350108812254415562e-04
3.871971400097352911e-04
1.281655925407071102e-03
8.707834374301921939e-04
1.299935712346613013e-03
3.180691040589153380e-03
2.167982151019984000e-03
2.084996775077047233e-03
1.702338205598144050e-03
