2.025601493209252743e-02
1.193150093791226982e-02
1.253887647283659368e-02
1.436219033650879343e-02
1.346964785427879827e-02
1.050598835105485442e-02
7.102048679607895695e-03
5.143921277178128623e-03
7.311946376548244565e-03
4.442079435734614876e-03
2.106309771837522066e-03
7.110535589660843883e-03
9.755775332954704990e-03
3.556977904379213240e-03
1.836185491294347119e-02
5.886802186995834622e-03
1.995741630627551142e-03
3.361632772626283079e-03
3.276321469196864528e-03
3.409137813299545350e-03
2.357184407054531156e-03
2.063589129856523846e-02
4.977775240387250291e-03
4.202054314864156655e-03
5.294333671784963186e-04
3.964995707676151858e-03
1.799547884593598324e-03
3.502235996003561121e-03
1.334525431884101866e-03
2.405048560148889680e-01
2.778225197704170535e-02
6.583067652439239525e-03
5.104073060070002561e-03
2.041141114601311302e-03
4.178128466570037516e-03
1.663162698590102797e-03
2.002614258490405513e-03
1.752884069176102256e-03
1.557828127558619951e-03
4.833092242894919226e-03
3.174659262678032785e-03
3.998318773064366699e-03
1.239197657365006221e-03
1.730244957540192892e-03
1.678041962370701483e-03
8.149948697957080978e-04
8.023482263226946716e-04
2.342448712362089468e-03
2.111637419819626521e-03
6.303966142373387642e-03
