8.333333134651184082e-01
8.925619721412658691e-01
9.137930870056152344e-01
9.024389982223510742e-01
9.316239356994628906e-01
9.032257795333862305e-01
9.152542352676391602e-01
9.166666865348815918e-01
9.426229596138000488e-01
9.406779408454895020e-01
9.327731132507324219e-01
9.067796468734741211e-01
9.666666388511657715e-01
9.583333134651184082e-01
9.354838728904724121e-01
9.669421315193176270e-01
9.349593520164489746e-01
9.576271176338195801e-01
9.344262480735778809e-01
9.416666626930236816e-01
9.672130942344665527e-01
9.243697524070739746e-01
9.833333492279052734e-01
9.256198406219482422e-01
9.593495726585388184e-01
9.672130942344665527e-01
9.426229596138000488e-01
9.752066135406494141e-01
9.672130942344665527e-01
9.508196711540222168e-01
9.579831957817077637e-01
1.000000000000000000e+00
9.674796462059020996e-01
9.747899174690246582e-01
9.752066135406494141e-01
9.836065769195556641e-01
9.666666388511657715e-01
9.834710955619812012e-01
9.430894255638122559e-01
9.435483813285827637e-01
9.508196711540222168e-01
1.000000000000000000e+00
9.830508232116699219e-01
9.756097793579101562e-01
1.000000000000000000e+00
1.000000000000000000e+00
1.000000000000000000e+00
1.000000000000000000e+00
9.752066135406494141e-01
9.338843226432800293e-01
