5.044718014285905217e-02
3.510348958343346287e-02
2.959573501304873372e-02
2.050723996024915105e-02
4.860499890583280108e-02
2.397799251724311645e-02
1.866743340504905743e-02
1.155905322965390322e-02
1.475570400600849548e-02
1.700920579225317572e-02
1.128342649305532838e-02
4.449870931098669213e-02
1.301861141611067654e-02
1.115989030916884721e-02
8.275612349134665521e-03
4.270249938416598168e-03
3.409053357043073055e-03
3.561046352334788084e-03
6.548975170319873938e-03
1.066889459606052207e-02
9.674198312348199560e-03
1.293998300951770125e-02
1.061638045710879691e-02
1.387815302442482399e-02
1.842390119273454654e-02
1.372549913537918914e-02
8.765831079291550726e-03
4.225495653358817688e-03
2.375904852646522694e-03
4.867175231687490868e-03
6.573445945399053990e-03
1.204293060807124990e-02
5.508171430457608000e-03
5.967307100975395399e-03
6.895983467958347914e-03
1.064770508185141837e-02
3.057738675050875390e-03
2.163953229216238582e-03
1.483483772569802036e-03
1.363105422611506426e-02
1.508653313475354953e-02
5.527935374683662015e-03
4.643351739940028075e-03
1.480870018719982395e-03
1.069770071830411897e-03
2.062516271864265390e-03
1.295876476837869336e-02
1.567259931142070059e-02
1.400160547169304256e-02
6.952471940277919760e-03
