8.333333134651184082e-01
8.593073487281799316e-01
8.744588494300842285e-01
9.090909361839294434e-01
7.900432944297790527e-01
8.939393758773803711e-01
9.112554192543029785e-01
9.480519294738769531e-01
9.329004287719726562e-01
9.242424368858337402e-01
9.523809552192687988e-01
8.203462958335876465e-01
9.458874464035034180e-01
9.372294545173645020e-01
9.588744640350341797e-01
9.761904478073120117e-01
9.848484992980957031e-01
9.870129823684692383e-01
9.696969985961914062e-01
9.502164721488952637e-01
9.523809552192687988e-01
9.545454382896423340e-01
9.523809552192687988e-01
9.393939375877380371e-01
9.199134111404418945e-01
9.393939375877380371e-01
9.567099809646606445e-01
9.826839566230773926e-01
9.935064911842346191e-01
9.826839566230773926e-01
9.718614816665649414e-01
9.502164721488952637e-01
9.740259647369384766e-01
9.783549904823303223e-01
9.610389471054077148e-01
9.545454382896423340e-01
9.870129823684692383e-01
9.913420081138610840e-01
9.956709742546081543e-01
9.415584206581115723e-01
9.502164721488952637e-01
9.761904478073120117e-01
9.891774654388427734e-01
9.956709742546081543e-01
1.000000000000000000e+00
9.978355169296264648e-01
9.545454382896423340e-01
9.329004287719726562e-01
9.458874464035034180e-01
9.653679728507995605e-01
