2.859619782073055325e-02
1.215245673777432325e-02
1.526119143550642120e-02
1.140720492329503656e-02
7.455599849582309271e-03
1.392417715841139450e-02
9.966682958436695605e-03
6.481481023340251481e-03
3.872531482595582657e-03
9.672189636105183591e-03
2.118145691472802725e-03
7.618107608618865205e-03
5.172070615726770751e-03
6.318645844642792678e-03
5.301313305380785969e-03
7.271995025727006311e-03
1.063365504283267631e-03
1.893128171445045008e-03
4.199539730216505715e-03
1.122271567492349976e-03
4.044214084388117122e-03
5.795322182992895463e-03
1.704384896615454385e-03
4.409275226075772512e-03
1.283547512748384016e-03
2.553732136178135247e-04
3.139295262229026642e-04
3.325008710810211212e-04
2.047537021279081677e-03
4.677215235401063417e-03
3.773968694311454625e-03
7.178669563379308852e-03
5.447777675155343093e-03
3.263079594015334643e-03
2.315086222481727539e-03
4.216165743115767722e-03
5.112034198307220580e-04
2.418738863784963779e-04
6.005677501143949319e-03
1.083953493394188483e-03
2.280481705634849164e-03
8.638439886299000480e-04
4.526238671105750101e-03
1.163889674298744688e-02
2.478784078351234290e-03
3.909173592160461452e-03
1.488554772001330706e-03
5.162770544306943821e-03
5.406013051263603916e-03
5.050713411837964417e-04
