1.224052587922934421e-02
2.502377524886745599e-02
6.543389219816673694e-03
6.039687564108558657e-03
2.022683808615164877e-02
8.802210209552669903e-03
8.111701616086422137e-03
2.063036530324834777e-02
1.042037301778925111e-02
1.014672685774406155e-02
1.907295704327802155e-02
6.746858705000778784e-03
6.569735080172746204e-03
8.533669428505105334e-03
1.046159866881435710e-02
1.092116807121981496e-02
7.409723508764134124e-03
1.052920320165722998e-02
1.799007302345827231e-02
7.265204913044754319e-03
2.054084826469807380e-03
2.670612968434735168e-02
7.546498297690214935e-03
1.558418820359769915e-03
7.995388466887633563e-03
1.507336369362925060e-02
1.251376099543159010e-02
6.051874107339002759e-03
9.911598879410739305e-03
4.324511692128655237e-03
1.590700577069979055e-02
6.559118543107226793e-03
1.131993849891806472e-02
7.424919849384080742e-03
9.634272043352052131e-03
1.261292257990444601e-02
5.251078699454123262e-03
2.058138317991415472e-03
8.859049116950994812e-03
1.833511708246066130e-02
1.395858861832278801e-02
8.152499679569318036e-03
5.403068069871366091e-03
6.707871653010706939e-03
5.781505506397909867e-03
9.033963077435891789e-03
1.102508753371470550e-02
1.120600976036179031e-02
5.252706466764661859e-03
1.793939222255633639e-02
