9.832636117935180664e-01
9.663865566253662109e-01
9.907988309860229492e-01
9.920701384544372559e-01
9.735183119773864746e-01
9.887029528617858887e-01
9.891167879104614258e-01
9.719077348709106445e-01
9.820684194564819336e-01
9.861982464790344238e-01
9.707602262496948242e-01
9.920435547828674316e-01
9.912427067756652832e-01
9.853923320770263672e-01
9.840670824050903320e-01
9.816360473632812500e-01
9.891576170921325684e-01
9.841203689575195312e-01
9.744234681129455566e-01
9.903765916824340820e-01
9.970845580101013184e-01
9.701680541038513184e-01
9.882845282554626465e-01
9.979166388511657715e-01
9.887406229972839355e-01
9.790531992912292480e-01
9.824414849281311035e-01
9.924717545509338379e-01
9.861866831779479980e-01
9.941520690917968750e-01
9.758433699607849121e-01
9.899707436561584473e-01
9.870184063911437988e-01
9.891394972801208496e-01
9.874947667121887207e-01
9.815745353698730469e-01
9.924812316894531250e-01
9.979149103164672852e-01
9.862040281295776367e-01
9.749687314033508301e-01
9.820907711982727051e-01
9.878711700439453125e-01
9.924968481063842773e-01
9.908027052879333496e-01
9.916492700576782227e-01
9.882991909980773926e-01
9.841203689575195312e-01
9.824708104133605957e-01
9.928959608078002930e-01
9.753241539001464844e-01
