1.192927544959434399e-02
1.096160075430591477e-02
8.595716002651920123e-03
8.372356241796307871e-03
6.012881541326172558e-03
1.096591455661056515e-02
1.022897548043756773e-02
8.644255728868227920e-03
6.367284414580997969e-03
6.771469076376265134e-03
6.228830751483126899e-03
6.713614347550164556e-03
6.005092040582219078e-03
7.432201971959395172e-03
8.613080043288832977e-03
3.247266559193788017e-03
3.544923606603590880e-03
5.619591179099960726e-03
3.891193761151012266e-03
5.090895490061391436e-03
4.534144025846705353e-03
6.310670457995878196e-03
8.469946264594501589e-03
2.249386050865552576e-03
6.226334446186811492e-03
4.013046465630791017e-03
2.604362046254431098e-03
5.560534951890802081e-03
3.643554924412085744e-03
3.639973448131717838e-03
2.291187564983852756e-03
3.341957625333844169e-03
5.069799889934701285e-03
8.317323508198000773e-03
5.972561708988888794e-03
1.992211162834786262e-03
3.002587099483387811e-03
3.028658298415763932e-03
3.081664257750601262e-03
3.523921531480073231e-03
2.646758740547675189e-03
2.352185273981680352e-03
5.265671405478963320e-03
2.485989952688815938e-03
3.420927135991418035e-03
3.167582632479764692e-03
1.499207273680734556e-03
3.952015318862475181e-03
2.008649780478574936e-03
8.927004934844216463e-03
