9.277456402778625488e-01
9.454023241996765137e-01
9.435028433799743652e-01
9.774011373519897461e-01
9.633802771568298340e-01
9.656160473823547363e-01
9.720670580863952637e-01
9.776536226272583008e-01
9.719101190567016602e-01
9.719101190567016602e-01
9.573863744735717773e-01
9.745762944221496582e-01
9.861111044883728027e-01
9.944444298744201660e-01
9.860724210739135742e-01
9.916434288024902344e-01
9.715099930763244629e-01
9.719887971878051758e-01
9.779005646705627441e-01
9.457142949104309082e-01
9.608938694000244141e-01
9.944289922714233398e-01
9.972144961357116699e-01
9.944444298744201660e-01
9.861496090888977051e-01
9.747191071510314941e-01
9.888579249382019043e-01
9.491525292396545410e-01
9.747899174690246582e-01
9.750000238418579102e-01
9.889502525329589844e-01
9.887323975563049316e-01
9.972066879272460938e-01
1.000000000000000000e+00
9.776536226272583008e-01
9.804469347000122070e-01
9.632768630981445312e-01
9.887955188751220703e-01
9.777777791023254395e-01
9.888268113136291504e-01
1.000000000000000000e+00
1.000000000000000000e+00
1.000000000000000000e+00
1.000000000000000000e+00
1.000000000000000000e+00
1.000000000000000000e+00
1.000000000000000000e+00
1.000000000000000000e+00
1.000000000000000000e+00
1.000000000000000000e+00
