6.034482643008232117e-02
1.764705926179885864e-01
3.058823645114898682e-01
2.873563170433044434e-01
4.886363744735717773e-01
5.119047760963439941e-01
5.056179761886596680e-01
5.053763389587402344e-01
5.000000000000000000e-01
4.857142865657806396e-01
5.104166865348815918e-01
5.591397881507873535e-01
5.869565010070800781e-01
7.078651785850524902e-01
5.714285969734191895e-01
6.391752362251281738e-01
6.734693646430969238e-01
7.173913121223449707e-01
6.210526227951049805e-01
7.755101919174194336e-01
6.559139490127563477e-01
6.699029207229614258e-01
7.099999785423278809e-01
7.187500000000000000e-01
7.216494679450988770e-01
6.868686676025390625e-01
7.475728392601013184e-01
7.699999809265136719e-01
7.087378501892089844e-01
7.623762488365173340e-01
7.596153616905212402e-01
8.000000119209289551e-01
7.572815418243408203e-01
7.551020383834838867e-01
7.596153616905212402e-01
7.843137383460998535e-01
8.076922893524169922e-01
7.663551568984985352e-01
7.663551568984985352e-01
7.864077687263488770e-01
7.961165308952331543e-01
8.446602225303649902e-01
8.446602225303649902e-01
8.148148059844970703e-01
7.264150977134704590e-01
8.365384340286254883e-01
8.598130941390991211e-01
8.611111044883728027e-01
8.301886916160583496e-01
8.217821717262268066e-01
8.627451062202453613e-01
9.417475461959838867e-01
8.952381014823913574e-01
8.691588640213012695e-01
9.065420627593994141e-01
9.333333373069763184e-01
8.796296119689941406e-01
9.134615659713745117e-01
8.867924809455871582e-01
8.055555820465087891e-01
8.990825414657592773e-01
8.571428656578063965e-01
9.333333373069763184e-01
9.259259104728698730e-01
9.439252614974975586e-01
8.981481194496154785e-01
9.619047641754150391e-01
8.962264060974121094e-01
8.773584961891174316e-01
9.345794320106506348e-01
8.703703880310058594e-01
9.339622855186462402e-01
9.523809552192687988e-01
8.703703880310058594e-01
9.272727370262145996e-01
9.719626307487487793e-01
9.814814925193786621e-01
9.074074029922485352e-01
8.807339668273925781e-01
9.714285731315612793e-01
8.857142925262451172e-01
9.074074029922485352e-01
8.018867969512939453e-01
9.532710313796997070e-01
9.056603908538818359e-01
9.532710313796997070e-01
9.816513657569885254e-01
9.626168012619018555e-01
9.545454382896423340e-01
9.074074029922485352e-01
9.541284441947937012e-01
9.639639854431152344e-01
9.907407164573669434e-01
9.727272987365722656e-01
9.816513657569885254e-01
9.252336621284484863e-01
9.363636374473571777e-01
9.819819927215576172e-01
9.285714030265808105e-01
8.990825414657592773e-01
9.252336621284484863e-01
9.272727370262145996e-01
9.818181991577148438e-01
9.639639854431152344e-01
9.541284441947937012e-01
9.439252614974975586e-01
9.351851940155029297e-01
9.439252614974975586e-01
9.816513657569885254e-01
9.459459185600280762e-01
9.909090995788574219e-01
9.908257126808166504e-01
9.819819927215576172e-01
9.636363387107849121e-01
8.999999761581420898e-01
9.636363387107849121e-01
9.444444179534912109e-01
9.266055226325988770e-01
9.545454382896423340e-01
9.719626307487487793e-01
1.000000000000000000e+00
9.819819927215576172e-01
9.629629850387573242e-01
9.814814925193786621e-01
9.449541568756103516e-01
9.722222089767456055e-01
9.729729890823364258e-01
1.000000000000000000e+00
9.727272987365722656e-01
1.000000000000000000e+00
9.642857313156127930e-01
9.722222089767456055e-01
9.908257126808166504e-01
9.909909963607788086e-01
9.636363387107849121e-01
9.082568883895874023e-01
9.545454382896423340e-01
9.636363387107849121e-01
1.000000000000000000e+00
1.000000000000000000e+00
9.909090995788574219e-01
8.981481194496154785e-01
9.727272987365722656e-01
9.633027315139770508e-01
9.549549818038940430e-01
9.279279112815856934e-01
9.449541568756103516e-01
1.000000000000000000e+00
9.909090995788574219e-01
9.908257126808166504e-01
