2.901508214013670539e-02
1.707433295251208072e-02
1.927413507169946361e-02
1.873386640489595883e-02
1.113283742111238241e-02
1.078967596767876208e-02
9.861051294062280620e-03
1.307297007882432527e-02
9.067380053740020998e-03
8.843175855898912502e-03
6.631034153319797890e-03
6.697023049767992543e-03
9.390632072579513032e-03
1.085048641629021531e-02
5.281772590335789483e-03
8.520347901162839827e-03
1.021475743225914307e-02
3.336025224840866686e-03
6.666217509023984744e-03
5.943372296216304675e-03
8.375090093407587186e-03
6.461987745136418479e-03
1.027061457360427428e-02
6.069146296116415332e-03
3.240590051266447474e-03
3.440365090659784283e-03
9.623045280132531965e-03
3.613736715250831857e-03
1.955381481771193645e-03
3.983681305661998517e-03
1.189858589475606583e-02
6.161430920705302655e-03
7.070194487051270973e-03
3.498410937920178130e-03
2.299584716834868724e-03
1.648685028407616314e-03
4.503717899003331811e-03
3.818944376233902004e-03
5.706194819363370925e-03
4.263099783947232012e-03
3.339013228158747588e-03
8.220007313855111700e-03
7.039175627559590177e-03
2.749559061883481790e-03
2.243647040197243626e-03
3.545590070902563708e-03
3.854288774807403985e-03
4.810946247768749934e-03
5.297962336675500657e-03
3.716659924708365197e-03
