8.311688303947448730e-01
8.766233921051025391e-01
9.025974273681640625e-01
9.393939375877380371e-01
9.264069199562072754e-01
9.458874464035034180e-01
9.588744640350341797e-01
9.848484992980957031e-01
9.545454382896423340e-01
9.285714030265808105e-01
9.393939375877380371e-01
9.632034897804260254e-01
9.545454382896423340e-01
9.567099809646606445e-01
9.415584206581115723e-01
9.675324559211730957e-01
9.696969985961914062e-01
9.848484992980957031e-01
9.805194735527038574e-01
1.000000000000000000e+00
9.848484992980957031e-01
9.848484992980957031e-01
9.004328846931457520e-01
9.458874464035034180e-01
9.610389471054077148e-01
9.588744640350341797e-01
9.718614816665649414e-01
9.913420081138610840e-01
9.913420081138610840e-01
9.978355169296264648e-01
9.956709742546081543e-01
9.978355169296264648e-01
9.935064911842346191e-01
9.393939375877380371e-01
9.307359457015991211e-01
9.415584206581115723e-01
9.675324559211730957e-01
9.891774654388427734e-01
9.935064911842346191e-01
9.848484992980957031e-01
9.913420081138610840e-01
9.805194735527038574e-01
1.000000000000000000e+00
9.956709742546081543e-01
1.000000000000000000e+00
1.000000000000000000e+00
1.000000000000000000e+00
1.000000000000000000e+00
1.000000000000000000e+00
1.000000000000000000e+00
