3.136745637962260608e-02
1.891868706057774074e-02
1.724823543931700703e-02
1.173875159242840187e-02
7.885890242343807782e-03
9.312189511417229976e-03
8.036483976058090770e-03
4.735825343620950201e-03
7.459487212391531334e-03
4.120703645205063721e-03
4.419933635470459261e-03
2.275328483313867819e-02
1.020295930015939663e-02
8.520914707083056261e-03
9.273899552971200458e-03
3.928288831941260072e-03
2.159507880138662218e-03
3.091023614144030370e-03
1.578885454244289676e-03
2.074782867288639185e-03
7.041453421355676513e-03
3.715316994498535363e-03
2.094072339680611711e-02
1.094067499956607667e-02
3.338835311423988227e-03
2.865768009783416139e-03
2.450592919884955236e-03
6.889946284283592418e-03
1.132726415102187911e-02
6.268271644873508498e-03
5.888884205759771680e-03
4.759093450931039734e-03
2.287027763712458795e-03
1.211197652559127189e-03
1.213584108300232254e-03
1.217444553777927195e-03
1.380999924604462813e-03
1.569287422314810318e-02
1.454278125690397667e-02
2.232565820176499530e-02
2.185159481147288564e-03
1.938518879111923634e-03
1.466268544503357939e-03
1.916679495890285341e-03
1.139778826504494981e-03
1.225930987559909792e-03
1.115250602745937935e-03
1.089495577411430088e-03
1.051571239286519261e-03
1.042553641001864317e-03
