9.285714030265808105e-01
9.385474920272827148e-01
9.519773721694946289e-01
9.689265489578247070e-01
9.830508232116699219e-01
9.774011373519897461e-01
9.749303460121154785e-01
9.805555343627929688e-01
9.719101190567016602e-01
9.916434288024902344e-01
9.888268113136291504e-01
9.405099153518676758e-01
9.720670580863952637e-01
9.692737460136413574e-01
9.663865566253662109e-01
9.888268113136291504e-01
9.944444298744201660e-01
9.916897416114807129e-01
1.000000000000000000e+00
9.972144961357116699e-01
9.775910377502441406e-01
9.916434288024902344e-01
9.299719929695129395e-01
9.688385128974914551e-01
9.943977594375610352e-01
9.916666746139526367e-01
9.944289922714233398e-01
9.722991585731506348e-01
9.663865566253662109e-01
9.777158498764038086e-01
9.803921580314636230e-01
9.888579249382019043e-01
9.944289922714233398e-01
1.000000000000000000e+00
1.000000000000000000e+00
1.000000000000000000e+00
1.000000000000000000e+00
9.498607516288757324e-01
9.604519605636596680e-01
9.277777671813964844e-01
9.944289922714233398e-01
9.972222447395324707e-01
1.000000000000000000e+00
9.944444298744201660e-01
1.000000000000000000e+00
1.000000000000000000e+00
1.000000000000000000e+00
1.000000000000000000e+00
1.000000000000000000e+00
1.000000000000000000e+00
