9.428571164608001709e-02
2.000000029802322388e-01
3.285714387893676758e-01
4.000000059604644775e-01
5.457142591476440430e-01
5.714285969734191895e-01
5.685714483261108398e-01
6.657142639160156250e-01
6.342856884002685547e-01
6.428571343421936035e-01
6.885714530944824219e-01
6.942856907844543457e-01
7.142857313156127930e-01
7.742857336997985840e-01
7.114285826683044434e-01
7.885714173316955566e-01
7.514285445213317871e-01
7.485714554786682129e-01
7.885714173316955566e-01
7.885714173316955566e-01
7.857142686843872070e-01
8.171428442001342773e-01
7.914285659790039062e-01
8.142856955528259277e-01
7.914285659790039062e-01
8.257142901420593262e-01
8.685714006423950195e-01
8.142856955528259277e-01
8.142856955528259277e-01
8.428571224212646484e-01
8.371428847312927246e-01
8.457142710685729980e-01
8.485714197158813477e-01
8.771428465843200684e-01
8.542857170104980469e-01
8.428571224212646484e-01
8.742856979370117188e-01
8.485714197158813477e-01
8.771428465843200684e-01
8.742856979370117188e-01
8.657143115997314453e-01
8.971428275108337402e-01
8.799999952316284180e-01
8.885714411735534668e-01
8.885714411735534668e-01
8.885714411735534668e-01
9.085714221000671387e-01
8.828571438789367676e-01
8.971428275108337402e-01
8.914285898208618164e-01
8.857142925262451172e-01
8.571428656578063965e-01
9.028571248054504395e-01
9.085714221000671387e-01
8.999999761581420898e-01
8.942857384681701660e-01
9.114285707473754883e-01
9.228571653366088867e-01
8.971428275108337402e-01
9.171428680419921875e-01
9.057142734527587891e-01
9.228571653366088867e-01
9.171428680419921875e-01
9.314285516738891602e-01
9.285714030265808105e-01
9.285714030265808105e-01
9.085714221000671387e-01
9.314285516738891602e-01
9.571428298950195312e-01
9.514285922050476074e-01
9.342857003211975098e-01
9.285714030265808105e-01
9.571428298950195312e-01
9.342857003211975098e-01
9.457142949104309082e-01
9.142857193946838379e-01
9.485714435577392578e-01
9.742857217788696289e-01
9.885714054107666016e-01
9.514285922050476074e-01
9.314285516738891602e-01
9.685714244842529297e-01
9.742857217788696289e-01
9.742857217788696289e-01
9.571428298950195312e-01
9.628571271896362305e-01
9.457142949104309082e-01
9.457142949104309082e-01
9.657142758369445801e-01
9.742857217788696289e-01
9.542857408523559570e-01
9.714285731315612793e-01
9.428571462631225586e-01
9.628571271896362305e-01
9.771428704261779785e-01
9.885714054107666016e-01
9.771428704261779785e-01
9.599999785423278809e-01
9.628571271896362305e-01
9.857142567634582520e-01
9.542857408523559570e-01
9.485714435577392578e-01
9.771428704261779785e-01
9.942857027053833008e-01
9.828571677207946777e-01
9.571428298950195312e-01
9.800000190734863281e-01
9.714285731315612793e-01
9.685714244842529297e-01
9.657142758369445801e-01
9.742857217788696289e-01
9.542857408523559570e-01
9.828571677207946777e-01
9.771428704261779785e-01
9.771428704261779785e-01
9.828571677207946777e-01
9.971428513526916504e-01
9.942857027053833008e-01
1.000000000000000000e+00
9.771428704261779785e-01
9.428571462631225586e-01
9.771428704261779785e-01
9.742857217788696289e-01
9.742857217788696289e-01
9.657142758369445801e-01
9.885714054107666016e-01
9.942857027053833008e-01
9.742857217788696289e-01
9.885714054107666016e-01
9.914285540580749512e-01
9.742857217788696289e-01
9.771428704261779785e-01
9.742857217788696289e-01
9.942857027053833008e-01
9.828571677207946777e-01
9.857142567634582520e-01
9.800000190734863281e-01
9.828571677207946777e-01
9.942857027053833008e-01
9.942857027053833008e-01
9.828571677207946777e-01
9.714285731315612793e-01
9.885714054107666016e-01
9.599999785423278809e-01
9.628571271896362305e-01
9.942857027053833008e-01
1.000000000000000000e+00
1.000000000000000000e+00
1.000000000000000000e+00
1.000000000000000000e+00
