2.708638310432434082e-01
5.701668262481689453e-01
6.561895608901977539e-01
6.928229928016662598e-01
7.064349651336669922e-01
7.306413054466247559e-01
7.343969941139221191e-01
7.514071464538574219e-01
7.554918527603149414e-01
7.587986588478088379e-01
7.718808054924011230e-01
7.934936285018920898e-01
7.846868038177490234e-01
7.793560624122619629e-01
7.995359897613525391e-01
8.165735602378845215e-01
8.142989873886108398e-01
8.134191036224365234e-01
8.225806355476379395e-01
8.316326737403869629e-01
8.432457447052001953e-01
8.460465073585510254e-01
8.486660718917846680e-01
8.477958440780639648e-01
8.430206179618835449e-01
8.586654067039489746e-01
8.580735325813293457e-01
8.547204136848449707e-01
8.692236542701721191e-01
8.749423027038574219e-01
8.737953305244445801e-01
8.655077815055847168e-01
8.648648858070373535e-01
8.840445280075073242e-01
8.784961104393005371e-01
8.777372241020202637e-01
8.857669234275817871e-01
8.820627927780151367e-01
8.772088885307312012e-01
8.859890103340148926e-01
8.866119980812072754e-01
8.849278092384338379e-01
8.874830603599548340e-01
8.931469917297363281e-01
8.861497044563293457e-01
8.930022716522216797e-01
8.920863270759582520e-01
8.930648565292358398e-01
9.041157960891723633e-01
9.049753546714782715e-01
9.109712243080139160e-01
9.077196121215820312e-01
9.058296084403991699e-01
9.010254144668579102e-01
9.191603660583496094e-01
9.074653387069702148e-01
9.119608998298645020e-01
9.052069187164306641e-01
9.227353334426879883e-01
9.172199964523315430e-01
9.206836223602294922e-01
9.126983880996704102e-01
9.269366264343261719e-01
9.269687533378601074e-01
9.255178570747375488e-01
9.121503233909606934e-01
9.380219578742980957e-01
9.213532805442810059e-01
9.315008521080017090e-01
9.336513280868530273e-01
9.340850114822387695e-01
9.341991543769836426e-01
9.443719983100891113e-01
9.348958134651184082e-01
9.449740052223205566e-01
9.484178423881530762e-01
9.443245530128479004e-01
9.348109364509582520e-01
9.577768445014953613e-01
9.455636739730834961e-01
9.479966163635253906e-01
9.551665186882019043e-01
9.555745124816894531e-01
9.624573588371276855e-01
9.646055698394775391e-01
9.631356000900268555e-01
9.586530327796936035e-01
9.613916277885437012e-01
9.703640937805175781e-01
9.612957239151000977e-01
9.690809249877929688e-01
9.584393501281738281e-01
9.702127575874328613e-01
9.710205793380737305e-01
9.626168012619018555e-01
9.760805964469909668e-01
9.772248268127441406e-01
9.661876559257507324e-01
9.751787781715393066e-01
9.750739336013793945e-01
9.777217507362365723e-01
9.810924530029296875e-01
9.764011502265930176e-01
9.828092455863952637e-01
9.731993079185485840e-01
9.761206507682800293e-01
9.680538177490234375e-01
9.828308224678039551e-01
9.773489832878112793e-01
9.786789417266845703e-01
9.761406183242797852e-01
9.824854135513305664e-01
9.749163985252380371e-01
9.761406183242797852e-01
9.798403978347778320e-01
9.845575690269470215e-01
9.811794161796569824e-01
9.770450592041015625e-01
9.785894155502319336e-01
9.912317395210266113e-01
9.883089661598205566e-01
9.782881140708923340e-01
9.740585684776306152e-01
9.895485043525695801e-01
9.853678941726684570e-01
9.693019390106201172e-01
9.929078221321105957e-01
9.924685955047607422e-01
9.857202768325805664e-01
9.731656312942504883e-01
9.854044914245605469e-01
9.816513657569885254e-01
9.794807434082031250e-01
9.920734167098999023e-01
9.974989295005798340e-01
9.995828270912170410e-01
9.685402512550354004e-01
9.841732382774353027e-01
9.882550239562988281e-01
9.945697784423828125e-01
9.794893264770507812e-01
9.778242707252502441e-01
9.854166507720947266e-01
9.970833063125610352e-01
9.882746934890747070e-01
9.828308224678039551e-01
9.812577962875366211e-01
9.849561452865600586e-01
9.903926253318786621e-01
9.899497628211975098e-01
