2.313463985919952393e-01
4.843684732913970947e-01
5.656523704528808594e-01
6.035848259925842285e-01
6.269279122352600098e-01
6.411004662513732910e-01
6.523551344871520996e-01
6.677782535552978516e-01
6.594414114952087402e-01
6.740308403968811035e-01
6.911212801933288574e-01
7.015423178672790527e-01
7.048770189285278320e-01
6.861191987991333008e-01
7.182159423828125000e-01
7.311379909515380859e-01
7.311379909515380859e-01
7.378073930740356445e-01
7.440600395202636719e-01
7.473947405815124512e-01
7.624009847640991211e-01
7.582325935363769531e-01
7.690704464912414551e-01
7.615672945976257324e-01
7.678199410438537598e-01
7.724051475524902344e-01
7.686536312103271484e-01
7.774072289466857910e-01
7.840766906738281250e-01
7.903292775154113770e-01
7.936640381813049316e-01
7.886619567871093750e-01
7.869945764541625977e-01
7.944977283477783203e-01
7.986661195755004883e-01
8.020008206367492676e-01
8.015840053558349609e-01
8.199249505996704102e-01
8.070029020309448242e-01
8.065860867500305176e-01
8.115881681442260742e-01
8.174239397048950195e-01
8.186744451522827148e-01
8.257607221603393555e-01
8.240934014320373535e-01
8.245102167129516602e-01
8.270112276077270508e-01
8.320133686065673828e-01
8.332638740539550781e-01
8.416006565093994141e-01
8.445185422897338867e-01
8.528553843498229980e-01
8.420175313949584961e-01
8.424343466758728027e-01
8.578574657440185547e-01
8.461859226226806641e-01
8.549395799636840820e-01
8.478532433509826660e-01
8.661942481994628906e-01
8.636931777000427246e-01
8.757815957069396973e-01
8.628595471382141113e-01
8.778657913208007812e-01
8.782826066017150879e-01
8.753647208213806152e-01
8.699458241462707520e-01
8.895373344421386719e-01
8.741142153739929199e-01
8.899541497230529785e-01
8.974573016166687012e-01
8.978741168975830078e-01
8.995414972305297852e-01
9.057940840721130371e-01
8.978741168975830078e-01
9.091287851333618164e-01
9.120466709136962891e-01
9.120466709136962891e-01
8.966236114501953125e-01
9.266360998153686523e-01
9.195498228073120117e-01
9.270529150962829590e-01
9.324718713760375977e-01
9.324718713760375977e-01
9.403918385505676270e-01
9.428928494453430176e-01
9.474781155586242676e-01
9.374739527702331543e-01
9.445602297782897949e-01
9.553980827331542969e-01
9.524801969528198242e-01
9.537307024002075195e-01
9.420592188835144043e-01
9.503960013389587402e-01
9.637348651885986328e-01
9.445602297782897949e-01
9.695706367492675781e-01
9.658191204071044922e-01
9.528970122337341309e-01
9.662359356880187988e-01
9.620675444602966309e-01
9.695706367492675781e-01
9.733222126960754395e-01
9.658191204071044922e-01
9.770737886428833008e-01
9.687369465827941895e-01
9.712380170822143555e-01
9.599833488464355469e-01
9.783242940902709961e-01
9.712380170822143555e-01
9.758232831954956055e-01
9.720717072486877441e-01
9.820758700370788574e-01
9.720717072486877441e-01
9.720717072486877441e-01
9.724885225296020508e-01
9.833263754844665527e-01
9.779074788093566895e-01
9.758232831954956055e-01
9.716548323631286621e-01
9.895789623260498047e-01
9.866611361503601074e-01
9.766569137573242188e-01
9.704043269157409668e-01
9.866611361503601074e-01
9.824926853179931641e-01
9.608169794082641602e-01
9.920800328254699707e-01
9.887453317642211914e-01
9.783242940902709961e-01
9.674864411354064941e-01
9.849937558174133301e-01
9.812421798706054688e-01
9.749895930290222168e-01
9.912463426589965820e-01
9.974989295005798340e-01
9.987494945526123047e-01
9.624843597412109375e-01
9.849937558174133301e-01
9.820758700370788574e-01
9.924968481063842773e-01
9.754064083099365234e-01
9.741559028625488281e-01
9.858274459838867188e-01
9.974989295005798340e-01
9.837432503700256348e-01
9.783242940902709961e-01
9.820758700370788574e-01
9.824926853179931641e-01
9.883284568786621094e-01
9.854105710983276367e-01
