8.738967652629556770e-01
3.137258483044300661e-01
2.442525398043745022e-01
2.160056765062423334e-01
2.167317824839107843e-01
1.739487874240548126e-01
1.513603286706037554e-01
1.430934558409454604e-01
1.318600551484667427e-01
1.341251452857487314e-01
1.285380820774982558e-01
1.142268790643349019e-01
1.030259224104906057e-01
1.072601576221638570e-01
9.689559313179725575e-02
8.578545381966240502e-02
9.203868703772739857e-02
1.015465629368155487e-01
8.652905062194864161e-02
8.444732651971013915e-02
7.088478025901308321e-02
7.736660115746588073e-02
7.797372376429013985e-02
8.086046741800041737e-02
7.322440659925706641e-02
7.410392538387057526e-02
7.329390745117131400e-02
6.676534361775039728e-02
7.367727604483687021e-02
6.297756647357637128e-02
6.201580859372470000e-02
5.909301274021840772e-02
5.839769557284109347e-02
5.689413064765707490e-02
5.732267954935454241e-02
5.615581289682181759e-02
5.328787297805187562e-02
5.451725048714770733e-02
5.174370020708013440e-02
5.906242297992497781e-02
5.301563168254172509e-02
5.175649685535230193e-02
5.231551240081416115e-02
4.841592730220604934e-02
4.755616589132352634e-02
4.340022832823617338e-02
5.200347751659849249e-02
4.422248938221651215e-02
4.561604051448789332e-02
4.711035644337872169e-02
4.866474154733523017e-02
4.145024873623803785e-02
3.897423978864759248e-02
4.008794214690221402e-02
4.370640736779558139e-02
3.682201922226302493e-02
3.476763337575351082e-02
3.226034958944106606e-02
3.401418466470599450e-02
3.453797564367545175e-02
3.755584597858592499e-02
2.765314699952057739e-02
3.452688846898627206e-02
2.440019629718760338e-02
3.413761063112746852e-02
3.393734380563519226e-02
3.095375241569913588e-02
2.416790063060115373e-02
2.761352131188146014e-02
2.571177117419813640e-02
3.311706135102820969e-02
2.117989361609124918e-02
2.597614565570731740e-02
2.140378296203964553e-02
2.018086008272595988e-02
2.111091120667050666e-02
1.980474423245016935e-02
2.489855675292866610e-02
2.155882326227497384e-02
1.599795516907517173e-02
2.357274202501441485e-02
2.318683732713474818e-02
1.913744799555460244e-02
1.629718025669573550e-02
1.654057602697889956e-02
1.345558039107894524e-02
1.449778009665223487e-02
2.300041505678662376e-02
1.660735513720081394e-02
1.561571516581385273e-02
1.493721825140537085e-02
1.639883404152163784e-02
1.473369453421099172e-02
1.390910225466126908e-02
1.400483344080220849e-02
1.523815169821634077e-02
1.013601964018056613e-02
1.567503513253683256e-02
1.941095502303595219e-02
1.174119685039688027e-02
1.119486286962749488e-02
1.050228754476574891e-02
7.569556662906207212e-03
7.468602645217591561e-03
7.020793289024785874e-03
1.459445731048786450e-02
1.019991889820303158e-02
1.294371962102879199e-02
1.252828721551008974e-02
1.780425743012075887e-02
9.244692115245834244e-03
9.932309393046085538e-03
4.674356872857577186e-03
1.129532446082550864e-02
1.729265616576917963e-02
8.020579726272007715e-03
1.052795486265629792e-02
6.543299349346449155e-03
6.167776118546213458e-03
9.660165073824684284e-03
8.490108590888310186e-03
7.050965285006611377e-03
5.489879862826263154e-03
8.012911440334903254e-03
1.960204851554192204e-02
7.551801203277216587e-03
7.725026061224108537e-03
9.398131153489756168e-03
1.545189458075061327e-02
1.165382972122631575e-02
1.013903095345850165e-02
7.056895788296315905e-03
5.266402346860299052e-03
5.275530024521864203e-03
1.119362894560449462e-02
4.812341832014869689e-03
5.270704996476881232e-03
2.054153870876500657e-02
5.196047945564512618e-03
7.745960828136614490e-03
5.193225758310296598e-03
5.583062340620213206e-03
3.872253922966743811e-03
3.235798559558451023e-03
8.532021143391188556e-03
1.717533456920577670e-02
8.124373797881931369e-03
5.473214961466218824e-03
2.673434818836116673e-03
2.095529624084386221e-03
