1.680672317743301392e-01
3.445378243923187256e-01
4.537815153598785400e-01
5.042017102241516113e-01
5.462185144424438477e-01
5.378151535987854004e-01
5.546218752861022949e-01
5.546218752861022949e-01
6.218487620353698730e-01
5.630252361297607422e-01
6.302521228790283203e-01
6.470588445663452148e-01
6.470588445663452148e-01
6.554622054100036621e-01
7.142857313156127930e-01
6.722689270973205566e-01
6.470588445663452148e-01
7.058823704719543457e-01
7.647058963775634766e-01
7.478991746902465820e-01
7.142857313156127930e-01
6.974790096282958984e-01
7.478991746902465820e-01
7.563025355339050293e-01
7.815126180648803711e-01
8.067227005958557129e-01
7.478991746902465820e-01
7.899159789085388184e-01
7.731092572212219238e-01
7.815126180648803711e-01
7.563025355339050293e-01
7.563025355339050293e-01
7.983193397521972656e-01
7.815126180648803711e-01
8.235294222831726074e-01
8.823529481887817383e-01
7.899159789085388184e-01
7.815126180648803711e-01
7.815126180648803711e-01
8.235294222831726074e-01
7.983193397521972656e-01
8.319327831268310547e-01
8.151260614395141602e-01
8.823529481887817383e-01
8.907563090324401855e-01
8.487395048141479492e-01
8.823529481887817383e-01
8.235294222831726074e-01
8.571428656578063965e-01
8.739495873451232910e-01
8.907563090324401855e-01
7.899159789085388184e-01
8.823529481887817383e-01
9.159663915634155273e-01
9.327731132507324219e-01
8.403361439704895020e-01
9.327731132507324219e-01
8.487395048141479492e-01
8.571428656578063965e-01
9.075630307197570801e-01
9.075630307197570801e-01
9.075630307197570801e-01
9.327731132507324219e-01
8.655462265014648438e-01
8.655462265014648438e-01
9.579831957817077637e-01
9.411764740943908691e-01
9.075630307197570801e-01
9.243697524070739746e-01
8.823529481887817383e-01
9.159663915634155273e-01
8.991596698760986328e-01
9.411764740943908691e-01
9.327731132507324219e-01
9.747899174690246582e-01
8.823529481887817383e-01
9.075630307197570801e-01
9.159663915634155273e-01
9.327731132507324219e-01
8.655462265014648438e-01
9.411764740943908691e-01
9.327731132507324219e-01
9.495798349380493164e-01
9.579831957817077637e-01
9.747899174690246582e-01
9.327731132507324219e-01
9.495798349380493164e-01
9.495798349380493164e-01
8.487395048141479492e-01
9.495798349380493164e-01
9.075630307197570801e-01
8.907563090324401855e-01
9.075630307197570801e-01
9.411764740943908691e-01
9.579831957817077637e-01
9.831932783126831055e-01
9.747899174690246582e-01
9.327731132507324219e-01
9.495798349380493164e-01
9.831932783126831055e-01
9.747899174690246582e-01
9.747899174690246582e-01
9.831932783126831055e-01
9.327731132507324219e-01
9.411764740943908691e-01
9.159663915634155273e-01
9.411764740943908691e-01
9.495798349380493164e-01
9.579831957817077637e-01
9.663865566253662109e-01
9.915966391563415527e-01
8.991596698760986328e-01
9.579831957817077637e-01
9.663865566253662109e-01
9.495798349380493164e-01
9.831932783126831055e-01
1.000000000000000000e+00
9.411764740943908691e-01
9.075630307197570801e-01
8.907563090324401855e-01
9.327731132507324219e-01
9.495798349380493164e-01
9.579831957817077637e-01
1.000000000000000000e+00
1.000000000000000000e+00
1.000000000000000000e+00
1.000000000000000000e+00
1.000000000000000000e+00
9.915966391563415527e-01
9.495798349380493164e-01
8.067227005958557129e-01
9.411764740943908691e-01
9.495798349380493164e-01
9.495798349380493164e-01
9.663865566253662109e-01
9.747899174690246582e-01
9.663865566253662109e-01
9.663865566253662109e-01
9.663865566253662109e-01
9.579831957817077637e-01
9.747899174690246582e-01
7.899159789085388184e-01
9.243697524070739746e-01
9.327731132507324219e-01
9.411764740943908691e-01
9.747899174690246582e-01
9.579831957817077637e-01
9.663865566253662109e-01
9.831932783126831055e-01
9.831932783126831055e-01
