1.782945692539215088e-01
4.361290335655212402e-01
5.698113441467285156e-01
6.233292818069458008e-01
6.430317759513854980e-01
6.895306706428527832e-01
7.202880978584289551e-01
7.455410361289978027e-01
7.565947175025939941e-01
7.804014086723327637e-01
7.723480463027954102e-01
8.026159405708312988e-01
7.983871102333068848e-01
8.323631882667541504e-01
8.172531127929687500e-01
8.360277414321899414e-01
8.409894108772277832e-01
8.246013522148132324e-01
8.546511530876159668e-01
8.651428818702697754e-01
8.694158196449279785e-01
8.792496919631958008e-01
8.674286007881164551e-01
8.916761875152587891e-01
8.775981664657592773e-01
8.972602486610412598e-01
9.019384384155273438e-01
8.948597908020019531e-01
8.799999952316284180e-01
9.117305278778076172e-01
8.845714330673217773e-01
9.167616963386535645e-01
8.964732885360717773e-01
9.215016961097717285e-01
9.217491149902343750e-01
9.041570425033569336e-01
9.272727370262145996e-01
9.149659872055053711e-01
9.227272868156433105e-01
9.363636374473571777e-01
9.311926364898681641e-01
9.221218824386596680e-01
9.200450181961059570e-01
9.384965896606445312e-01
9.405162930488586426e-01
9.226457476615905762e-01
9.394285678863525391e-01
9.441340565681457520e-01
9.476677775382995605e-01
9.391206502914428711e-01
9.319196343421936035e-01
9.370078444480895996e-01
9.384787678718566895e-01
9.426321983337402344e-01
9.496080875396728516e-01
9.419642686843872070e-01
9.566184878349304199e-01
9.477196931838989258e-01
9.548954963684082031e-01
9.597315192222595215e-01
9.557031989097595215e-01
9.488320350646972656e-01
9.547461271286010742e-01
9.622641801834106445e-01
9.452953934669494629e-01
9.419496059417724609e-01
9.703296422958374023e-01
9.700665473937988281e-01
9.591160416603088379e-01
9.617067575454711914e-01
9.679558277130126953e-01
9.736841917037963867e-01
9.735973477363586426e-01
9.623477458953857422e-01
9.619978070259094238e-01
9.564744234085083008e-01
9.713340401649475098e-01
9.793028235435485840e-01
9.683406352996826172e-01
9.792576432228088379e-01
9.781659245491027832e-01
9.697950482368469238e-01
9.770491719245910645e-01
9.750000238418579102e-01
9.815217256546020508e-01
9.771241545677185059e-01
9.673913121223449707e-01
9.802631735801696777e-01
9.769483804702758789e-01
9.770491719245910645e-01
9.653679728507995605e-01
9.859154820442199707e-01
9.891657829284667969e-01
9.752421975135803223e-01
9.761388301849365234e-01
9.869706630706787109e-01
9.848648905754089355e-01
9.588298797607421875e-01
9.815016388893127441e-01
9.859459400177001953e-01
9.783549904823303223e-01
9.870410561561584473e-01
9.924650192260742188e-01
9.956803321838378906e-01
9.957127571105957031e-01
9.794594645500183105e-01
9.578833580017089844e-01
9.837837815284729004e-01
9.759825468063354492e-01
9.783783555030822754e-01
9.869989156723022461e-01
9.849300384521484375e-01
9.827957153320312500e-01
9.826839566230773926e-01
9.860365390777587891e-01
9.860365390777587891e-01
9.816810488700866699e-01
9.946294426918029785e-01
9.978517889976501465e-01
9.697624444961547852e-01
9.752421975135803223e-01
9.870410561561584473e-01
9.870410561561584473e-01
9.892008900642395020e-01
9.902912378311157227e-01
9.860215187072753906e-01
9.902702569961547852e-01
9.957173466682434082e-01
9.978517889976501465e-01
9.816216230392456055e-01
9.481641650199890137e-01
9.806034564971923828e-01
9.924650192260742188e-01
9.956989288330078125e-01
1.000000000000000000e+00
1.000000000000000000e+00
1.000000000000000000e+00
1.000000000000000000e+00
1.000000000000000000e+00
1.000000000000000000e+00
1.000000000000000000e+00
1.000000000000000000e+00
1.000000000000000000e+00
1.000000000000000000e+00
1.000000000000000000e+00
1.000000000000000000e+00
9.490238428115844727e-01
9.534631967544555664e-01
9.741379022598266602e-01
9.860365390777587891e-01
