7.692228935485013741e-01
3.351351609130037157e-01
2.758009444137045074e-01
2.535494877805342662e-01
2.329188575334170674e-01
2.098840144518519801e-01
2.111372969031835856e-01
2.072757129306414259e-01
1.906270445947962633e-01
1.954382846491556636e-01
1.796214536529026073e-01
1.790292370083801654e-01
1.765829069364323878e-01
1.705638651384325244e-01
1.720805931564719227e-01
1.660417132706845100e-01
1.542983685057708332e-01
1.559101238373494791e-01
1.494123959170423344e-01
1.499583415354138194e-01
1.411998150789026685e-01
1.382124547541427884e-01
1.369881270138682272e-01
1.306196314824940863e-01
1.251446228046553810e-01
1.249822404475886550e-01
1.227590928001566772e-01
1.185054128429730430e-01
1.216251341252790469e-01
1.136747353718827042e-01
1.165973504987737747e-01
1.120732248506100398e-01
1.106688758689246405e-01
1.161364918315160727e-01
1.081612792376570875e-01
1.100593649860170664e-01
1.046566465902254439e-01
1.008104957065830976e-01
9.835723778549325391e-02
1.046682274164434379e-01
1.011394877511029161e-01
1.012850181253504150e-01
9.348102729029282576e-02
1.000570704757145907e-01
9.376304156229586795e-02
9.104735554379718432e-02
9.179414159140876495e-02
8.876761260631994832e-02
8.739685453585398223e-02
8.595576527114222321e-02
8.845333240739676472e-02
8.953727592775785615e-02
8.406649385208483927e-02
7.982964273820149226e-02
8.388573410687760745e-02
7.617329866437869135e-02
7.471205155544591303e-02
7.298130276775886827e-02
7.601352463396331138e-02
7.186879872484733256e-02
7.199510571905340384e-02
7.096442813760564516e-02
7.209134303567776847e-02
6.921092163242510698e-02
7.032951701520692711e-02
6.616600548155611439e-02
6.551214276097303002e-02
6.462338044171866969e-02
6.170649876262648825e-02
6.138175172124865631e-02
5.871990831260996690e-02
5.891852955494619737e-02
5.613405264654584836e-02
5.425455932809111759e-02
5.297191283060172229e-02
5.040324046101681693e-02
5.306978984945581734e-02
4.994729244972251347e-02
4.194455385400421010e-02
4.249371901115552713e-02
4.478118322132963736e-02
4.422165029442448603e-02
3.880030239841439355e-02
4.454351114987854104e-02
3.636441138279802171e-02
3.600658204730140116e-02
3.065142150875018595e-02
3.929827043703408573e-02
3.517114435496381669e-02
3.279362863611671314e-02
2.945291486596191000e-02
3.504657151277393301e-02
2.585146849745871556e-02
2.313498327636630963e-02
2.720116676381641521e-02
3.187031955296067143e-02
2.117928321700557684e-02
2.650369853674643117e-02
2.213561936190979948e-02
1.811883712353011197e-02
3.125726421433305813e-02
1.992977342154016521e-02
2.242532692016637255e-02
2.027209530723763156e-02
1.601011709629794957e-02
2.898734681376933728e-02
9.630742056917055566e-03
1.441489317121332804e-02
3.935827897038678830e-02
1.059527925801010025e-02
1.181238411149479126e-02
1.528157312455461804e-02
2.453658946970885962e-02
1.560678759561993055e-02
1.827505694355798654e-02
1.154657397899942935e-02
2.572636753284263111e-02
9.576671438118345564e-03
1.091225736653846784e-02
8.225019089867705371e-03
2.609811478528440906e-02
1.943736572002209562e-02
6.537859347440075006e-03
6.197978521855737263e-03
1.772047430787298400e-02
2.064033027303855544e-02
1.488134748487088613e-02
1.051427542844499997e-02
1.152312323621950373e-02
9.524447747261955560e-03
2.112711466429460089e-02
1.896718932280107989e-02
1.027725903974809757e-02
9.183805286408231947e-03
6.686288059051446325e-03
1.157358795728708270e-02
2.184532047547109793e-02
7.049304519561513764e-03
5.211648545998734221e-03
1.845137244772724130e-02
9.857584369752998149e-03
1.419921913556255674e-02
9.513163307360216966e-03
9.202463456994595947e-03
2.510409873952302098e-02
9.044377659178318846e-03
8.463420804176259582e-03
4.526010576662803896e-03
1.888116851800134693e-02
1.104198984696515805e-02
