2.487562224268913269e-02
1.526717562228441238e-02
3.030303120613098145e-02
3.370786458253860474e-02
1.176470592617988586e-01
1.081081107258796692e-01
8.333333581686019897e-02
5.952380970120429993e-02
1.707317084074020386e-01
1.707317084074020386e-01
2.328767180442810059e-01
2.763157784938812256e-01
2.289156615734100342e-01
2.976190447807312012e-01
2.666666805744171143e-01
3.214285671710968018e-01
4.358974397182464600e-01
3.673469424247741699e-01
3.829787373542785645e-01
3.814432919025421143e-01
5.402298569679260254e-01
4.310344755649566650e-01
4.666666686534881592e-01
4.761904776096343994e-01
5.196078419685363770e-01
5.128205418586730957e-01
5.238095521926879883e-01
4.351851940155029297e-01
5.238095521926879883e-01
6.034482717514038086e-01
5.916666388511657715e-01
5.470085740089416504e-01
6.240000128746032715e-01
6.492537260055541992e-01
6.618704795837402344e-01
6.940298676490783691e-01
6.714285612106323242e-01
6.906474828720092773e-01
5.937500000000000000e-01
6.760563254356384277e-01
6.858974099159240723e-01
7.152777910232543945e-01
6.993864774703979492e-01
7.516340017318725586e-01
7.843137383460998535e-01
7.278911471366882324e-01
6.946107745170593262e-01
6.726190447807312012e-01
7.716049551963806152e-01
7.484276890754699707e-01
7.668711543083190918e-01
7.440476417541503906e-01
7.906976938247680664e-01
7.679557800292968750e-01
8.079096078872680664e-01
7.861271500587463379e-01
7.670454382896423340e-01
8.192090392112731934e-01
7.956989407539367676e-01
7.875647544860839844e-01
7.845304012298583984e-01
7.955800890922546387e-01
8.000000119209289551e-01
8.489583134651184082e-01
8.121827244758605957e-01
8.297872543334960938e-01
8.534031510353088379e-01
8.149999976158142090e-01
8.219895362854003906e-01
8.542713522911071777e-01
8.186274766921997070e-01
9.132652878761291504e-01
8.495145440101623535e-01
8.571428656578063965e-01
9.059405922889709473e-01
9.121951460838317871e-01
8.550724387168884277e-01
8.523809313774108887e-01
9.166666865348815918e-01
8.942307829856872559e-01
9.223300814628601074e-01
8.611111044883728027e-01
9.201877713203430176e-01
9.027777910232543945e-01
9.014084339141845703e-01
8.727272748947143555e-01
9.146919250488281250e-01
8.785046935081481934e-01
8.918918967247009277e-01
9.537037014961242676e-01
9.170507192611694336e-01
8.995434045791625977e-01
8.940092325210571289e-01
8.995434045791625977e-01
9.436619877815246582e-01
9.499999880790710449e-01
9.675925970077514648e-01
9.504504799842834473e-01
9.181818366050720215e-01
9.181818366050720215e-01
9.594594836235046387e-01
9.541284441947937012e-01
9.551569223403930664e-01
8.923766613006591797e-01
8.425925970077514648e-01
9.553571343421936035e-01
9.864864945411682129e-01
9.559471607208251953e-01
9.247787594795227051e-01
9.099099040031433105e-01
9.427312612533569336e-01
9.360730648040771484e-01
9.333333373069763184e-01
9.189189076423645020e-01
9.638009071350097656e-01
9.506726264953613281e-01
9.687500000000000000e-01
9.646017551422119141e-01
9.181818366050720215e-01
9.638009071350097656e-01
9.561403393745422363e-01
9.411764740943908691e-01
9.189189076423645020e-01
9.269406199455261230e-01
9.819819927215576172e-01
9.553571343421936035e-01
9.686098694801330566e-01
9.151785969734191895e-01
9.733333587646484375e-01
9.778761267662048340e-01
9.017857313156127930e-01
9.642857313156127930e-01
9.644444584846496582e-01
9.549549818038940430e-01
9.684684872627258301e-01
9.687500000000000000e-01
9.009009003639221191e-01
9.690265655517578125e-01
9.776785969734191895e-01
1.000000000000000000e+00
9.868420958518981934e-01
9.511111378669738770e-01
9.636363387107849121e-01
9.429824352264404297e-01
9.601770043373107910e-01
9.687500000000000000e-01
9.414414167404174805e-01
9.515418410301208496e-01
9.955357313156127930e-01
1.000000000000000000e+00
