2.202643081545829773e-02
8.810572326183319092e-03
1.321585942059755325e-02
1.321585942059755325e-02
3.524228930473327637e-02
3.524228930473327637e-02
3.083700500428676605e-02
2.202643081545829773e-02
6.167401000857353210e-02
6.167401000857353210e-02
7.488986849784851074e-02
9.251101315021514893e-02
8.370044082403182983e-02
1.101321578025817871e-01
1.057268753647804260e-01
1.189427301287651062e-01
1.497797369956970215e-01
1.585903018712997437e-01
1.585903018712997437e-01
1.629955917596817017e-01
2.070484608411788940e-01
2.202643156051635742e-01
2.158590257167816162e-01
2.202643156051635742e-01
2.334801703691482544e-01
2.643171846866607666e-01
2.422907501459121704e-01
2.070484608411788940e-01
2.907488942146301270e-01
3.083700537681579590e-01
3.127753436565399170e-01
2.819383144378662109e-01
3.436123430728912354e-01
3.832599222660064697e-01
4.052863419055938721e-01
4.096916317939758301e-01
4.140969216823577881e-01
4.229075014591217041e-01
4.185022115707397461e-01
4.229075014591217041e-01
4.713656306266784668e-01
4.537445008754730225e-01
5.022026300430297852e-01
5.066079497337341309e-01
5.286343693733215332e-01
4.713656306266784668e-01
5.110132098197937012e-01
4.977973699569702148e-01
5.506607890129089355e-01
5.242290496826171875e-01
5.506607890129089355e-01
5.506607890129089355e-01
5.991189479827880859e-01
6.123347878456115723e-01
6.299559473991394043e-01
5.991189479827880859e-01
5.947136282920837402e-01
6.387665271759033203e-01
6.519823670387268066e-01
6.696035265922546387e-01
6.255506873130798340e-01
6.343612074851989746e-01
6.696035265922546387e-01
7.180616855621337891e-01
7.048457860946655273e-01
6.872246861457824707e-01
7.180616855621337891e-01
7.180616855621337891e-01
6.916299462318420410e-01
7.488986849784851074e-01
7.356828451156616211e-01
7.885462641716003418e-01
7.709251046180725098e-01
7.665198445320129395e-01
8.061674237251281738e-01
8.237885236740112305e-01
7.797356843948364258e-01
7.885462641716003418e-01
8.237885236740112305e-01
8.193832635879516602e-01
8.370044231414794922e-01
8.193832635879516602e-01
8.634361028671264648e-01
8.590308427810668945e-01
8.458150029182434082e-01
8.458150029182434082e-01
8.502202630043029785e-01
8.281938433647155762e-01
8.722466826438903809e-01
9.074890017509460449e-01
8.766520023345947266e-01
8.678414225578308105e-01
8.546255230903625488e-01
8.678414225578308105e-01
8.854625821113586426e-01
9.207048416137695312e-01
9.207048416137695312e-01
9.295154213905334473e-01
8.898678421974182129e-01
8.898678421974182129e-01
9.383260011672973633e-01
9.162995815277099609e-01
9.383260011672973633e-01
8.766520023345947266e-01
8.017621040344238281e-01
9.427312612533569336e-01
9.647576808929443359e-01
9.559471607208251953e-01
9.207048416137695312e-01
8.898678421974182129e-01
9.427312612533569336e-01
9.030836820602416992e-01
9.251101613044738770e-01
8.986784219741821289e-01
9.383260011672973633e-01
9.339206814765930176e-01
9.559471607208251953e-01
9.603524208068847656e-01
8.898678421974182129e-01
9.383260011672973633e-01
9.603524208068847656e-01
9.162995815277099609e-01
8.986784219741821289e-01
8.942731022834777832e-01
9.603524208068847656e-01
9.427312612533569336e-01
9.515418410301208496e-01
9.030836820602416992e-01
9.647576808929443359e-01
9.735682606697082520e-01
8.898678421974182129e-01
9.515418410301208496e-01
9.559471607208251953e-01
9.339206814765930176e-01
9.471365809440612793e-01
9.559471607208251953e-01
8.810572624206542969e-01
9.647576808929443359e-01
9.647576808929443359e-01
9.911894202232360840e-01
9.911894202232360840e-01
9.427312612533569336e-01
9.339206814765930176e-01
9.471365809440612793e-01
9.559471607208251953e-01
9.559471607208251953e-01
9.207048416137695312e-01
9.515418410301208496e-01
9.823788404464721680e-01
9.955947399139404297e-01
