9.898999317918132090e-02
6.286934781380211501e-02
5.693851369840963877e-02
4.570489388812053883e-02
4.230967450207020336e-02
4.403253377530304269e-02
3.537058362736217321e-02
3.568230393416142038e-02
3.663919275257036118e-02
3.380335172397363336e-02
3.235752048991528268e-02
3.116980137612111734e-02
3.248040062106702375e-02
2.727733767923285965e-02
2.789655448533940457e-02
3.019558927625898975e-02
2.534028946352533465e-02
2.752369481950281069e-02
2.664789482709870386e-02
2.234476902052163691e-02
2.648494402559802702e-02
2.305030486027314848e-02
2.156848269516540087e-02
1.999362322855855953e-02
2.207621071047033770e-02
2.010955902117924493e-02
2.204697724259425951e-02
2.244368777340256457e-02
2.313326461674528045e-02
1.700847164977324633e-02
1.976564641834863481e-02
1.936784438526528707e-02
1.693067677659472470e-02
1.738717295830869217e-02
1.755399372224411211e-02
1.658577518492623110e-02
1.610756038657691278e-02
1.848636226301252072e-02
1.599860856987857238e-02
1.435339949180192663e-02
1.717472768234661051e-02
1.564544391567957229e-02
1.480383943976677427e-02
1.349408657477134225e-02
1.431041364964549291e-02
1.409341694582945219e-02
1.263626271992670906e-02
1.223942098365423184e-02
1.264853857251952741e-02
1.058433919015252384e-02
1.585367569987635589e-02
1.168061257290494738e-02
1.115740919049243267e-02
1.137964987019874676e-02
1.269017964375551179e-02
1.263619862764797132e-02
1.019317368496975088e-02
9.738536897824525557e-03
1.097028387456395679e-02
8.679568287390677581e-03
1.126277606905677804e-02
8.655123414826213987e-03
1.029463262461842096e-02
6.788218159706919941e-03
7.311330529094357301e-03
6.609609771931764834e-03
9.511517203046765748e-03
6.464571941255272194e-03
7.882133259842730166e-03
6.808291575912711786e-03
9.252687473513552044e-03
8.632532884226580897e-03
7.548868787362026517e-03
5.301894511568683820e-03
4.841591140296927845e-03
5.721863423835533285e-03
5.669766360510656612e-03
5.936801220877931627e-03
5.461981033130283540e-03
5.135151758911766021e-03
6.582747527684604250e-03
6.363353819405996592e-03
6.910339763171353088e-03
7.760676071505442399e-03
4.030284981980823342e-03
5.622085271810455843e-03
4.961355853675921378e-03
4.295333120763543400e-03
6.117298834292126883e-03
8.860698651638337225e-03
3.847682117794793289e-03
5.142385383049804734e-03
3.995207865471369670e-03
6.235522175770785366e-03
4.618412465674473499e-03
3.742349741186988370e-03
3.531685289986221787e-03
2.981849161498349374e-03
3.829194729414012437e-03
4.162196166039404399e-03
3.501543272971257333e-03
3.717631374509793724e-03
3.371120401153335396e-03
4.486065819683393227e-03
3.786256093757098002e-03
3.965624005132257525e-03
4.199136570900057278e-03
7.433324807587758654e-03
4.422116472050988817e-03
2.475634098278836886e-03
2.956128967608377678e-03
3.906811789033447571e-03
4.637669231077159657e-03
2.594237675522803599e-03
4.982413899159790667e-03
2.147147244862737149e-03
1.928781718909901733e-03
2.047229805741782559e-03
1.194334148156511169e-03
4.880186140854863262e-03
2.325450620898051463e-03
1.391088250073593520e-03
2.349565093985490905e-03
2.074488445539040757e-03
1.766346939596771283e-03
4.204510110220333573e-03
1.201110192820579320e-02
4.140937029356145035e-03
3.271823477101617420e-03
1.565126038267281505e-03
2.557486943836296753e-03
1.968947880615255167e-03
2.468524511408676844e-03
2.047863663768325487e-03
1.918661920175388251e-03
5.179902522467679481e-03
2.300372740327748071e-03
1.688074037913164490e-03
1.128399547590633193e-03
1.194468791033182712e-03
2.640827207357835001e-03
1.869438086251348904e-03
3.994529799585894159e-03
1.077607026264731016e-03
2.806951494916239305e-03
5.493917265903821602e-03
2.169675044104938701e-03
2.279751662758172127e-03
2.051907131961887981e-03
2.927230729610618733e-03
