3.187503249140331563e-01
1.562727724461283330e-01
1.312933918619334783e-01
1.147156796625842107e-01
1.046065514437188038e-01
9.704818044810425981e-02
9.027217844971925642e-02
8.966049208956777816e-02
8.478589857782822814e-02
8.461352366146049353e-02
8.613090908852612249e-02
7.826171402344848926e-02
7.879717576560332781e-02
7.657722760552342078e-02
8.167957983924281629e-02
6.936337878350115616e-02
6.993542258158073899e-02
6.414888802795699896e-02
6.319336379976492335e-02
6.534201073916123814e-02
6.279085491334326918e-02
6.449613092840673911e-02
5.754377219038453450e-02
6.044623124618880849e-02
5.647197529906809038e-02
5.332207826213529456e-02
5.302502272186800786e-02
5.038527981852927023e-02
5.346527174744247768e-02
5.018557539280861512e-02
5.301612219500775186e-02
4.870112893394495240e-02
4.369484850465338993e-02
4.824371193433310556e-02
4.696316702655289888e-02
4.557278891068875654e-02
4.344373483752314580e-02
4.300200576793600932e-02
4.099488325093265245e-02
4.516396684326452055e-02
4.338743542026036321e-02
4.129635402452225962e-02
4.029050481483205381e-02
3.936528634440544100e-02
3.800297196488574419e-02
4.182810606513344409e-02
3.804575792063002310e-02
3.772301265654832980e-02
3.624614952366741333e-02
3.858068925259806187e-02
3.558437564423581889e-02
3.528405758299108658e-02
3.587672142459540775e-02
3.240961312257360089e-02
3.409691419195686607e-02
3.241120832131403479e-02
3.083762766343918493e-02
3.125202379205112291e-02
3.549729408899084809e-02
3.321024186880274648e-02
3.190708752892472411e-02
3.106745677969664429e-02
3.346986507735081467e-02
2.968501675449811486e-02
3.283992229116079048e-02
2.976323206149016423e-02
2.790415886312149971e-02
2.871445954407654544e-02
2.741052462550939983e-02
2.666848031017171952e-02
2.684789625889351383e-02
2.728122476940171917e-02
2.695367780841942049e-02
2.875105423782629149e-02
2.585568260937665813e-02
2.390466396921177641e-02
2.563250400222317690e-02
2.436543530194337087e-02
2.511028022878874361e-02
2.166012116895110057e-02
2.358849417736545717e-02
2.466953311645749686e-02
2.119295174479083471e-02
2.066326674541665159e-02
2.070023724655241024e-02
2.059745345540143005e-02
2.257307820747602584e-02
1.901463074044488707e-02
2.153833157558612127e-02
2.159970599922719781e-02
1.787054243681534052e-02
1.664981936055254241e-02
2.106841329156113399e-02
1.878075459226616339e-02
1.765159756863779114e-02
1.642490334068293090e-02
1.678920890871980418e-02
1.965971534479175192e-02
1.750476905824113402e-02
1.619835939146227130e-02
1.503391846739118506e-02
1.261218241504437863e-02
1.361474845381272988e-02
1.161056993903421784e-02
1.669593228019338252e-02
1.600813032513496298e-02
1.065275798941191926e-02
1.164669188235939283e-02
1.359976419627840181e-02
1.326456118902803218e-02
1.191847700860316529e-02
1.277612186193718968e-02
1.331794814204751397e-02
8.920890130581676444e-03
1.093617875141354202e-02
1.079820613826753921e-02
1.177368272069799493e-02
8.807064544569585471e-03
1.481272714170955331e-02
1.091023374623365655e-02
1.445477422529502579e-02
7.926750002313100868e-03
9.622793148034873567e-03
8.849356304680160504e-03
9.417363392573091865e-03
7.563483014960585907e-03
6.476692593758473851e-03
9.034471444616878552e-03
9.247107675343377645e-03
4.711634184424150565e-03
5.952420365705956770e-03
1.177756127878888844e-02
9.263530439530777080e-03
8.057958181141685466e-03
9.328900636099979327e-03
1.164958780775647400e-02
7.876899820600153507e-03
2.809795613161472898e-03
2.659450641342120739e-03
6.754878848248138147e-03
1.432397249136122853e-02
1.269399207478077996e-02
4.519444680016277728e-03
2.951930853974457734e-03
2.986107051046222802e-03
6.220240943454032057e-03
1.111008555837461956e-02
5.181748955810605052e-03
7.694681354162458131e-03
5.055068969643652932e-03
