2.377183017962340716e-02
1.538123886878130404e-02
8.972656641285851539e-03
7.946155875203130339e-03
3.796023673490294716e-03
8.300880426220446154e-03
5.658122980268492051e-03
4.836846921810475722e-03
3.365778585727350128e-03
3.452770303205888753e-03
5.349623224746986178e-03
3.112886124416575171e-03
2.836480194991576869e-03
7.102918447580906097e-03
5.325916163714808187e-03
1.265104152932071705e-03
1.660135263207599679e-03
2.294950915364748871e-03
1.090735246176879718e-02
6.790536059745877311e-03
1.866353380768246643e-03
2.767182907128486018e-03
8.141142208390629922e-03
4.563122664341287028e-03
4.001945638845473725e-03
1.013869981827791953e-03
1.080853976914334909e-03
8.725511025308220828e-03
5.411276557250128440e-03
3.467514882415564763e-03
1.966368943034712408e-03
9.403937933455118773e-04
9.021742482059573595e-04
8.922615936652621193e-04
8.976136401136479729e-04
8.700801998129069608e-04
1.937966374356273752e-02
6.803583489530716510e-03
9.654497561006815821e-04
1.233197383388836632e-03
3.353943092698463344e-03
3.740743677895689168e-03
6.133515348158090873e-03
4.739545212008061670e-03
4.316657429023689624e-03
4.020923102881012769e-03
1.875659550647470987e-03
9.369171049506371581e-04
2.427718572274256779e-03
2.864757268097142037e-03
