7.876105904579162598e-01
8.597285151481628418e-01
8.894008994102478027e-01
8.847926259040832520e-01
9.115044474601745605e-01
9.422222375869750977e-01
9.173913002014160156e-01
9.301310181617736816e-01
9.288889169692993164e-01
9.461883306503295898e-01
9.867256879806518555e-01
8.951964974403381348e-01
9.559471607208251953e-01
9.570815563201904297e-01
9.487179517745971680e-01
9.519650936126708984e-01
8.706896305084228516e-01
9.145299196243286133e-01
9.694322943687438965e-01
9.615384340286254883e-01
9.659574627876281738e-01
9.784482717514038086e-01
9.240506291389465332e-01
9.444444179534912109e-01
9.696969985961914062e-01
9.703390002250671387e-01
9.613733887672424316e-01
9.075630307197570801e-01
9.579831957817077637e-01
9.656652212142944336e-01
9.915254116058349609e-01
1.000000000000000000e+00
9.830508232116699219e-01
8.448275923728942871e-01
9.705882072448730469e-01
9.830508232116699219e-01
9.788135886192321777e-01
9.442059993743896484e-01
9.696969985961914062e-01
9.699570536613464355e-01
9.613733887672424316e-01
9.572649598121643066e-01
9.361702203750610352e-01
9.617021083831787109e-01
9.915254116058349609e-01
1.000000000000000000e+00
1.000000000000000000e+00
1.000000000000000000e+00
1.000000000000000000e+00
1.000000000000000000e+00
