19
[0.02027809584294172, 1.0, 0.84782606]

21
[0.06449681199703584, 0.84782606, 0.84782606]

23
[0.05601982994635096, 0.975, 0.84782606]

25
[0.01771010533112156, 0.97619045, 0.8913044]

27
[0.036038361515795043, 0.9777778, 0.95652175]

29
[0.030195898754412635, 0.9777778, 0.95652175]

31
[0.032775396534570435, 0.9302326, 0.8695652]

33
[0.018754770195878605, 0.95454544, 0.9130435]

vote:
accuracy= 0.9926470588235294
precision= 0.8333333333333334
recall= 0.9782608695652174
f1= 0.9

probability:
accuracy= 0.9977941176470588
precision= 1.0
recall= 0.9347826086956522
f1= 0.9662921348314606

