19
[0.06798858910196406, 0.90697676, 0.84782606]

21
[0.05084299481994308, 0.94871795, 0.8043478]

23
[0.05281761718557819, 0.975, 0.84782606]

25
[0.04434152999481953, 1.0, 0.73913044]

27
[0.06385002135545673, 1.0, 0.8695652]

29
[0.023502807447905925, 0.95555556, 0.9347826]

31
[0.026049814960809752, 0.9756098, 0.8695652]

33
[0.08303455918862977, 1.0, 0.9130435]

vote:
accuracy= 0.9919117647058824
precision= 0.8571428571428571
recall= 0.9130434782608695
f1= 0.8842105263157894

probability:
accuracy= 0.9948529411764706
precision= 0.975609756097561
recall= 0.8695652173913043
f1= 0.9195402298850575

