3.762562706294395598e-01
1.402599049828606725e-01
1.102880456608022197e-01
9.696363842104721575e-02
9.602562571628694976e-02
8.306630303808081039e-02
7.612128854402948341e-02
7.452043055427784446e-02
6.800763067563928010e-02
6.544328568400981094e-02
6.335907285976852266e-02
5.973102291793852547e-02
5.447270619925702329e-02
6.121030497117643798e-02
4.806122992530591914e-02
5.229673716430505159e-02
5.100656282920203177e-02
4.708854326285415864e-02
4.344935622714511669e-02
3.839256965943482064e-02
4.250828691377186996e-02
3.680406886096020819e-02
3.772356231572294993e-02
3.196543027133279952e-02
4.030996898933957018e-02
3.428003968986446937e-02
2.726221350810367414e-02
3.121211926891466135e-02
3.440326038814291859e-02
2.908471501911345791e-02
2.810225053780408822e-02
2.683675269418369508e-02
2.883272032467367602e-02
2.642188477491972873e-02
2.130204942171034718e-02
2.474151465001718508e-02
2.780602797174398441e-02
2.194628717445488292e-02
2.479052243499288433e-02
2.569376676554423547e-02
1.965009929412040932e-02
1.471389814770484444e-02
2.006015116067953394e-02
2.405956440676531097e-02
1.804252637568962148e-02
2.214450295186224868e-02
1.524842504414816897e-02
1.280324689774541350e-02
1.544089823109886551e-02
1.595577384829261966e-02
1.702036912144613487e-02
1.447932438691537822e-02
1.770885283385287626e-02
1.150167350601822604e-02
1.116269079057898884e-02
1.073374597849835813e-02
8.877234196337912414e-03
1.858775735701659673e-02
1.047514240028392905e-02
9.738496948056620320e-03
8.798588248443690515e-03
1.431765178292672760e-02
8.255201946491663029e-03
1.066552943115000804e-02
8.044535996088411633e-03
1.782907091231681132e-02
1.539802776609258683e-02
9.666148426222967785e-03
1.006297833698226174e-02
6.375227166445636591e-03
9.448547071106703707e-03
4.615446379226729491e-03
1.031001864688302350e-02
8.648452589760857387e-03
8.010912047967758479e-03
8.731355645556264367e-03
9.047939858510255576e-03
1.041978825240598427e-02
3.589254977903274905e-03
6.154857373314536091e-03
9.270780746467059338e-03
8.417561067569329092e-03
4.794578226239975399e-03
6.035746244838992650e-03
5.439514174610116624e-03
3.930182709579758613e-03
3.756074512331283172e-03
8.939193495587437199e-03
1.205963921855288112e-02
5.158637950217750609e-03
6.232133427633394784e-03
1.043106070300096021e-02
6.478152999709153176e-03
8.222842138125189410e-03
2.674327986527375630e-03
8.022957874716987042e-03
2.712124611279147311e-03
1.048638955490088787e-02
4.465486809657418649e-03
2.230000978300444338e-03
6.052311743848740738e-03
2.226982050076882057e-03
3.775930550465848509e-03
3.483051626114009192e-03
6.445009149321083083e-03
3.480730149421368529e-03
3.966706446771728518e-03
1.605664579997635776e-03
1.616458391427866986e-03
5.357871086974840685e-03
9.591839339098642836e-03
3.587568533826152734e-03
1.088960422108407877e-02
5.258818428022736351e-03
1.885930934095465762e-03
2.364377409424301291e-03
1.272143922540541457e-03
9.109672544396584101e-04
2.720745597533486774e-03
4.019801606829670644e-03
4.328272683035988208e-03
2.433871237862904064e-03
3.165352484400399315e-03
3.978440280053303219e-03
3.945913165627653631e-03
7.251872794525460533e-03
4.526810774674001198e-03
1.158360905685279800e-03
3.360754953249309434e-03
2.564718454142734388e-03
2.134000425083290662e-03
2.814167905840172634e-03
3.652887985231650231e-03
9.289070309214697216e-03
5.307808487842829298e-03
2.173836775158646643e-03
7.002274122244728618e-04
1.079463425696714331e-03
9.903706359365134840e-04
5.753534660175477038e-04
5.251525082659301872e-04
5.511366953545343995e-04
4.972903453096695885e-04
4.874003223622144255e-04
4.812661469795172578e-04
3.871203351868331057e-03
3.285046402607703919e-03
5.168569549168723111e-03
1.340527876082801308e-02
3.544340809329635418e-03
